31	35	234.856
4	5	163.433
7	35	159.968
3	21	135.781
6	7	135.529
7	31	135.069
13	33	130.129
30	31	127.423
34	35	126.506
31	34	117.428
30	35	117.428
20	21	115.805
15	25	112.457
29	33	111.939
32	33	110.469
1	13	110.17
25	33	110.128
2	3	109.733
5	29	106.648
5	25	106.13
5	7	105.996
13	37	105.889
5	33	102.718
8	9	100.897
3	9	100.663
5	15	99.0015
28	29	97.7722
17	37	97.558
7	19	96.6654
7	29	96.4491
3	33	96.2213
24	25	95.4646
23	33	93.863
19	35	93.2199
23	25	93.1143
22	23	91.886
15	37	91.4908
3	25	89.454
5	19	89.1854
12	13	88.7043
1	27	88.3489
15	33	86.9526
25	29	86.7687
11	19	86.7151
3	15	86.5894
19	31	82.2918
5	13	81.5748
1	37	81.563
13	17	81.5106
5	35	81.0154
36	37	80.0674
7	34	79.9838
6	35	79.9838
29	35	79.4152
3	27	78.8898
26	27	78.8282
19	25	78.6823
1	33	77.9865
13	25	77.8238
9	29	77.5881
27	33	77.4506
14	15	77.1917
18	19	76.6493
13	27	76.0027
9	27	75.4707
11	35	74.3436
13	15	74.042
21	33	73.9336
5	21	72.9349
5	9	72.7103
3	23	72.2904
25	37	71.9818
29	31	71.5736
11	31	71.3846
5	37	70.914
5	31	70.8873
3	29	70.6005
0	1	70.5131
33	37	70.1871
15	27	69.859
17	23	68.7256
13	29	68.1942
7	15	68.1123
3	20	67.8906
2	21	67.8906
6	31	67.5344
7	30	67.5344
33	35	66.9076
11	25	66.2581
13	32	65.0646
12	33	65.0646
27	37	63.9683
16	17	63.5071
9	35	62.7954
15	29	62.7745
21	31	-62.6986
3	5	61.9411
1	15	61.6828
30	34	58.714
5	17	58.4373
1	17	58.0978
13	35	57.6624
25	27	57.0325
31	33	56.4532
7	11	56.3947
14	25	56.2285
15	24	56.2285
7	23	-56.1456
15	19	55.9842
28	33	55.9695
29	32	55.9695
23	29	55.81
11	15	55.2478
17	33	55.1229
1	12	55.0848
0	13	55.0848
25	32	55.064
24	33	55.064
9	25	54.7088
13	31	54.6906
25	35	53.9053
9	15	53.426
4	29	53.3238
5	28	53.3238
5	24	53.0648
4	25	53.0648
4	7	52.998
5	6	52.998
13	36	52.9444
12	37	52.9444
13	23	52.6533
7	13	52.4974
1	11	52.0188
10	11	51.6209
4	33	51.3589
5	32	51.3589
7	25	51.3079
3	8	50.3313
2	9	50.3313
5	14	49.5008
4	15	49.5008
17	27	49.1072
17	36	48.779
16	37	48.779
29	37	48.7676
27	29	48.4618
7	27	48.4247
6	19	48.3327
7	18	48.3327
27	31	48.303
7	28	48.2245
6	29	48.2245
3	32	48.1106
2	33	48.1106
7	33	48.0801
27	35	47.8497
17	25	47.7326
23	27	47.6732
3	13	47.5074
19	29	47.3368
13	21	47.1975
22	33	46.9315
23	32	46.9315
18	35	46.61
19	34	46.61
23	24	46.5572
22	25	46.5572
15	17	46.2538
15	36	45.7454
14	37	45.7454
25	31	45.1537
7	9	45.1258
23	37	45.0228
2	25	44.727
3	24	44.727
5	18	44.5927
4	19	44.5927
1	26	44.1745
0	27	44.1745
11	27	44.016
14	33	43.4763
15	32	43.4763
24	29	43.3844
25	28	43.3844
10	19	43.3576
11	18	43.3576
2	15	43.2947
3	14	43.2947
1	31	42.442
11	13	42.2205
9	19	42.1348
19	33	42.0154
11	29	41.2173
18	31	41.1459
19	30	41.1459
21	35	-41.1132
1	3	40.9998
4	13	40.7874
5	12	40.7874
0	37	40.7815
1	36	40.7815
12	17	40.7553
13	16	40.7553
5	34	40.5077
4	35	40.5077
9	31	40.3489
5	27	40.1672
6	34	39.9919
3	19	39.8786
28	35	39.7076
29	34	39.7076
3	26	39.4449
2	27	39.4449
9	23	39.4251
18	25	39.3412
19	24	39.3412
21	29	39.1829
1	32	38.9932
0	33	38.9932
13	24	38.9119
12	25	38.9119
8	29	38.794
9	28	38.794
26	33	38.7253
27	32	38.7253
11	33	38.1594
13	26	38.0013
12	27	38.0013
15	35	37.8549
8	27	37.7353
9	26	37.7353
1	35	37.3035
11	34	37.1718
10	35	37.1718
13	14	37.021
12	15	37.021
20	33	36.9668
21	32	36.9668
4	21	36.4675
5	20	36.4675
4	9	36.3552
5	8	36.3552
1	25	36.3148
2	23	36.1452
3	22	36.1452
15	21	36.135
24	37	35.9909
25	36	35.9909
28	31	35.7868
29	30	35.7868
11	30	35.6923
10	31	35.6923
5	36	35.457
4	37	35.457
4	31	35.4436
5	30	35.4436
2	29	35.3002
3	28	35.3002
32	37	35.0935
33	36	35.0935
14	27	34.9295
15	26	34.9295
21	27	34.918
16	23	34.3628
17	22	34.3628
12	29	34.0971
13	28	34.0971
7	14	34.0561
6	15	34.0561
2	20	33.9453
6	30	33.7672
5	23	33.6929
9	21	33.6835
32	35	33.4538
33	34	33.4538
3	37	33.1575
11	24	33.1291
10	25	33.1291
3	11	32.9867
15	23	32.7832
12	32	32.5323
9	33	32.5131
7	37	31.9843
27	36	31.9842
26	37	31.9842
9	34	31.3977
8	35	31.3977
14	29	31.3872
15	28	31.3872
20	31	-31.3493
21	30	-31.3493
2	5	30.9705
3	4	30.9705
0	15	30.8414
1	14	30.8414
4	17	29.2186
5	16	29.2186
21	23	29.1172
1	16	29.0489
0	17	29.0489
15	31	28.9107
13	34	28.8312
12	35	28.8312
25	26	28.5162
24	27	28.5162
30	33	28.2266
31	32	28.2266
6	11	28.1973
7	10	28.1973
14	24	28.1142
6	23	-28.0728
7	22	-28.0728
15	18	27.9921
14	19	27.9921
28	32	27.9847
22	29	27.905
23	28	27.905
11	14	27.6239
10	15	27.6239
16	33	27.5614
17	32	27.5614
11	21	-27.5594
0	12	27.5424
24	32	27.532
9	24	27.3544
8	25	27.3544
12	31	27.3453
13	30	27.3453
24	35	26.9526
25	34	26.9526
11	37	26.8258
8	15	26.713
9	14	26.713
4	28	26.6619
4	24	26.5324
4	6	26.499
12	36	26.4722
12	23	26.3266
13	22	26.3266
7	12	26.2487
6	13	26.2487
17	19	-26.0967
0	11	26.0094
1	10	26.0094
4	32	25.6795
6	25	25.6539
7	24	25.6539
2	8	25.1656
4	14	24.7504
16	27	24.5536
17	26	24.5536
16	36	24.3895
28	37	24.3838
29	36	24.3838
27	28	24.2309
26	29	24.2309
3	17	24.2175
6	27	24.2124
7	26	24.2124
6	18	24.1663
27	30	24.1515
26	31	24.1515
6	28	24.1123
2	32	24.0553
7	32	24.04
6	33	24.04
26	35	23.9249
27	34	23.9249
16	25	23.8663
17	24	23.8663
22	27	23.8366
23	26	23.8366
2	13	23.7537
3	12	23.7537
19	28	23.6684
18	29	23.6684
13	20	23.5987
12	21	23.5987
22	32	23.4657
18	34	23.305
22	24	23.2786
14	17	23.1269
15	16	23.1269
9	13	22.9547
14	36	22.8727
25	30	22.5768
24	31	22.5768
6	9	22.5629
7	8	22.5629
22	37	22.5114
23	36	22.5114
1	7	22.492
1	23	22.4609
2	24	22.3635
4	18	22.2963
0	26	22.0872
11	26	22.008
10	27	22.008
14	32	21.7382
24	28	21.6922
10	18	21.6788
2	14	21.6473
0	31	21.221
1	30	21.221
10	13	21.1102
11	12	21.1102
9	18	21.0674
8	19	21.0674
19	32	21.0077
18	33	21.0077
10	29	20.6087
11	28	20.6087
18	30	20.5729
21	34	-20.5566
20	35	-20.5566
1	2	20.4999
0	3	20.4999
4	12	20.3937
0	36	20.3907
12	16	20.3777
4	34	20.2539
8	31	20.1745
9	30	20.1745
5	26	20.0836
4	27	20.0836
2	19	19.9393
3	18	19.9393
9	17	19.8834
28	34	19.8538
2	26	19.7224
9	22	19.7126
8	23	19.7126
18	24	19.6706
21	28	19.5914
20	29	19.5914
0	32	19.4966
12	24	19.456
8	28	19.397
26	32	19.3626
11	32	19.0797
10	33	19.0797
12	26	19.0007
15	34	18.9274
14	35	18.9274
8	26	18.8677
13	19	18.8195
21	37	18.6816
0	35	18.6517
1	34	18.6517
10	34	18.5859
12	14	18.5105
20	32	18.4834
9	11	18.2653
4	20	18.2337
4	8	18.1776
1	24	18.1574
0	25	18.1574
2	22	18.0726
15	20	18.0675
14	21	18.0675
24	36	17.9955
28	30	17.8934
10	30	17.8461
4	36	17.7285
4	30	17.7218
2	28	17.6501
32	36	17.5468
14	26	17.4648
21	26	17.459
20	27	17.459
16	22	17.1814
12	28	17.0486
6	14	17.0281
5	22	16.8464
4	23	16.8464
8	21	16.8417
9	20	16.8417
32	34	16.7269
2	37	16.5788
3	36	16.5788
10	24	16.5645
7	17	-16.5274
2	11	16.4933
3	10	16.4933
15	22	16.3916
14	23	16.3916
9	32	16.2565
8	33	16.2565
7	21	16.0841
6	37	15.9922
7	36	15.9922
26	36	15.9921
8	34	15.6989
14	28	15.6936
20	30	-15.6746
17	29	15.5384
2	4	15.4853
0	14	15.4207
4	16	14.6093
21	22	14.5586
20	23	14.5586
0	16	14.5245
14	31	14.4554
15	30	14.4554
19	27	14.4513
12	34	14.4156
24	26	14.2581
30	32	14.1133
6	10	14.0987
6	22	-14.0364
14	18	13.996
22	28	13.9525
5	11	13.9497
10	14	13.8119
1	19	13.7856
16	32	13.7807
10	21	-13.7797
11	20	-13.7797
8	24	13.6772
12	30	13.6727
24	34	13.4763
10	37	13.4129
11	36	13.4129
8	14	13.3565
17	35	-13.1769
12	22	13.1633
9	37	13.1422
6	12	13.1243
16	19	-13.0484
17	18	-13.0484
19	23	13.007
0	10	13.0047
6	24	12.827
3	7	-12.7849
23	35	-12.3333
16	26	12.2768
28	36	12.1919
26	28	12.1154
2	17	12.1088
3	16	12.1088
6	26	12.1062
26	30	12.0757
6	32	12.02
26	34	11.9624
16	24	11.9332
22	26	11.9183
2	12	11.8769
18	28	11.8342
12	20	11.7994
14	16	11.5635
8	13	11.4774
9	12	11.4774
24	30	11.2884
6	8	11.2814
22	36	11.2557
1	6	11.246
0	7	11.246
0	23	11.2304
1	22	11.2304
11	23	11.0267
10	26	11.004
23	31	-10.7346
3	31	-10.6171
0	30	10.6105
10	12	10.5551
8	18	10.5337
18	32	10.5038
10	28	10.3043
20	34	-10.2783
0	2	10.2499
8	30	10.0872
4	26	10.0418
2	18	9.96966
8	17	9.94172
9	16	9.94172
8	22	9.85628
20	28	9.79572
10	32	9.53986
14	34	9.46372
13	18	9.40973
12	19	9.40973
20	37	9.3408
21	36	9.3408
0	34	9.32587
9	10	9.13267
8	11	9.13267
0	24	9.0787
14	20	9.03375
1	21	8.83229
20	26	8.7295
4	22	8.42322
8	20	8.42087
2	36	8.28939
6	17	-8.26369
7	16	-8.26369
2	10	8.24667
14	22	8.19579
3	35	8.13446
8	32	8.12827
6	21	8.04203
7	20	8.04203
6	36	7.99608
16	29	7.76919
17	28	7.76919
19	37	-7.56199
17	21	7.38672
20	22	7.27931
14	30	7.22768
19	26	7.22563
18	27	7.22563
4	11	6.97483
5	10	6.97483
0	19	6.89279
1	18	6.89279
10	20	-6.88985
10	36	6.70645
16	35	-6.58846
17	34	-6.58846
9	36	6.57111
8	37	6.57111
16	18	-6.52418
19	22	6.50348
18	23	6.50348
2	7	-6.39243
3	6	-6.39243
21	25	-6.18909
23	34	-6.16665
22	35	-6.16665
2	16	6.05438
1	29	5.95128
8	12	5.73869
19	21	5.67201
0	6	5.623
0	22	5.61522
10	23	5.51334
11	22	5.51334
22	31	-5.36731
23	30	-5.36731
3	30	-5.30856
2	31	-5.30856
8	16	4.97086
12	18	4.70486
17	31	-4.68763
20	36	4.6704
35	37	-4.59384
8	10	4.56634
1	20	4.41614
0	21	4.41614
31	37	4.2769
1	9	-4.22917
6	16	-4.13185
3	34	4.06723
2	35	4.06723
6	20	4.02102
16	28	3.88459
19	36	-3.781
18	37	-3.781
17	20	3.69336
16	21	3.69336
18	26	3.61282
4	10	3.48742
0	18	3.44639
16	34	-3.29423
8	36	3.28556
18	22	3.25174
2	6	-3.19622
1	5	3.13113
11	17	-3.10445
21	24	-3.09454
20	25	-3.09454
22	34	-3.08333
0	29	2.97564
1	28	2.97564
18	21	2.83601
19	20	2.83601
10	22	2.75667
22	30	-2.68365
2	30	-2.65428
17	30	-2.34381
16	31	-2.34381
34	37	-2.29692
35	36	-2.29692
0	20	2.20807
30	37	2.13845
31	36	2.13845
0	9	-2.11458
1	8	-2.11458
2	34	2.03362
18	36	-1.8905
16	20	1.84668
0	5	1.56557
1	4	1.56557
11	16	-1.55223
10	17	-1.55223
20	24	-1.54727
0	28	1.48782
18	20	1.418
16	30	-1.17191
34	36	-1.14846
30	36	1.06923
0	8	-1.05729
0	4	0.782783
10	16	-0.776113
