13	14	743.623
5	29	731.458
28	29	717.539
2	14	662.717
4	5	623.416
7	8	564.35
1	2	563.264
46	47	448.261
34	35	438.246
8	29	-427.134
32	53	404.795
41	53	403.725
22	23	396.836
14	29	-382.54
12	14	371.812
47	50	371.185
29	56	367.437
5	28	365.729
4	29	365.729
5	8	-362.985
32	41	362.539
2	17	362.144
20	23	361.335
27	29	358.769
8	14	358.277
5	26	357.993
19	20	357.536
35	44	354.534
2	47	348.007
53	56	347.973
26	32	337.912
2	13	331.359
1	14	331.359
44	47	328.209
29	53	325.098
11	53	325.076
17	50	323.513
29	32	323.219
44	50	318.63
8	47	318.03
43	44	317.356
14	17	314.952
5	11	313.819
8	23	312.538
3	5	311.708
11	32	310.624
41	56	308.62
23	32	304.491
25	26	301.1
20	56	300.078
17	47	299.856
23	56	297.943
26	44	297.688
5	14	-296.722
2	50	296.086
49	50	291.508
11	26	289.789
32	56	287.984
16	17	287.546
26	29	287.134
52	53	287.043
14	20	-285.168
35	47	284.78
6	8	282.175
0	2	281.632
47	53	273.359
17	53	273.115
40	41	272.987
31	32	272.946
20	26	272.375
26	53	271.947
35	53	268.325
23	44	267.948
41	47	263.247
2	8	260.342
20	53	256.272
8	41	253.192
23	53	252.161
11	23	251.214
55	56	251.102
11	41	249.364
20	32	248.206
11	29	247.68
14	47	246.887
50	53	246.272
47	56	244.473
5	32	239.315
35	41	238.685
44	53	238.533
23	26	236.529
17	44	235.515
37	38	234.285
29	41	231.463
10	11	231.055
8	11	226.747
17	23	224.3
45	47	224.131
5	50	224.085
33	35	219.123
44	56	219.12
8	17	218.239
29	35	217.81
32	35	215.589
11	50	213.63
8	53	213.626
8	28	-213.567
7	29	-213.567
26	41	212.357
11	56	209.811
11	17	208.989
17	26	206.616
20	29	204.447
29	50	202.815
32	52	202.397
31	53	202.397
40	53	201.862
41	52	201.862
5	20	201.72
17	35	201.662
21	23	198.418
2	53	197.561
11	47	196.955
41	50	195.069
23	41	195.024
11	20	191.444
13	29	-191.27
14	28	-191.27
17	41	191.113
20	41	190.66
5	47	186.805
5	56	186.685
12	13	185.906
46	50	185.593
47	49	185.593
17	20	184.287
29	55	183.718
28	56	183.718
50	56	183.537
3	29	182.864
4	28	182.864
5	27	182.864
41	44	182.011
5	7	-181.493
4	8	-181.493
32	40	181.27
31	41	181.27
35	50	181.084
2	16	181.072
1	17	181.072
20	22	180.667
19	23	180.667
5	53	180.653
2	41	180.444
26	35	179.495
27	28	179.385
7	14	179.139
8	13	179.139
5	25	178.996
4	26	178.996
18	20	178.768
34	44	177.267
35	43	177.267
1	47	174.003
2	46	174.003
52	56	173.986
53	55	173.986
26	56	173.141
14	38	171.817
25	32	168.956
26	31	168.956
20	44	167.09
32	44	166.758
0	14	165.679
1	13	165.679
2	12	165.679
43	47	164.105
44	46	164.105
14	50	163.23
28	53	162.549
29	52	162.549
11	52	162.538
10	53	162.538
17	49	161.757
16	50	161.757
28	32	161.61
29	31	161.61
2	44	161.308
2	11	159.724
43	50	159.315
44	49	159.315
7	47	159.015
8	46	159.015
42	44	158.678
14	16	157.476
13	17	157.476
5	10	156.91
4	11	156.91
8	22	156.269
7	23	156.269
3	4	155.854
11	31	155.312
10	32	155.312
40	56	154.31
41	55	154.31
38	56	-153.251
26	50	152.59
22	32	152.245
23	31	152.245
24	26	150.55
19	56	150.039
20	55	150.039
16	47	149.928
17	46	149.928
5	44	149.576
22	56	148.972
23	55	148.972
26	43	148.844
25	44	148.844
4	14	-148.361
5	13	-148.361
2	49	148.043
1	50	148.043
48	50	145.754
11	25	144.894
10	26	144.894
31	56	143.992
32	55	143.992
15	17	143.773
26	28	143.567
25	29	143.567
51	53	143.522
13	20	-142.584
14	19	-142.584
14	35	142.576
34	47	142.39
35	46	142.39
8	56	141.721
14	41	141.674
6	7	141.088
11	14	140.867
0	1	140.816
46	53	136.68
47	52	136.68
16	53	136.557
17	52	136.557
39	41	136.494
30	32	136.473
19	26	136.188
20	25	136.188
25	53	135.974
26	52	135.974
23	50	135.344
34	53	134.162
35	52	134.162
23	43	133.974
22	44	133.974
8	32	133.451
20	47	132.567
32	47	131.832
40	47	131.624
41	46	131.624
17	56	131.305
1	8	130.171
2	7	130.171
20	52	128.136
19	53	128.136
14	56	-127.716
7	41	126.596
8	40	126.596
22	53	126.08
23	52	126.08
10	23	125.607
11	22	125.607
54	56	125.551
23	29	-124.818
10	41	124.682
11	40	124.682
20	31	124.103
19	32	124.103
10	29	123.84
11	28	123.84
11	44	123.801
35	56	123.647
14	46	123.444
13	47	123.444
50	52	123.136
49	53	123.136
8	44	123.135
46	56	122.237
47	55	122.237
20	35	121.922
5	31	119.658
4	32	119.658
35	40	119.342
34	41	119.342
44	52	119.267
43	53	119.267
22	26	118.265
23	25	118.265
16	44	117.757
17	43	117.757
8	20	117.315
36	38	117.143
29	40	115.731
28	41	115.731
9	11	115.527
2	20	-113.693
8	10	113.373
7	11	113.373
5	41	112.699
16	23	112.15
17	22	112.15
45	46	112.065
5	49	112.042
4	50	112.042
32	50	109.926
33	34	109.562
44	55	109.56
43	56	109.56
8	16	109.119
7	17	109.119
29	34	108.905
28	35	108.905
32	34	107.795
31	35	107.795
10	50	106.815
11	49	106.815
7	53	106.813
8	52	106.813
8	27	-106.784
6	29	-106.784
7	28	-106.784
26	40	106.178
25	41	106.178
17	32	105.787
11	55	104.905
10	56	104.905
11	16	104.495
10	17	104.495
17	25	103.308
16	26	103.308
19	29	102.224
20	28	102.224
28	50	101.407
29	49	101.407
31	52	101.199
30	53	101.199
32	51	101.199
39	53	100.931
40	52	100.931
41	51	100.931
4	20	100.86
5	19	100.86
16	35	100.831
17	34	100.831
21	22	99.209
2	52	98.7803
1	53	98.7803
10	47	98.4776
11	46	98.4776
40	50	97.5346
41	49	97.5346
23	40	97.512
22	41	97.512
11	19	95.7219
10	20	95.7219
13	28	-95.6351
14	27	-95.6351
12	29	-95.6351
16	41	95.5564
17	40	95.5564
38	53	-95.4363
19	41	95.33
20	40	95.33
4	47	93.4023
5	46	93.4023
5	55	93.3423
4	56	93.3423
46	49	92.7963
47	48	92.7963
45	50	92.7963
14	53	92.7386
2	29	-92.1592
16	20	92.1436
17	19	92.1436
28	55	91.8592
27	56	91.8592
29	54	91.8592
49	56	91.7687
50	55	91.7687
4	27	91.4322
3	28	91.4322
41	43	91.0056
40	44	91.0056
5	6	-90.7463
4	7	-90.7463
3	8	-90.7463
31	40	90.6348
32	39	90.6348
30	41	90.6348
34	50	90.5421
35	49	90.5421
2	15	90.5359
0	17	90.5359
1	16	90.5359
20	21	90.3337
18	23	90.3337
19	22	90.3337
5	52	90.3263
4	53	90.3263
1	41	90.2219
2	40	90.2219
20	50	89.7614
25	35	89.7475
26	34	89.7475
6	14	89.5693
7	13	89.5693
8	12	89.5693
3	26	89.4982
4	25	89.4982
5	24	89.4982
18	19	89.384
35	42	88.6334
33	44	88.6334
34	43	88.6334
2	26	88.2697
0	47	87.0017
2	45	87.0017
1	46	87.0017
52	55	86.9932
53	54	86.9932
51	56	86.9932
25	56	86.5706
26	55	86.5706
14	44	86.2578
14	37	85.9084
13	38	85.9084
38	41	-84.916
26	30	84.4781
25	31	84.4781
24	32	84.4781
20	43	83.5449
19	44	83.5449
31	44	83.3789
32	43	83.3789
0	13	82.8396
1	12	82.8396
8	50	82.6694
5	35	82.4552
42	47	82.0523
44	45	82.0523
43	46	82.0523
14	49	81.615
13	50	81.615
27	53	81.2745
28	52	81.2745
29	51	81.2745
10	52	81.2689
9	53	81.2689
11	51	81.2689
17	48	80.8783
15	50	80.8783
16	49	80.8783
27	32	80.8048
29	30	80.8048
28	31	80.8048
1	44	80.6538
2	43	80.6538
2	10	79.8619
1	11	79.8619
43	49	79.6575
42	50	79.6575
44	48	79.6575
7	46	79.5076
8	45	79.5076
6	47	79.5076
20	38	-79.4551
42	43	79.3389
14	15	78.7379
13	16	78.7379
12	17	78.7379
5	9	78.4548
4	10	78.4548
3	11	78.4548
8	21	78.1345
6	23	78.1345
7	22	78.1345
26	47	78.044
11	30	77.6559
9	32	77.6559
10	31	77.6559
40	55	77.1549
39	56	77.1549
41	54	77.1549
38	55	-76.6253
37	56	-76.6253
26	49	76.295
25	50	76.295
22	31	76.1227
21	32	76.1227
23	30	76.1227
17	38	75.2765
24	25	75.2751
18	56	75.0196
20	54	75.0196
19	55	75.0196
17	45	74.964
15	47	74.964
16	46	74.964
5	43	74.7879
4	44	74.7879
22	55	74.4858
21	56	74.4858
23	54	74.4858
24	44	74.4221
25	43	74.4221
26	42	74.4221
5	12	-74.1805
3	14	-74.1805
4	13	-74.1805
2	48	74.0215
0	50	74.0215
1	49	74.0215
48	49	72.877
11	24	72.4471
10	25	72.4471
9	26	72.4471
38	47	-72.1932
31	55	71.996
32	54	71.996
30	56	71.996
15	16	71.8865
25	28	71.7836
26	27	71.7836
24	29	71.7836
51	52	71.7609
14	18	-71.2921
13	19	-71.2921
12	20	-71.2921
13	35	71.2881
14	34	71.2881
35	45	71.1951
34	46	71.1951
33	47	71.1951
8	55	70.8605
7	56	70.8605
13	41	70.8371
14	40	70.8371
10	14	70.4334
11	13	70.4334
45	53	68.3398
46	52	68.3398
47	51	68.3398
15	53	68.2786
16	52	68.2786
17	51	68.2786
39	40	68.2468
30	31	68.2365
20	24	68.0938
19	25	68.0938
18	26	68.0938
25	52	67.9868
26	51	67.9868
24	53	67.9868
22	50	67.672
23	49	67.672
35	51	67.0812
34	52	67.0812
33	53	67.0812
23	42	66.9871
22	43	66.9871
21	44	66.9871
8	31	66.7253
7	32	66.7253
20	46	66.2834
19	47	66.2834
31	47	65.9159
32	46	65.9159
40	46	65.8118
39	47	65.8118
41	45	65.8118
16	56	65.6523
17	55	65.6523
0	8	65.0855
2	6	65.0855
1	7	65.0855
19	52	64.0679
20	51	64.0679
18	53	64.0679
14	55	-63.8581
13	56	-63.8581
7	40	63.298
6	41	63.298
8	39	63.298
23	51	63.0401
22	52	63.0401
21	53	63.0401
9	23	62.8035
10	22	62.8035
11	21	62.8035
54	55	62.7754
22	29	-62.4092
23	28	-62.4092
11	39	62.341
10	40	62.341
9	41	62.341
20	30	62.0515
18	32	62.0515
19	31	62.0515
11	27	61.92
10	28	61.92
9	29	61.92
11	43	61.9007
10	44	61.9007
35	55	61.8234
34	56	61.8234
12	47	61.7219
13	46	61.7219
14	45	61.7219
48	53	61.568
50	51	61.568
49	52	61.568
8	43	61.5677
7	44	61.5677
45	56	61.1183
47	54	61.1183
46	55	61.1183
20	34	60.9609
19	35	60.9609
4	31	59.8288
3	32	59.8288
5	30	59.8288
33	41	59.6712
35	39	59.6712
34	40	59.6712
44	51	59.6333
43	52	59.6333
42	53	59.6333
22	25	59.1323
23	24	59.1323
21	26	59.1323
17	42	58.8787
15	44	58.8787
16	43	58.8787
7	20	58.6573
8	19	58.6573
36	37	58.5713
5	17	58.5045
29	39	57.8657
28	40	57.8657
27	41	57.8657
9	10	57.7637
1	20	-56.8466
2	19	-56.8466
6	11	56.6867
8	9	56.6867
7	10	56.6867
4	41	56.3496
5	40	56.3496
16	22	56.075
15	23	56.075
17	21	56.075
4	49	56.0212
5	48	56.0212
3	50	56.0212
31	50	54.9629
32	49	54.9629
42	56	54.7801
43	55	54.7801
44	54	54.7801
8	15	54.5597
7	16	54.5597
6	17	54.5597
28	34	54.4524
29	33	54.4524
27	35	54.4524
32	38	-53.9703
30	35	53.8973
31	34	53.8973
32	33	53.8973
11	48	53.4075
9	50	53.4075
10	49	53.4075
8	51	53.4064
6	53	53.4064
7	52	53.4064
6	28	-53.3918
7	27	-53.3918
26	39	53.0892
25	40	53.0892
24	41	53.0892
5	23	53.0002
17	31	52.8935
16	32	52.8935
35	38	52.456
11	54	52.4527
9	56	52.4527
10	55	52.4527
10	16	52.2473
9	17	52.2473
11	15	52.2473
15	26	51.6539
16	25	51.6539
17	24	51.6539
8	35	51.3881
18	29	51.1118
20	27	51.1118
19	28	51.1118
29	48	50.7037
28	49	50.7037
27	50	50.7037
30	52	50.5993
31	51	50.5993
40	51	50.4656
39	52	50.4656
4	19	50.4301
5	18	50.4301
3	20	50.4301
15	35	50.4154
17	33	50.4154
16	34	50.4154
26	38	49.5521
2	51	49.3901
1	52	49.3901
0	53	49.3901
11	45	49.2388
9	47	49.2388
10	46	49.2388
11	38	-48.8262
41	48	48.7673
40	49	48.7673
39	50	48.7673
22	40	48.756
23	39	48.756
21	41	48.756
9	20	47.8609
10	19	47.8609
11	18	47.8609
13	27	-47.8175
12	28	-47.8175
16	40	47.7782
15	41	47.7782
17	39	47.7782
37	53	-47.7182
38	52	-47.7182
19	40	47.665
18	41	47.665
20	39	47.665
5	45	46.7011
3	47	46.7011
4	46	46.7011
3	56	46.6712
4	55	46.6712
5	54	46.6712
45	49	46.3982
46	48	46.3982
14	52	46.3693
13	53	46.3693
2	5	-46.3558
1	29	-46.0796
2	28	-46.0796
17	18	46.0718
15	20	46.0718
16	19	46.0718
27	55	45.9296
28	54	45.9296
48	56	45.8843
49	55	45.8843
50	54	45.8843
3	27	45.7161
41	42	45.5028
40	43	45.5028
39	44	45.5028
3	7	-45.3732
4	6	-45.3732
30	40	45.3174
31	39	45.3174
33	50	45.271
35	48	45.271
34	49	45.271
1	15	45.2679
0	16	45.2679
19	21	45.1669
18	22	45.1669
3	53	45.1631
4	52	45.1631
5	51	45.1631
1	40	45.111
0	41	45.111
2	39	45.111
14	26	44.9328
20	49	44.8807
19	50	44.8807
26	33	44.8737
25	34	44.8737
24	35	44.8737
6	13	44.7847
7	12	44.7847
4	24	44.7491
3	25	44.7491
23	35	-44.5062
34	42	44.3167
33	43	44.3167
2	25	44.1349
1	26	44.1349
29	47	43.8529
1	45	43.5008
0	46	43.5008
51	55	43.4966
52	54	43.4966
24	56	43.2853
25	55	43.2853
26	54	43.2853
14	43	43.1289
13	44	43.1289
12	38	42.9542
13	37	42.9542
14	36	42.9542
37	41	-42.458
38	40	-42.458
24	31	42.239
25	30	42.239
19	43	41.7725
20	42	41.7725
18	44	41.7725
32	42	41.6894
30	44	41.6894
31	43	41.6894
0	12	41.4198
8	49	41.3347
7	50	41.3347
5	34	41.2276
4	35	41.2276
43	45	41.0262
42	46	41.0262
13	49	40.8075
12	50	40.8075
14	48	40.8075
27	52	40.6372
28	51	40.6372
9	52	40.6345
10	51	40.6345
8	26	-40.5522
15	49	40.4391
16	48	40.4391
27	31	40.4024
28	30	40.4024
2	42	40.3269
1	43	40.3269
0	44	40.3269
0	11	39.9309
2	9	39.9309
1	10	39.9309
43	48	39.8287
42	49	39.8287
7	45	39.7538
6	46	39.7538
20	37	-39.7276
19	38	-39.7276
12	16	39.369
13	15	39.369
4	9	39.2274
3	10	39.2274
6	22	39.0672
7	21	39.0672
25	47	39.022
26	46	39.022
9	31	38.8279
10	30	38.8279
11	35	38.6034
40	54	38.5775
39	55	38.5775
2	35	38.3616
36	56	-38.3126
38	54	-38.3126
37	55	-38.3126
24	50	38.1475
26	48	38.1475
25	49	38.1475
21	31	38.0614
22	30	38.0614
16	38	37.6382
17	37	37.6382
19	54	37.5098
18	55	37.5098
16	45	37.482
15	46	37.482
3	44	37.394
5	42	37.394
4	43	37.394
22	54	37.2429
21	55	37.2429
24	43	37.2111
25	42	37.2111
3	13	-37.0903
4	12	-37.0903
0	49	37.0107
1	48	37.0107
2	38	36.4427
9	25	36.2236
10	24	36.2236
37	47	-36.0966
38	46	-36.0966
31	54	35.998
30	55	35.998
25	27	35.8918
24	28	35.8918
12	19	-35.646
13	18	-35.646
12	35	35.6441
14	33	35.6441
13	34	35.6441
33	46	35.5975
34	45	35.5975
8	54	35.4302
6	56	35.4302
7	55	35.4302
12	41	35.4185
13	40	35.4185
14	39	35.4185
10	13	35.2167
11	12	35.2167
9	14	35.2167
29	38	-34.3836
46	51	34.1699
45	52	34.1699
15	52	34.1393
16	51	34.1393
18	25	34.0469
19	24	34.0469
25	51	33.9934
24	52	33.9934
21	50	33.836
22	49	33.836
23	48	33.836
33	52	33.5406
34	51	33.5406
21	43	33.4935
22	42	33.4935
6	32	33.3626
8	30	33.3626
7	31	33.3626
20	45	33.1417
19	46	33.1417
18	47	33.1417
30	47	32.9579
32	45	32.9579
31	46	32.9579
40	45	32.9059
39	46	32.9059
16	55	32.8261
15	56	32.8261
17	54	32.8261
0	7	32.5428
1	6	32.5428
5	38	-32.2095
19	51	32.034
18	52	32.034
12	56	-31.9291
14	54	-31.9291
13	55	-31.9291
6	40	31.649
7	39	31.649
22	51	31.5201
21	52	31.5201
10	21	31.4017
9	22	31.4017
23	27	-31.2046
22	28	-31.2046
21	29	-31.2046
10	39	31.1705
9	40	31.1705
2	23	-31.1616
18	31	31.0258
19	30	31.0258
9	28	30.96
10	27	30.96
10	43	30.9503
11	42	30.9503
9	44	30.9503
35	54	30.9117
33	56	30.9117
34	55	30.9117
12	46	30.8609
13	45	30.8609
48	52	30.784
49	51	30.784
8	42	30.7839
6	44	30.7839
7	43	30.7839
45	55	30.5591
46	54	30.5591
19	34	30.4805
20	33	30.4805
18	35	30.4805
3	31	29.9144
4	30	29.9144
33	40	29.8356
34	39	29.8356
42	52	29.8167
43	51	29.8167
22	24	29.5662
21	25	29.5662
23	38	-29.4998
15	43	29.4394
16	42	29.4394
7	19	29.3287
8	18	29.3287
6	20	29.3287
4	17	29.2522
5	16	29.2522
28	39	28.9329
27	40	28.9329
0	20	-28.4233
2	18	-28.4233
1	19	-28.4233
6	10	28.3434
7	9	28.3434
4	40	28.1748
5	39	28.1748
3	41	28.1748
16	21	28.0375
15	22	28.0375
4	48	28.0106
3	49	28.0106
32	48	27.4815
30	50	27.4815
31	49	27.4815
43	54	27.39
42	55	27.39
7	15	27.2799
6	16	27.2799
27	34	27.2262
28	33	27.2262
31	38	-26.9852
32	37	-26.9852
30	34	26.9486
31	33	26.9486
9	49	26.7038
10	48	26.7038
6	52	26.7032
7	51	26.7032
6	27	-26.6959
24	40	26.5446
25	39	26.5446
4	23	26.5001
5	22	26.5001
2	56	26.4748
16	31	26.4468
17	30	26.4468
15	32	26.4468
34	38	26.228
35	37	26.228
10	54	26.2263
9	55	26.2263
10	15	26.1236
9	16	26.1236
15	25	25.827
16	24	25.827
29	44	25.7514
7	35	25.6941
8	34	25.6941
18	28	25.5559
19	27	25.5559
28	48	25.3519
27	49	25.3519
30	51	25.2997
39	51	25.2328
3	19	25.215
4	18	25.215
15	34	25.2077
16	33	25.2077
25	38	24.7761
26	37	24.7761
1	51	24.6951
0	52	24.6951
9	46	24.6194
10	45	24.6194
17	29	24.45
10	38	-24.4131
11	37	-24.4131
40	48	24.3837
39	49	24.3837
22	39	24.378
21	40	24.378
9	19	23.9305
10	18	23.9305
12	27	-23.9088
16	39	23.8891
15	40	23.8891
36	53	-23.8591
38	51	-23.8591
37	52	-23.8591
19	39	23.8325
18	40	23.8325
4	45	23.3506
3	46	23.3506
4	54	23.3356
3	55	23.3356
45	48	23.1991
14	51	23.1847
13	52	23.1847
12	53	23.1847
2	4	-23.1779
1	5	-23.1779
0	29	-23.0398
1	28	-23.0398
2	27	-23.0398
15	19	23.0359
16	18	23.0359
27	54	22.9648
48	55	22.9422
49	54	22.9422
39	43	22.7514
40	42	22.7514
3	6	-22.6866
30	39	22.6587
33	49	22.6355
34	48	22.6355
0	15	22.634
18	21	22.5834
4	51	22.5816
3	52	22.5816
1	39	22.5555
0	40	22.5555
14	25	22.4664
13	26	22.4664
19	49	22.4404
18	50	22.4404
20	48	22.4404
24	34	22.4369
25	33	22.4369
6	12	22.3923
3	24	22.3746
23	34	-22.2531
22	35	-22.2531
33	42	22.1584
0	26	22.0674
2	24	22.0674
1	25	22.0674
29	46	21.9265
28	47	21.9265
0	45	21.7504
51	54	21.7483
24	55	21.6427
25	54	21.6427
12	44	21.5644
13	43	21.5644
14	42	21.5644
12	37	21.4771
13	36	21.4771
36	41	-21.229
37	40	-21.229
38	39	-21.229
24	30	21.1195
18	43	20.8862
19	42	20.8862
31	42	20.8447
30	43	20.8447
7	49	20.6674
8	48	20.6674
6	50	20.6674
3	35	20.6138
4	34	20.6138
5	33	20.6138
42	45	20.5131
13	48	20.4038
12	49	20.4038
27	51	20.3186
9	51	20.3172
8	25	-20.2761
7	26	-20.2761
15	48	20.2196
27	30	20.2012
1	42	20.1635
0	43	20.1635
0	10	19.9655
1	9	19.9655
42	48	19.9144
6	45	19.8769
20	36	-19.8638
19	37	-19.8638
18	38	-19.8638
2	32	19.6846
12	15	19.6845
3	9	19.6137
6	21	19.5336
26	45	19.511
25	46	19.511
24	47	19.511
9	30	19.414
11	34	19.3017
10	35	19.3017
39	54	19.2887
1	35	19.1808
2	34	19.1808
37	54	-19.1563
36	55	-19.1563
25	48	19.0737
24	49	19.0737
21	30	19.0307
17	36	18.8191
16	37	18.8191
15	38	18.8191
18	54	18.7549
15	45	18.741
3	43	18.697
4	42	18.697
21	54	18.6215
24	42	18.6055
3	12	-18.5451
0	48	18.5054
1	38	18.2213
2	37	18.2213
9	24	18.1118
36	47	-18.0483
38	45	-18.0483
37	46	-18.0483
30	54	17.999
24	27	17.9459
12	18	-17.823
12	34	17.822
13	33	17.822
33	45	17.7988
6	55	17.7151
7	54	17.7151
13	39	17.7093
12	40	17.7093
10	12	17.6084
9	13	17.6084
29	37	-17.1918
28	38	-17.1918
45	51	17.0849
15	51	17.0697
18	24	17.0235
24	51	16.9967
21	49	16.918
22	48	16.918
33	51	16.7703
21	42	16.7468
6	31	16.6813
7	30	16.6813
18	46	16.5709
19	45	16.5709
31	45	16.479
30	46	16.479
39	45	16.4529
15	55	16.4131
16	54	16.4131
0	6	16.2714
4	38	-16.1047
5	37	-16.1047
18	51	16.017
13	54	-15.9645
12	55	-15.9645
6	39	15.8245
21	51	15.76
9	21	15.7009
21	28	-15.6023
22	27	-15.6023
9	39	15.5853
2	22	-15.5808
1	23	-15.5808
18	30	15.5129
9	27	15.48
10	42	15.4752
9	43	15.4752
33	55	15.4558
34	54	15.4558
12	45	15.4305
48	51	15.392
6	43	15.3919
7	42	15.3919
45	54	15.2796
18	34	15.2402
19	33	15.2402
3	30	14.9572
33	39	14.9178
42	51	14.9083
21	24	14.7831
23	37	-14.7499
22	38	-14.7499
15	42	14.7197
6	19	14.6643
7	18	14.6643
3	17	14.6261
5	15	14.6261
4	16	14.6261
27	39	14.4664
1	18	-14.2117
0	19	-14.2117
6	9	14.1717
3	40	14.0874
4	39	14.0874
15	21	14.0188
3	48	14.0053
38	50	-13.9599
31	48	13.7407
30	49	13.7407
42	54	13.695
6	15	13.6399
27	33	13.6131
32	36	-13.4926
31	37	-13.4926
30	38	-13.4926
30	33	13.4743
9	48	13.3519
6	51	13.3516
24	39	13.2723
4	22	13.2501
5	21	13.2501
3	23	13.2501
2	55	13.2374
1	56	13.2374
15	31	13.2234
16	30	13.2234
35	36	13.114
34	37	13.114
33	38	13.114
9	54	13.1132
9	15	13.0618
15	24	12.9135
28	44	12.8757
29	43	12.8757
7	34	12.847
6	35	12.847
8	33	12.847
18	27	12.778
27	48	12.6759
14	32	12.639
3	18	12.6075
15	33	12.6038
24	38	12.388
25	37	12.388
26	36	12.388
0	51	12.3475
9	45	12.3097
17	28	12.225
16	29	12.225
10	37	-12.2066
11	36	-12.2066
9	38	-12.2066
39	48	12.1918
21	39	12.189
9	18	11.9652
15	39	11.9445
36	52	-11.9295
37	51	-11.9295
18	39	11.9163
3	45	11.6753
3	54	11.6678
13	51	11.5923
12	52	11.5923
0	5	-11.589
1	4	-11.589
2	3	-11.589
1	27	-11.5199
0	28	-11.5199
15	18	11.518
48	54	11.4711
39	42	11.3757
33	48	11.3178
3	51	11.2908
0	39	11.2777
12	26	11.2332
13	25	11.2332
14	24	11.2332
19	48	11.2202
18	49	11.2202
24	33	11.2184
14	23	-11.1906
23	33	-11.1266
21	35	-11.1266
22	34	-11.1266
1	24	11.0337
0	25	11.0337
28	46	10.9632
29	45	10.9632
27	47	10.9632
24	54	10.8213
13	42	10.7822
12	43	10.7822
12	36	10.7386
36	40	-10.6145
37	39	-10.6145
18	42	10.4431
30	42	10.4224
7	48	10.3337
6	49	10.3337
4	33	10.3069
3	34	10.3069
12	48	10.2019
8	24	-10.138
7	25	-10.138
6	26	-10.138
0	42	10.0817
0	9	9.98274
18	37	-9.93189
19	36	-9.93189
2	31	9.84229
1	32	9.84229
25	45	9.7555
24	46	9.7555
9	35	9.65085
10	34	9.65085
11	33	9.65085
0	35	9.59041
1	34	9.59041
2	33	9.59041
36	54	-9.57816
24	48	9.53687
16	36	9.40956
15	37	9.40956
3	42	9.34849
1	37	9.11067
2	36	9.11067
0	38	9.11067
36	46	-9.02415
37	45	-9.02415
12	33	8.91102
6	54	8.85756
12	39	8.85463
9	12	8.80418
28	37	-8.59591
29	36	-8.59591
27	38	-8.59591
21	48	8.45899
6	30	8.34066
18	45	8.28543
30	45	8.23948
15	54	8.20653
4	37	-8.05237
5	36	-8.05237
3	38	-8.05237
12	54	-7.98226
21	27	-7.80115
0	23	-7.79041
2	21	-7.79041
1	22	-7.79041
9	42	7.73759
33	54	7.72792
6	42	7.69596
18	33	7.62011
22	37	-7.37496
23	36	-7.37496
21	38	-7.37496
6	18	7.33217
4	15	7.31306
3	16	7.31306
0	18	-7.10583
3	39	7.04371
37	50	-6.97994
38	49	-6.97994
30	48	6.87036
30	37	-6.74629
31	36	-6.74629
4	21	6.62503
3	22	6.62503
1	55	6.6187
2	54	6.6187
0	56	6.6187
15	30	6.61169
34	36	6.557
33	37	6.557
27	44	6.43785
28	43	6.43785
29	42	6.43785
6	34	6.42351
7	33	6.42351
14	31	6.3195
13	32	6.3195
24	37	6.19401
25	36	6.19401
16	28	6.11251
17	27	6.11251
15	29	6.11251
8	38	-6.10483
10	36	-6.10328
9	37	-6.10328
36	51	-5.96477
12	51	5.79616
1	3	-5.79448
0	4	-5.79448
0	27	-5.75995
38	44	-5.71461
12	25	5.6166
13	24	5.6166
18	48	5.61009
14	22	-5.59529
13	23	-5.59529
21	34	-5.56328
22	33	-5.56328
0	24	5.51686
28	45	5.48161
27	46	5.48161
12	42	5.39111
36	39	-5.30725
6	48	5.16684
3	33	5.15345
7	24	-5.06902
6	25	-5.06902
18	36	-4.96595
1	31	4.92114
2	30	4.92114
0	32	4.92114
24	45	4.87775
9	34	4.82542
10	33	4.82542
0	34	4.7952
1	33	4.7952
15	36	4.70478
0	37	4.55533
1	36	4.55533
36	45	-4.51207
28	36	-4.29795
27	37	-4.29795
4	36	-4.02618
3	37	-4.02618
0	22	-3.8952
1	21	-3.8952
22	36	-3.68748
21	37	-3.68748
3	15	3.65653
36	50	-3.48997
37	49	-3.48997
38	48	-3.48997
30	36	-3.37315
3	21	3.31251
1	54	3.30935
0	55	3.30935
33	36	3.2785
27	43	3.21893
28	42	3.21893
6	33	3.21176
12	32	3.15975
14	30	3.15975
13	31	3.15975
24	36	3.09701
15	28	3.05625
16	27	3.05625
8	37	-3.05242
7	38	-3.05242
9	36	-3.05164
0	3	-2.89724
38	43	-2.8573
37	44	-2.8573
12	24	2.8083
14	21	-2.79764
12	23	-2.79764
13	22	-2.79764
21	33	-2.78164
27	45	2.74081
6	24	-2.53451
0	31	2.46057
1	30	2.46057
9	33	2.41271
0	33	2.3976
0	36	2.27767
27	36	-2.14898
3	36	-2.01309
0	21	-1.9476
21	36	-1.84374
36	49	-1.74499
37	48	-1.74499
0	54	1.65468
27	42	1.60946
12	31	1.57987
13	30	1.57987
15	27	1.52813
7	37	-1.52621
8	36	-1.52621
6	38	-1.52621
36	44	-1.42865
37	43	-1.42865
38	42	-1.42865
12	22	-1.39882
13	21	-1.39882
0	30	1.23029
23	47	1.19637
36	48	-0.872493
12	30	0.789937
6	37	-0.763104
7	36	-0.763104
37	42	-0.714326
36	43	-0.714326
12	21	-0.699411
22	47	0.598186
23	46	0.598186
6	36	-0.381552
36	42	-0.357163
21	47	0.299093
22	46	0.299093
23	45	0.299093
21	46	0.149547
22	45	0.149547
21	45	0.0747733
