9	35	5.49436
11	29	4.42008
1	15	4.36268
13	35	4.32206
1	7	4.19898
3	33	4.17371
1	27	4.16494
7	27	4.13797
9	13	4.12015
7	25	4.04885
5	15	4.03796
27	31	4.03504
13	19	4.03031
15	27	4.02538
1	37	4.01548
1	21	4.01502
7	15	4.01441
1	25	4.01324
1	5	4.01233
5	7	4.01219
7	37	4.01184
5	27	4.01132
21	27	4.01048
7	21	4.00825
31	35	-4.00771
15	37	4.0076
19	35	4.00704
13	31	-4.00603
5	25	4.0049
17	23	4.00462
25	27	4.00426
9	19	4.00374
11	33	4.00328
5	37	4.00268
9	31	-4.00218
11	13	4.0021
15	25	4.00153
25	31	4.00135
1	31	4.00108
15	21	4.00108
11	35	4.00091
7	31	4.00085
27	37	4.00061
13	27	-4.0005
3	11	4.00044
3	35	4.0004
27	35	-4.00038
19	31	-4.00032
23	31	-4.00031
7	13	-4.00028
13	29	4.00026
5	21	4.00025
9	27	-4.00022
21	25	4.00019
21	37	4.00016
7	35	-4.00015
7	19	-4.00014
15	31	4.00014
3	9	4.00014
19	27	-4.00012
9	23	4.00012
23	35	4.00011
7	9	-4.0001
5	31	4.0001
13	23	4.00009
3	13	4.00009
33	35	4.00009
25	37	4.00009
29	33	4.00008
13	25	-4.00008
9	11	4.00007
23	27	-4.00005
9	33	4.00003
29	35	4.00003
11	27	-4.00003
25	35	-4.00002
11	31	-4.00002
3	23	4.00002
3	31	-4.00002
21	31	4.00001
5	13	-4.00001
1	13	-4.00001
13	33	4.00001
3	29	4.00001
9	25	-4.00001
7	11	-4.00001
5	19	-4.00001
19	23	4.00001
31	33	-4.00001
25	29	-4.00001
19	25	-4.00001
27	33	-4.00001
1	35	-4.00001
11	19	4
1	19	-4
7	23	-4
1	23	-4
1	9	-4
9	29	4
3	27	-4
7	29	-4
13	15	-4
27	29	-4
15	23	-4
11	25	-4
9	15	-4
15	35	-4
29	31	-4
15	19	-4
5	35	-4
3	7	-4
5	9	-4
23	33	4
29	37	-4
7	33	-4
13	21	-4
11	37	-4
19	29	4
3	25	-4
9	21	-4
11	23	4
23	25	-4
25	33	-4
19	21	-4
5	29	-4
1	11	-4
1	29	-4
1	17	-4
5	11	-4
21	35	-4
15	17	-4
5	23	-4
1	3	-4
21	23	-4
31	37	4
19	37	-4
1	33	-4
17	27	-4
3	19	4
3	17	4
35	37	-4
17	31	-4
17	21	-4
13	37	-4
15	29	-4
9	37	-4
23	29	4
23	37	-4
11	15	-4
15	33	-4
19	33	4
33	37	-4
3	15	-4
5	33	-4
9	17	4
3	37	-4
11	21	-4
7	17	-4
17	35	4
17	25	-4
3	21	-4
21	33	-4
13	17	4
3	5	-4
21	29	-4
17	33	4
17	37	-4
17	19	4
5	17	-4
11	17	4
17	29	4
10	11	4
34	35	4
32	33	4
30	31	4
28	29	4
26	27	4
24	25	4
20	21	4
8	9	4
18	19	4
16	17	4
14	15	4
12	13	4
6	7	4
22	23	4
0	1	4
36	37	4
2	3	4
4	5	4
8	35	2.74718
9	34	2.74718
10	29	2.21004
11	28	2.21004
1	14	2.18134
0	15	2.18134
12	35	2.16103
13	34	2.16103
1	6	2.09949
0	7	2.09949
3	32	2.08685
2	33	2.08685
0	27	2.08247
1	26	2.08247
7	26	2.06898
6	27	2.06898
8	13	2.06007
9	12	2.06007
6	25	2.02443
7	24	2.02443
4	15	2.01898
5	14	2.01898
27	30	2.01752
26	31	2.01752
13	18	2.01516
12	19	2.01516
15	26	2.01269
14	27	2.01269
0	37	2.00774
1	36	2.00774
0	21	2.00751
1	20	2.00751
6	15	2.0072
7	14	2.0072
0	25	2.00662
1	24	2.00662
1	4	2.00616
0	5	2.00616
4	7	2.0061
5	6	2.0061
7	36	2.00592
6	37	2.00592
5	26	2.00566
4	27	2.00566
21	26	2.00524
20	27	2.00524
6	21	2.00412
7	20	2.00412
30	35	-2.00386
31	34	-2.00386
15	36	2.0038
14	37	2.0038
19	34	2.00352
18	35	2.00352
13	30	-2.00301
12	31	-2.00301
4	25	2.00245
5	24	2.00245
16	23	2.00231
17	22	2.00231
25	26	2.00213
24	27	2.00213
8	19	2.00187
9	18	2.00187
10	33	2.00164
11	32	2.00164
4	37	2.00134
5	36	2.00134
9	30	-2.00109
8	31	-2.00109
10	13	2.00105
11	12	2.00105
15	24	2.00077
14	25	2.00077
25	30	2.00068
24	31	2.00068
1	30	2.00054
0	31	2.00054
15	20	2.00054
14	21	2.00054
11	34	2.00045
10	35	2.00045
7	30	2.00042
6	31	2.00042
27	36	2.00031
26	37	2.00031
13	26	-2.00025
12	27	-2.00025
2	11	2.00022
3	10	2.00022
3	34	2.0002
2	35	2.0002
27	34	-2.00019
26	35	-2.00019
19	30	-2.00016
18	31	-2.00016
23	30	-2.00016
22	31	-2.00016
7	12	-2.00014
6	13	-2.00014
13	28	2.00013
12	29	2.00013
5	20	2.00012
4	21	2.00012
9	26	-2.00011
8	27	-2.00011
21	24	2.0001
20	25	2.0001
20	37	2.00008
21	36	2.00008
7	34	-2.00008
6	35	-2.00008
6	19	-2.00007
7	18	-2.00007
15	30	2.00007
14	31	2.00007
2	9	2.00007
3	8	2.00007
19	26	-2.00006
18	27	-2.00006
8	23	2.00006
9	22	2.00006
22	35	2.00005
23	34	2.00005
7	8	-2.00005
6	9	-2.00005
5	30	2.00005
4	31	2.00005
12	23	2.00005
13	22	2.00005
2	13	2.00005
3	12	2.00005
33	34	2.00004
32	35	2.00004
24	37	2.00004
25	36	2.00004
29	32	2.00004
28	33	2.00004
12	25	-2.00004
13	24	-2.00004
9	10	2.00004
8	11	2.00004
23	26	-2.00002
22	27	-2.00002
9	32	2.00002
8	33	2.00002
29	34	2.00002
28	35	2.00002
11	26	-2.00001
10	27	-2.00001
25	34	-2.00001
24	35	-2.00001
11	30	-2.00001
10	31	-2.00001
3	22	2.00001
2	23	2.00001
2	31	-2.00001
3	30	-2.00001
21	30	2.00001
20	31	2.00001
4	13	-2.00001
5	12	-2.00001
0	13	-2.00001
1	12	-2.00001
13	32	2.00001
12	33	2.00001
3	28	2.00001
2	29	2.00001
8	25	-2
9	24	-2
7	10	-2
6	11	-2
4	19	-2
5	18	-2
18	23	2
19	22	2
31	32	-2
30	33	-2
24	29	-2
25	28	-2
19	24	-2
18	25	-2
27	32	-2
26	33	-2
0	35	-2
1	34	-2
10	19	2
11	18	2
0	19	-2
1	18	-2
7	22	-2
6	23	-2
1	22	-2
0	23	-2
1	8	-2
0	9	-2
8	29	2
9	28	2
2	27	-2
3	26	-2
6	29	-2
7	28	-2
12	15	-2
13	14	-2
26	29	-2
27	28	-2
14	23	-2
15	22	-2
11	24	-2
10	25	-2
8	15	-2
9	14	-2
15	34	-2
14	35	-2
29	30	-2
28	31	-2
14	19	-2
15	18	-2
5	34	-2
4	35	-2
3	6	-2
2	7	-2
5	8	-2
4	9	-2
22	33	2
23	32	2
29	36	-2
28	37	-2
6	33	-2
7	32	-2
13	20	-2
12	21	-2
10	37	-2
11	36	-2
18	29	2
19	28	2
2	25	-2
3	24	-2
8	21	-2
9	20	-2
10	23	2
11	22	2
23	24	-2
22	25	-2
25	32	-2
24	33	-2
18	21	-2
19	20	-2
4	29	-2
5	28	-2
0	11	-2
1	10	-2
0	29	-2
1	28	-2
1	16	-2
0	17	-2
5	10	-2
4	11	-2
20	35	-2
21	34	-2
15	16	-2
14	17	-2
5	22	-2
4	23	-2
0	3	-2
1	2	-2
20	23	-2
21	22	-2
30	37	2
31	36	2
19	36	-2
18	37	-2
1	32	-2
0	33	-2
16	27	-2
17	26	-2
2	19	2
3	18	2
3	16	2
2	17	2
35	36	-2
34	37	-2
16	31	-2
17	30	-2
17	20	-2
16	21	-2
13	36	-2
12	37	-2
14	29	-2
15	28	-2
9	36	-2
8	37	-2
22	29	2
23	28	2
23	36	-2
22	37	-2
10	15	-2
11	14	-2
14	33	-2
15	32	-2
19	32	2
18	33	2
33	36	-2
32	37	-2
3	14	-2
2	15	-2
5	32	-2
4	33	-2
9	16	2
8	17	2
3	36	-2
2	37	-2
10	21	-2
11	20	-2
7	16	-2
6	17	-2
16	35	2
17	34	2
17	24	-2
16	25	-2
2	21	-2
3	20	-2
20	33	-2
21	32	-2
13	16	2
12	17	2
2	5	-2
3	4	-2
21	28	-2
20	29	-2
17	32	2
16	33	2
16	37	-2
17	36	-2
17	18	2
16	19	2
5	16	-2
4	17	-2
10	17	2
11	16	2
17	28	2
16	29	2
8	34	1.37359
10	28	1.10502
0	14	1.09067
12	34	1.08052
0	6	1.04975
2	32	1.04343
0	26	1.04124
6	26	1.03449
8	12	1.03004
6	24	1.01221
4	14	1.00949
26	30	1.00876
12	18	1.00758
14	26	1.00634
0	36	1.00387
0	20	1.00376
6	14	1.0036
0	24	1.00331
0	4	1.00308
4	6	1.00305
6	36	1.00296
4	26	1.00283
20	26	1.00262
6	20	1.00206
30	34	-1.00193
14	36	1.0019
18	34	1.00176
12	30	-1.00151
4	24	1.00123
16	22	1.00116
24	26	1.00106
8	18	1.00093
10	32	1.00082
4	36	1.00067
8	30	-1.00054
10	12	1.00053
14	24	1.00038
24	30	1.00034
0	30	1.00027
14	20	1.00027
10	34	1.00023
6	30	1.00021
26	36	1.00015
12	26	-1.00013
2	10	1.00011
2	34	1.0001
26	34	-1.00009
18	30	-1.00008
22	30	-1.00008
6	12	-1.00007
12	28	1.00007
4	20	1.00006
8	26	-1.00005
20	24	1.00005
20	36	1.00004
6	34	-1.00004
6	18	-1.00004
14	30	1.00004
2	8	1.00003
18	26	-1.00003
8	22	1.00003
22	34	1.00003
6	8	-1.00003
4	30	1.00002
12	22	1.00002
2	12	1.00002
32	34	1.00002
24	36	1.00002
28	32	1.00002
12	24	-1.00002
8	10	1.00002
22	26	-1.00001
8	32	1.00001
28	34	1.00001
10	26	-1.00001
24	34	-1.00001
10	30	-1.00001
2	22	1.00001
2	30	-1
20	30	1
4	12	-1
0	12	-1
12	32	1
2	28	1
8	24	-1
6	10	-1
4	18	-1
18	22	1
30	32	-1
24	28	-1
18	24	-1
26	32	-1
0	34	-1
10	18	1
0	18	-1
6	22	-1
0	22	-1
0	8	-1
8	28	1
2	26	-1
6	28	-1
12	14	-1
26	28	-1
14	22	-1
10	24	-1
8	14	-1
14	34	-1
28	30	-1
14	18	-1
4	34	-1
2	6	-1
4	8	-1
22	32	1
28	36	-1
6	32	-1
12	20	-1
10	36	-1
18	28	1
2	24	-1
8	20	-1
10	22	1
22	24	-1
24	32	-1
18	20	-1
4	28	-1
0	10	-1
0	28	-1
0	16	-1
4	10	-1
20	34	-1
14	16	-1
4	22	-1
0	2	-1
20	22	-1
30	36	1
18	36	-1
0	32	-1
16	26	-1
2	18	1
2	16	1
34	36	-1
16	30	-1
16	20	-1
12	36	-1
14	28	-1
8	36	-1
22	28	1
22	36	-1
10	14	-1
14	32	-1
18	32	1
32	36	-1
2	14	-1
4	32	-1
8	16	1
2	36	-1
10	20	-1
6	16	-1
16	34	1
16	24	-1
2	20	-1
20	32	-1
12	16	1
2	4	-1
20	28	-1
16	32	1
16	36	-1
16	18	1
4	16	-1
10	16	1
16	28	1
