0	1	2
44	45	2
46	47	2
48	49	2
50	51	2
52	53	2
54	55	2
146	147	2
56	57	2
60	61	2
62	63	2
64	65	2
66	67	2
68	69	2
70	71	2
58	59	2
42	43	2
40	41	2
38	39	2
8	9	2
10	11	2
12	13	2
14	15	2
16	17	2
18	19	2
20	21	2
22	23	2
24	25	2
26	27	2
28	29	2
30	31	2
32	33	2
34	35	2
36	37	2
72	73	2
6	7	2
74	75	2
78	79	2
118	119	2
120	121	2
122	123	2
124	125	2
126	127	2
128	129	2
116	117	2
130	131	2
134	135	2
136	137	2
138	139	2
140	141	2
142	143	2
144	145	2
132	133	2
114	115	2
112	113	2
110	111	2
80	81	2
82	83	2
84	85	2
86	87	2
88	89	2
90	91	2
92	93	2
94	95	2
96	97	2
98	99	2
100	101	2
102	103	2
104	105	2
106	107	2
108	109	2
76	77	2
4	5	2
148	149	2
2	3	2
9	103	0.290039
29	57	0.217898
9	102	0.14502
8	103	0.14502
29	56	0.108949
28	57	0.108949
8	102	0.0725098
55	73	0.0718735
41	147	0.0710272
7	147	0.0687176
39	91	0.0673157
35	67	0.0632465
28	56	0.0544744
25	29	0.0543204
54	73	0.0359367
55	72	0.0359367
41	146	0.0355136
40	147	0.0355136
55	57	0.0350411
7	146	0.0343588
6	147	0.0343588
38	91	0.0336578
39	90	0.0336578
35	66	0.0316233
34	67	0.0316233
24	29	0.0271602
25	28	0.0271602
57	95	0.0260964
15	115	0.025779
29	73	0.0237767
7	41	0.0230853
59	109	0.0230847
49	89	0.0206687
125	129	0.0201417
54	72	0.0179684
40	146	0.0177568
55	56	0.0175206
54	57	0.0175206
6	146	0.0171794
38	90	0.0168289
57	73	0.0161046
34	66	0.0158116
24	28	0.0135801
57	94	0.0130482
56	95	0.0130482
14	115	0.0128895
15	114	0.0128895
29	72	0.0118883
28	73	0.0118883
7	40	0.0115427
6	41	0.0115427
58	109	0.0115424
59	108	0.0115424
83	123	0.0110316
49	88	0.0103344
48	89	0.0103344
125	128	0.0100709
124	129	0.0100709
54	56	0.00876028
19	71	0.00853396
56	73	0.0080523
57	72	0.0080523
35	101	0.00781926
25	57	0.00659255
29	95	0.00657619
56	94	0.00652411
14	114	0.00644475
28	72	0.00594416
6	40	0.00577133
58	108	0.00577118
82	123	0.0055158
83	122	0.0055158
48	88	0.00516718
39	111	0.00509433
124	128	0.00503543
77	115	0.00482785
19	70	0.00426698
18	71	0.00426698
91	111	0.00409636
56	72	0.00402615
35	100	0.00390963
34	101	0.00390963
21	109	0.00387213
29	55	0.00344406
69	111	-0.00340121
24	57	0.00329628
25	56	0.00329628
29	94	0.00328809
28	95	0.00328809
33	39	0.00327048
1	141	0.00298693
82	122	0.0027579
31	117	0.00275772
39	110	0.00254716
38	111	0.00254716
43	47	-0.00253143
76	115	0.00241393
77	114	0.00241393
47	91	0.00237333
43	91	-0.00218886
18	70	0.00213349
67	101	0.00211403
95	135	0.00211161
83	91	-0.00210395
90	111	0.00204818
91	110	0.00204818
101	137	0.00197198
34	100	0.00195482
21	108	0.00193607
20	109	0.00193607
35	137	0.0017294
29	54	0.00172203
28	55	0.00172203
68	111	-0.0017006
69	110	-0.0017006
24	56	0.00164814
28	94	0.00164405
33	38	0.00163524
32	39	0.00163524
17	75	0.00156353
0	141	0.00149346
1	140	0.00149346
77	109	0.00149133
31	116	0.00137886
30	117	0.00137886
43	87	0.00135359
79	109	0.00128438
38	110	0.00127358
42	47	-0.00126572
43	46	-0.00126572
76	114	0.00120696
46	91	0.00118666
47	90	0.00118666
43	90	-0.00109443
42	91	-0.00109443
66	101	0.00105701
67	100	0.00105701
94	135	0.0010558
95	134	0.0010558
82	91	-0.00105197
83	90	-0.00105197
69	105	0.00104196
90	110	0.00102409
65	83	0.00101369
101	136	0.00098599
100	137	0.00098599
33	83	-0.000975941
20	108	0.000968033
121	141	0.000949422
35	136	0.000864701
34	137	0.000864701
28	54	0.000861015
33	111	0.000853957
68	110	-0.000850302
32	38	0.000817621
57	135	0.00081044
16	75	0.000781765
17	74	0.000781765
23	35	0.000760756
55	95	0.000753731
0	140	0.000746732
77	108	0.000745667
76	109	0.000745667
39	47	0.000729021
9	147	0.000702189
30	116	0.000689431
43	86	0.000676793
42	87	0.000676793
105	133	0.000676508
78	109	0.000642192
79	108	0.000642192
42	46	-0.000632858
27	77	0.000598333
46	90	0.000593332
25	73	0.000572631
42	90	-0.000547216
77	85	0.000532409
66	100	0.000528507
94	134	0.000527901
7	103	0.000526819
82	90	-0.000525987
69	104	0.000520981
68	105	0.000520981
65	82	0.000506847
64	83	0.000506847
100	136	0.000492995
32	83	-0.000487971
33	82	-0.000487971
103	123	0.000475663
121	140	0.000474711
120	141	0.000474711
103	147	0.000471554
37	115	0.000445658
34	136	0.00043235
33	110	0.000426979
32	111	0.000426979
21	77	0.000425468
39	43	-0.000420482
33	47	0.000418515
71	85	0.000415907
15	77	0.000410222
57	134	0.00040522
56	135	0.00040522
3	115	0.000401065
16	74	0.000390883
23	34	0.000380378
22	35	0.000380378
55	94	0.000376866
54	95	0.000376866
76	108	0.000372833
38	47	0.000364511
39	46	0.000364511
8	147	0.000351095
9	146	0.000351095
65	135	0.000349131
42	86	0.000338396
104	133	0.000338254
105	132	0.000338254
78	108	0.000321096
39	83	-0.000302498
13	129	0.000301132
27	76	0.000299167
26	77	0.000299167
33	91	0.000292849
33	69	-0.000291465
24	73	0.000286316
25	72	0.000286316
27	59	0.000277785
83	111	-0.000272769
37	83	0.000271952
77	84	0.000266205
76	85	0.000266205
6	103	0.00026341
7	102	0.00026341
68	104	0.000260491
64	82	0.000253423
32	82	-0.000243985
39	87	-0.000242778
102	123	0.000237831
103	122	0.000237831
120	140	0.000237355
103	146	0.000235777
102	147	0.000235777
36	115	0.000222829
37	114	0.000222829
32	110	0.000213489
21	76	0.000212734
20	77	0.000212734
11	35	0.000211848
47	83	-0.000211494
38	43	-0.000210241
39	42	-0.000210241
32	47	0.000209258
33	46	0.000209258
70	85	0.000207953
71	84	0.000207953
69	77	0.000205256
15	76	0.000205111
14	77	0.000205111
25	95	0.000203035
56	134	0.00020261
1	99	0.000202102
2	115	0.000200533
3	114	0.000200533
91	93	0.000197462
105	111	-0.000196747
91	105	-0.000191571
22	34	0.000190189
54	94	0.000188433
43	63	0.000184801
11	113	0.000182971
38	46	0.000182255
8	146	0.000175547
39	93	0.000175312
59	77	0.000174883
65	134	0.000174566
64	135	0.000174566
51	75	0.000170252
104	132	0.000169127
37	77	0.000155984
39	82	-0.000151249
38	83	-0.000151249
13	128	0.000150566
12	129	0.000150566
69	133	0.000149796
26	76	0.000149583
65	95	0.000148965
33	90	0.000146425
32	91	0.000146425
33	68	-0.000145733
32	69	-0.000145733
24	72	0.000143158
21	137	0.000142226
77	131	0.00014192
71	109	0.00013927
26	59	0.000138892
27	58	0.000138892
3	37	0.000138025
77	79	0.000137991
82	111	-0.000136385
83	110	-0.000136385
37	82	0.000135976
36	83	0.000135976
76	84	0.000133102
6	102	0.000131705
39	105	-0.000130227
35	105	0.000127622
99	141	0.000123421
71	145	0.00012274
39	86	-0.000121389
38	87	-0.000121389
102	122	0.000118916
102	146	0.000117888
36	114	0.000111415
33	43	-0.000111298
59	145	0.000109743
29	135	0.00010839
23	101	0.000107237
55	135	0.000106715
20	76	0.000106367
11	34	0.000105924
10	35	0.000105924
46	83	-0.000105747
47	82	-0.000105747
38	42	-0.00010512
32	46	0.000104629
70	84	0.000103977
68	77	0.000102628
69	76	0.000102628
14	76	0.000102555
25	94	0.000101517
24	95	0.000101517
0	99	0.000101051
1	98	0.000101051
2	114	0.000100266
1	105	0.000100171
27	109	9.95846e-05
91	92	9.87308e-05
90	93	9.87308e-05
104	111	-9.83736e-05
105	110	-9.83736e-05
90	105	-9.57857e-05
91	104	-9.57857e-05
42	63	9.24006e-05
43	62	9.24006e-05
21	145	9.19343e-05
10	113	9.14857e-05
11	112	9.14857e-05
39	92	8.7656e-05
38	93	8.7656e-05
58	77	8.74413e-05
59	76	8.74413e-05
64	134	8.72828e-05
50	75	8.51261e-05
51	74	8.51261e-05
33	65	-8.3556e-05
105	121	8.03123e-05
37	76	7.79922e-05
36	77	7.79922e-05
69	83	7.59864e-05
38	82	-7.56245e-05
77	119	7.55099e-05
12	128	7.52831e-05
68	133	7.4898e-05
69	132	7.4898e-05
65	94	7.44826e-05
64	95	7.44826e-05
39	69	-7.37571e-05
32	90	7.32123e-05
32	68	-7.28663e-05
19	85	7.20106e-05
20	137	7.1113e-05
21	136	7.1113e-05
76	131	7.09602e-05
77	130	7.09602e-05
7	9	6.98673e-05
70	109	6.9635e-05
71	108	6.9635e-05
26	58	6.94462e-05
2	37	6.90124e-05
3	36	6.90124e-05
76	79	6.89955e-05
77	78	6.89955e-05
82	110	-6.81923e-05
36	82	6.7988e-05
37	69	6.67754e-05
25	55	6.62105e-05
38	105	-6.51135e-05
39	104	-6.51135e-05
34	105	6.38108e-05
35	104	6.38108e-05
13	125	6.3597e-05
59	79	6.25785e-05
98	141	6.17107e-05
99	140	6.17107e-05
70	145	6.13699e-05
71	144	6.13699e-05
38	86	-6.06946e-05
33	42	-5.56492e-05
32	43	-5.56492e-05
23	137	5.53903e-05
59	144	5.48713e-05
58	145	5.48713e-05
115	145	5.44191e-05
29	134	5.41949e-05
28	135	5.41949e-05
47	101	-5.4074e-05
57	147	5.37217e-05
23	100	5.36185e-05
22	101	5.36185e-05
54	135	5.33574e-05
55	134	5.33574e-05
1	77	5.31629e-05
10	34	5.29619e-05
46	82	-5.28735e-05
119	131	5.2422e-05
68	76	5.13141e-05
15	27	5.09257e-05
24	94	5.07586e-05
0	98	5.05256e-05
1	104	5.00853e-05
0	105	5.00853e-05
26	109	4.97923e-05
27	108	4.97923e-05
90	92	4.93654e-05
104	110	-4.91868e-05
75	125	-4.91572e-05
90	104	-4.78929e-05
25	135	4.64803e-05
42	62	4.62003e-05
20	145	4.59671e-05
21	144	4.59671e-05
91	137	-4.57542e-05
10	112	4.57429e-05
38	92	4.3828e-05
58	76	4.37206e-05
50	74	4.25631e-05
19	109	4.25123e-05
32	65	-4.1778e-05
33	64	-4.1778e-05
21	79	4.14472e-05
111	125	4.08872e-05
21	59	4.04591e-05
105	120	4.01561e-05
104	121	4.01561e-05
27	145	3.97622e-05
36	76	3.89961e-05
39	123	-3.83381e-05
105	137	3.81811e-05
68	83	3.79932e-05
69	82	3.79932e-05
76	119	3.77549e-05
77	118	3.77549e-05
68	132	3.7449e-05
64	94	3.72413e-05
39	68	-3.68786e-05
38	69	-3.68786e-05
19	84	3.60053e-05
18	85	3.60053e-05
85	145	3.56835e-05
20	136	3.55565e-05
76	130	3.54801e-05
61	99	3.52882e-05
7	8	3.49336e-05
6	9	3.49336e-05
70	108	3.48175e-05
17	51	3.45391e-05
2	36	3.45062e-05
76	78	3.44978e-05
65	123	3.42104e-05
36	69	3.33877e-05
37	68	3.33877e-05
24	55	3.31052e-05
25	54	3.31052e-05
38	104	-3.25568e-05
85	109	3.24828e-05
34	104	3.19054e-05
13	124	3.17985e-05
12	125	3.17985e-05
69	101	3.14101e-05
58	79	3.12893e-05
59	78	3.12893e-05
98	140	3.08553e-05
99	121	3.07596e-05
70	144	3.06849e-05
37	43	2.9226e-05
32	42	-2.78246e-05
23	136	2.76951e-05
22	137	2.76951e-05
58	144	2.74356e-05
114	145	2.72096e-05
115	144	2.72096e-05
28	134	2.70975e-05
46	101	-2.7037e-05
47	100	-2.7037e-05
57	146	2.68609e-05
56	147	2.68609e-05
22	100	2.68092e-05
105	141	2.67554e-05
54	134	2.66787e-05
0	77	2.65815e-05
1	76	2.65815e-05
23	67	2.63518e-05
119	130	2.6211e-05
118	131	2.6211e-05
14	27	2.54628e-05
15	26	2.54628e-05
91	123	-2.50428e-05
0	104	2.50426e-05
26	108	2.48961e-05
39	65	-2.47314e-05
21	131	2.46243e-05
74	125	-2.45786e-05
75	124	-2.45786e-05
101	105	2.44764e-05
65	111	-2.35869e-05
24	135	2.32401e-05
25	134	2.32401e-05
20	144	2.29836e-05
109	145	2.2936e-05
90	137	-2.28771e-05
91	136	-2.28771e-05
29	59	2.16163e-05
87	91	-2.13296e-05
19	108	2.12561e-05
18	109	2.12561e-05
69	79	2.11541e-05
32	64	-2.0889e-05
27	115	2.08067e-05
111	129	2.07352e-05
21	78	2.07236e-05
20	79	2.07236e-05
110	125	2.04436e-05
111	124	2.04436e-05
20	59	2.02295e-05
21	58	2.02295e-05
104	120	2.00781e-05
15	109	2.00512e-05
26	145	1.98811e-05
27	144	1.98811e-05
77	145	1.96227e-05
17	123	1.93307e-05
39	122	-1.91691e-05
38	123	-1.91691e-05
47	137	-1.91147e-05
105	136	1.90906e-05
104	137	1.90906e-05
68	82	1.89966e-05
76	118	1.88775e-05
67	105	1.85667e-05
73	95	1.84738e-05
38	68	-1.84393e-05
3	77	1.81214e-05
33	135	-1.80113e-05
18	84	1.80026e-05
85	144	1.78417e-05
84	145	1.78417e-05
61	98	1.76441e-05
60	99	1.76441e-05
69	91	-1.74776e-05
6	8	1.74668e-05
16	51	1.72695e-05
17	50	1.72695e-05
109	115	1.71687e-05
64	123	1.71052e-05
65	122	1.71052e-05
36	68	1.66938e-05
21	115	1.65537e-05
24	54	1.65526e-05
84	109	1.62414e-05
85	108	1.62414e-05
12	124	1.58993e-05
68	101	1.57051e-05
69	100	1.57051e-05
58	78	1.56446e-05
29	79	1.5566e-05
57	109	1.54279e-05
98	121	1.53798e-05
99	120	1.53798e-05
9	123	1.4803e-05
37	42	1.4613e-05
36	43	1.4613e-05
43	137	1.45746e-05
22	136	1.38476e-05
57	79	1.38454e-05
114	144	1.36048e-05
46	100	-1.35185e-05
56	146	1.34304e-05
104	141	1.33777e-05
105	140	1.33777e-05
79	143	1.33688e-05
39	129	1.33496e-05
0	76	1.32907e-05
83	103	1.32702e-05
22	67	1.31759e-05
23	66	1.31759e-05
118	130	1.31055e-05
77	105	1.29347e-05
14	26	1.27314e-05
41	57	1.27016e-05
91	122	-1.25214e-05
90	123	-1.25214e-05
61	141	1.25164e-05
77	133	1.2514e-05
69	109	1.24107e-05
38	65	-1.23657e-05
39	64	-1.23657e-05
20	131	1.23122e-05
21	130	1.23122e-05
74	124	-1.22893e-05
100	105	1.22382e-05
101	104	1.22382e-05
111	121	-1.21118e-05
17	125	-1.19989e-05
3	83	1.18577e-05
64	111	-1.17935e-05
65	110	-1.17935e-05
24	134	1.16201e-05
108	145	1.1468e-05
109	144	1.1468e-05
90	136	-1.14385e-05
51	89	1.12498e-05
69	85	1.12217e-05
49	75	1.10228e-05
28	59	1.08082e-05
29	58	1.08082e-05
86	91	-1.06648e-05
87	90	-1.06648e-05
18	108	1.06281e-05
68	79	1.05771e-05
69	78	1.05771e-05
27	114	1.04034e-05
26	115	1.04034e-05
111	128	1.03676e-05
110	129	1.03676e-05
20	78	1.03618e-05
110	124	1.02218e-05
20	58	1.01148e-05
83	147	1.00879e-05
14	109	1.00256e-05
15	108	1.00256e-05
26	144	9.94056e-06
76	145	9.81136e-06
77	144	9.81136e-06
17	122	9.66534e-06
16	123	9.66534e-06
38	122	-9.58454e-06
47	136	-9.55737e-06
46	137	-9.55737e-06
104	136	9.54529e-06
73	79	9.32135e-06
59	73	9.30299e-06
67	104	9.28337e-06
66	105	9.28337e-06
73	94	9.2369e-06
72	95	9.2369e-06
93	137	-9.16227e-06
2	77	9.06069e-06
3	76	9.06069e-06
23	105	9.01565e-06
37	47	-9.01533e-06
32	135	-9.00564e-06
33	134	-9.00564e-06
15	85	8.92489e-06
84	144	8.92087e-06
60	98	8.82204e-06
95	147	8.80994e-06
17	39	-8.7775e-06
68	91	-8.73881e-06
69	90	-8.73881e-06
37	91	-8.70858e-06
16	50	8.63477e-06
61	121	8.62084e-06
108	115	8.58436e-06
109	114	8.58436e-06
64	122	8.5526e-06
21	114	8.27685e-06
20	115	8.27685e-06
23	113	8.27159e-06
84	108	8.12071e-06
79	85	7.95885e-06
93	111	7.9004e-06
68	100	7.85253e-06
28	79	7.78301e-06
29	78	7.78301e-06
56	109	7.71397e-06
57	108	7.71397e-06
98	120	7.68989e-06
43	111	-7.55958e-06
65	69	7.50022e-06
19	21	7.46803e-06
8	123	7.4015e-06
9	122	7.4015e-06
21	101	7.36234e-06
36	42	7.3065e-06
42	137	7.28729e-06
43	136	7.28729e-06
57	78	6.92271e-06
56	79	6.92271e-06
57	59	6.82475e-06
3	95	6.70593e-06
104	140	6.68884e-06
79	142	6.68438e-06
78	143	6.68438e-06
39	128	6.67481e-06
38	129	6.67481e-06
82	103	6.63512e-06
83	102	6.63512e-06
22	66	6.58795e-06
77	104	6.46737e-06
76	105	6.46737e-06
40	57	6.35078e-06
41	56	6.35078e-06
90	122	-6.2607e-06
61	140	6.2582e-06
60	141	6.2582e-06
77	132	6.25699e-06
76	133	6.25699e-06
41	101	6.22743e-06
69	108	6.20536e-06
68	109	6.20536e-06
38	64	-6.18285e-06
20	130	6.15608e-06
100	104	6.11909e-06
110	121	-6.05591e-06
111	120	-6.05591e-06
17	124	-5.99944e-06
16	125	-5.99944e-06
21	85	5.94394e-06
2	83	5.92886e-06
3	82	5.92886e-06
64	110	-5.89673e-06
59	85	5.8628e-06
21	69	5.7936e-06
25	41	5.79236e-06
108	144	5.73399e-06
111	123	-5.62722e-06
50	89	5.62489e-06
51	88	5.62489e-06
68	85	5.61087e-06
69	84	5.61087e-06
48	75	5.51141e-06
49	74	5.51141e-06
28	58	5.40408e-06
86	90	-5.33239e-06
68	78	5.28854e-06
26	114	5.20169e-06
110	128	5.18379e-06
41	103	5.1679e-06
82	147	5.04395e-06
83	146	5.04395e-06
14	108	5.01279e-06
73	109	4.92533e-06
76	144	4.90568e-06
16	122	4.83267e-06
87	141	4.817e-06
39	125	4.78199e-06
46	136	-4.77868e-06
47	67	-4.71174e-06
73	78	4.66067e-06
72	79	4.66067e-06
59	72	4.6515e-06
58	73	4.6515e-06
66	104	4.64169e-06
29	147	4.62683e-06
72	94	4.61845e-06
35	133	4.58777e-06
92	137	-4.58113e-06
93	136	-4.58113e-06
2	76	4.53034e-06
22	105	4.50782e-06
23	104	4.50782e-06
37	46	-4.50767e-06
36	47	-4.50767e-06
32	134	-4.50282e-06
14	85	4.46244e-06
15	84	4.46244e-06
111	141	-4.41047e-06
95	146	4.40497e-06
94	147	4.40497e-06
17	38	-4.38875e-06
16	39	-4.38875e-06
68	90	-4.36941e-06
19	145	4.36432e-06
29	109	4.35581e-06
36	91	-4.35429e-06
37	90	-4.35429e-06
37	101	4.33539e-06
61	120	4.31042e-06
60	121	4.31042e-06
108	114	4.29218e-06
17	111	-4.28609e-06
1	133	4.19857e-06
101	147	4.16939e-06
20	114	4.13843e-06
22	113	4.1358e-06
23	112	4.1358e-06
1	79	4.06649e-06
33	123	-4.06036e-06
37	111	-4.03108e-06
47	69	-4.01891e-06
78	85	3.97943e-06
79	84	3.97943e-06
92	111	3.9502e-06
93	110	3.9502e-06
28	78	3.89151e-06
56	108	3.85698e-06
1	121	3.8514e-06
11	23	3.78331e-06
43	110	-3.77979e-06
42	111	-3.77979e-06
17	83	3.76607e-06
64	69	3.75011e-06
65	68	3.75011e-06
21	71	3.73863e-06
19	20	3.73402e-06
18	21	3.73402e-06
77	95	3.71184e-06
8	122	3.70075e-06
20	101	3.68117e-06
21	100	3.68117e-06
42	136	3.64365e-06
15	145	3.5907e-06
43	69	3.52322e-06
49	51	3.47485e-06
7	83	3.46873e-06
56	78	3.46136e-06
23	133	3.45847e-06
56	59	3.41238e-06
57	58	3.41238e-06
69	137	3.35616e-06
3	94	3.35296e-06
2	95	3.35296e-06
78	142	3.34219e-06
38	128	3.33741e-06
82	102	3.31756e-06
21	45	3.28252e-06
25	147	3.27557e-06
76	104	3.23368e-06
87	105	3.20397e-06
40	56	3.17539e-06
57	65	3.17206e-06
21	37	3.13761e-06
60	140	3.1291e-06
76	132	3.12849e-06
40	101	3.11371e-06
41	100	3.11371e-06
68	108	3.10268e-06
35	47	-3.07094e-06
37	105	3.03558e-06
110	120	-3.02796e-06
16	124	-2.99972e-06
20	85	2.97197e-06
21	84	2.97197e-06
2	82	2.96443e-06
59	84	2.9314e-06
58	85	2.9314e-06
20	69	2.8968e-06
21	68	2.8968e-06
24	41	2.89618e-06
25	40	2.89618e-06
111	122	-2.81361e-06
110	123	-2.81361e-06
50	88	2.81245e-06
68	84	2.80543e-06
48	74	2.75571e-06
47	87	-2.69812e-06
35	91	-2.68536e-06
41	102	2.58395e-06
40	103	2.58395e-06
82	146	2.52198e-06
65	91	-2.49051e-06
67	137	2.47281e-06
73	108	2.46267e-06
72	109	2.46267e-06
9	143	2.43627e-06
39	137	-2.41774e-06
87	140	2.4085e-06
86	141	2.4085e-06
38	125	2.391e-06
39	124	2.391e-06
33	141	-2.3589e-06
47	66	-2.35587e-06
46	67	-2.35587e-06
21	147	2.34004e-06
85	105	2.33091e-06
72	78	2.33034e-06
58	72	2.32575e-06
29	146	2.31341e-06
28	147	2.31341e-06
35	132	2.29388e-06
34	133	2.29388e-06
92	136	-2.29057e-06
22	104	2.25391e-06
36	46	-2.25383e-06
85	115	2.23835e-06
14	84	2.23122e-06
111	140	-2.20523e-06
110	141	-2.20523e-06
94	146	2.20248e-06
16	38	-2.19437e-06
91	121	-2.18352e-06
18	145	2.18216e-06
19	144	2.18216e-06
28	109	2.17791e-06
29	108	2.17791e-06
36	90	-2.17714e-06
36	101	2.16769e-06
37	100	2.16769e-06
60	120	2.15521e-06
16	111	-2.14304e-06
17	110	-2.14304e-06
1	132	2.09928e-06
0	133	2.09928e-06
100	147	2.08469e-06
101	146	2.08469e-06
73	135	2.0696e-06
22	112	2.0679e-06
97	131	2.05209e-06
1	78	2.03325e-06
0	79	2.03325e-06
43	83	2.03304e-06
33	122	-2.03018e-06
32	123	-2.03018e-06
17	65	2.02881e-06
36	111	-2.01554e-06
37	110	-2.01554e-06
47	68	-2.00945e-06
46	69	-2.00945e-06
85	111	-1.99524e-06
78	84	1.98971e-06
92	110	1.9751e-06
1	69	1.94503e-06
69	131	1.94054e-06
1	120	1.9257e-06
0	121	1.9257e-06
10	23	1.89166e-06
11	22	1.89166e-06
42	110	-1.8899e-06
67	91	-1.88339e-06
17	82	1.88304e-06
16	83	1.88304e-06
64	68	1.87505e-06
21	70	1.86931e-06
20	71	1.86931e-06
18	20	1.86701e-06
76	95	1.85592e-06
77	94	1.85592e-06
19	101	1.85192e-06
20	100	1.84058e-06
85	119	1.82604e-06
35	69	1.82542e-06
33	37	-1.82315e-06
45	133	1.81939e-06
14	145	1.79535e-06
15	144	1.79535e-06
57	77	1.77292e-06
43	68	1.76161e-06
42	69	1.76161e-06
48	51	1.73742e-06
49	50	1.73742e-06
7	82	1.73437e-06
6	83	1.73437e-06
23	132	1.72924e-06
22	133	1.72924e-06
56	58	1.70619e-06
69	136	1.67808e-06
68	137	1.67808e-06
2	94	1.67648e-06
45	109	1.67303e-06
9	83	1.67112e-06
91	101	-1.64345e-06
21	44	1.64126e-06
20	45	1.64126e-06
25	146	1.63778e-06
24	147	1.63778e-06
37	137	1.63632e-06
27	79	1.60592e-06
87	104	1.60199e-06
86	105	1.60199e-06
56	65	1.58603e-06
57	64	1.58603e-06
21	36	1.5688e-06
20	37	1.5688e-06
65	87	1.56208e-06
40	100	1.55686e-06
69	135	1.53786e-06
34	47	-1.53547e-06
35	46	-1.53547e-06
36	105	1.51779e-06
37	104	1.51779e-06
29	41	1.49955e-06
20	84	1.48598e-06
85	133	1.47094e-06
43	105	1.46628e-06
58	84	1.4657e-06
15	37	1.45632e-06
39	67	-1.45139e-06
20	68	1.4484e-06
24	40	1.44809e-06
79	133	1.42202e-06
110	122	-1.4068e-06
7	123	1.39679e-06
85	99	1.35154e-06
47	86	-1.34906e-06
46	87	-1.34906e-06
35	90	-1.34268e-06
34	91	-1.34268e-06
17	33	-1.33886e-06
11	137	1.32455e-06
40	102	1.29198e-06
43	93	-1.28351e-06
83	93	-1.28142e-06
123	147	1.26006e-06
65	90	-1.24526e-06
64	91	-1.24526e-06
66	137	1.2364e-06
67	136	1.2364e-06
1	111	-1.23409e-06
72	108	1.23133e-06
8	143	1.21814e-06
9	142	1.21814e-06
38	137	-1.20887e-06
39	136	-1.20887e-06
86	140	1.20425e-06
38	124	1.1955e-06
33	140	-1.17945e-06
32	141	-1.17945e-06
46	66	-1.17794e-06
20	147	1.17002e-06
21	146	1.17002e-06
85	104	1.16546e-06
84	105	1.16546e-06
83	95	1.16166e-06
28	146	1.15671e-06
33	87	-1.14841e-06
34	132	1.14694e-06
93	125	1.13266e-06
45	131	1.12617e-06
85	114	1.11918e-06
84	115	1.11918e-06
110	140	-1.10262e-06
39	141	-1.09846e-06
35	39	-1.09453e-06
90	121	-1.09176e-06
91	120	-1.09176e-06
18	144	1.09108e-06
28	108	1.08895e-06
36	100	1.08385e-06
21	105	1.0777e-06
87	93	-1.07258e-06
16	110	-1.07152e-06
115	131	1.06546e-06
25	65	1.0554e-06
59	115	1.04983e-06
0	132	1.04964e-06
47	123	-1.04741e-06
100	146	1.04235e-06
73	134	1.0348e-06
72	135	1.0348e-06
37	131	1.03157e-06
96	131	1.02605e-06
97	130	1.02605e-06
7	21	1.01747e-06
0	78	1.01662e-06
42	83	1.01652e-06
43	82	1.01652e-06
32	122	-1.01509e-06
16	65	1.0144e-06
17	64	1.0144e-06
36	110	-1.00777e-06
25	109	1.00543e-06
46	68	-1.00473e-06
84	111	-9.97622e-07
85	110	-9.97622e-07
1	68	9.72517e-07
0	69	9.72517e-07
68	131	9.70269e-07
69	130	9.70269e-07
77	135	9.64322e-07
0	120	9.6285e-07
37	65	9.60511e-07
10	22	9.45828e-07
67	90	-9.41697e-07
66	91	-9.41697e-07
16	82	9.41518e-07
17	91	-9.40715e-07
87	111	-9.34948e-07
20	70	9.34656e-07
76	94	9.2796e-07
83	105	9.25972e-07
18	101	9.25959e-07
19	100	9.25959e-07
85	118	9.13022e-07
84	119	9.13022e-07
35	68	9.12708e-07
34	69	9.12708e-07
33	36	-9.11574e-07
32	37	-9.11574e-07
44	133	9.09696e-07
45	132	9.09696e-07
14	144	8.97675e-07
33	93	8.93445e-07
56	77	8.86461e-07
57	76	8.86461e-07
7	95	8.8399e-07
42	68	8.80805e-07
39	101	-8.80273e-07
48	50	8.68712e-07
6	82	8.67183e-07
22	132	8.64618e-07
99	105	8.48778e-07
68	136	8.39039e-07
45	108	8.36514e-07
44	109	8.36514e-07
8	83	8.35562e-07
9	82	8.35562e-07
33	105	-8.29286e-07
11	101	8.26388e-07
91	100	-8.21723e-07
90	101	-8.21723e-07
20	44	8.20631e-07
24	146	8.18892e-07
37	136	8.18162e-07
36	137	8.18162e-07
11	67	8.11754e-07
26	79	8.02958e-07
27	78	8.02958e-07
86	104	8.00994e-07
3	21	7.99666e-07
56	64	7.93014e-07
20	36	7.84401e-07
64	87	7.81041e-07
65	86	7.81041e-07
75	129	-7.79534e-07
65	105	7.70989e-07
83	135	7.70426e-07
68	135	7.68928e-07
69	134	7.68928e-07
34	46	-7.67734e-07
63	91	-7.6562e-07
36	104	7.58896e-07
65	147	7.57625e-07
29	40	7.49774e-07
28	41	7.49774e-07
11	105	7.48015e-07
83	101	7.40429e-07
37	63	7.37016e-07
84	133	7.35471e-07
85	132	7.35471e-07
42	105	7.33142e-07
43	104	7.33142e-07
109	143	7.29131e-07
14	37	7.28161e-07
15	36	7.28161e-07
95	115	7.2653e-07
39	66	-7.25694e-07
38	67	-7.25694e-07
101	109	7.25639e-07
15	59	7.17968e-07
11	93	-7.16341e-07
79	132	7.11012e-07
78	133	7.11012e-07
6	123	6.98397e-07
7	122	6.98397e-07
79	95	6.82306e-07
85	98	6.75772e-07
84	99	6.75772e-07
46	86	-6.74529e-07
34	90	-6.7134e-07
87	121	6.71058e-07
17	32	-6.69432e-07
16	33	-6.69432e-07
33	121	-6.6533e-07
10	137	6.62275e-07
11	136	6.62275e-07
59	71	6.59383e-07
3	131	6.58651e-07
65	77	6.52413e-07
109	137	6.44469e-07
43	92	-6.41757e-07
42	93	-6.41757e-07
82	93	-6.40712e-07
83	92	-6.40712e-07
122	147	6.30029e-07
123	146	6.30029e-07
64	90	-6.22629e-07
66	136	6.18201e-07
0	111	-6.17047e-07
1	110	-6.17047e-07
8	142	6.09068e-07
38	136	-6.04435e-07
3	147	5.94597e-07
32	140	-5.89726e-07
93	129	5.88847e-07
91	141	-5.86705e-07
119	135	5.85284e-07
20	146	5.85011e-07
83	131	5.84308e-07
84	104	5.82728e-07
79	119	5.81957e-07
83	94	5.80828e-07
82	95	5.80828e-07
32	87	-5.74204e-07
33	86	-5.74204e-07
41	123	5.6743e-07
92	125	5.66331e-07
93	124	5.66331e-07
45	130	5.63085e-07
44	131	5.63085e-07
41	95	5.62989e-07
9	41	5.62162e-07
75	111	-5.60005e-07
84	114	5.59588e-07
39	140	-5.49229e-07
38	141	-5.49229e-07
67	133	5.48069e-07
34	39	-5.47267e-07
35	38	-5.47267e-07
90	120	-5.45879e-07
20	105	5.3885e-07
21	104	5.3885e-07
41	83	5.381e-07
86	93	-5.36292e-07
87	92	-5.36292e-07
115	130	5.32731e-07
114	131	5.32731e-07
24	65	5.27699e-07
25	64	5.27699e-07
7	57	5.26453e-07
58	115	5.24913e-07
59	114	5.24913e-07
46	123	-5.23704e-07
47	122	-5.23704e-07
19	79	5.22597e-07
79	147	5.17563e-07
72	134	5.174e-07
37	130	5.15787e-07
36	131	5.15787e-07
96	130	5.13023e-07
39	75	-5.08997e-07
7	20	5.08734e-07
6	21	5.08734e-07
15	71	5.08641e-07
42	82	5.0826e-07
16	64	5.07202e-07
75	123	5.0409e-07
67	69	5.02802e-07
25	108	5.02714e-07
24	109	5.02714e-07
91	125	4.99966e-07
84	110	-4.98811e-07
43	141	4.93306e-07
0	68	4.86258e-07
68	130	4.85134e-07
76	135	4.82161e-07
77	134	4.82161e-07
83	137	4.8151e-07
36	65	4.80256e-07
37	64	4.80256e-07
43	101	4.79941e-07
66	90	-4.70848e-07
16	91	-4.70358e-07
17	90	-4.70358e-07
77	111	-4.70128e-07
86	111	-4.67474e-07
87	110	-4.67474e-07
83	104	4.62986e-07
82	105	4.62986e-07
18	100	4.62979e-07
84	118	4.56511e-07
34	68	4.56354e-07
32	36	-4.55787e-07
44	132	4.54848e-07
32	93	4.46723e-07
33	92	4.46723e-07
35	113	4.45169e-07
56	76	4.4323e-07
6	95	4.41995e-07
7	94	4.41995e-07
39	121	-4.40728e-07
39	100	-4.40137e-07
38	101	-4.40137e-07
85	131	4.36402e-07
37	109	4.32884e-07
98	105	4.24389e-07
99	104	4.24389e-07
19	115	4.187e-07
44	108	4.18257e-07
8	82	4.17781e-07
32	105	-4.14643e-07
33	104	-4.14643e-07
11	100	4.13194e-07
10	101	4.13194e-07
90	100	-4.10862e-07
36	136	4.09081e-07
95	109	4.09007e-07
47	111	4.06382e-07
11	66	4.05877e-07
10	67	4.05877e-07
26	78	4.01479e-07
2	21	3.99833e-07
3	20	3.99833e-07
55	79	3.90723e-07
64	86	3.9052e-07
75	128	-3.89767e-07
74	129	-3.89767e-07
35	37	3.88923e-07
64	105	3.85494e-07
65	104	3.85494e-07
83	134	3.85213e-07
82	135	3.85213e-07
68	134	3.84464e-07
63	90	-3.8281e-07
62	91	-3.8281e-07
43	121	3.81959e-07
85	121	3.80468e-07
64	147	3.78812e-07
65	146	3.78812e-07
33	75	-3.7819e-07
79	135	3.77191e-07
28	40	3.74887e-07
71	81	3.74471e-07
10	105	3.74007e-07
11	104	3.74007e-07
82	101	3.70215e-07
83	100	3.70215e-07
36	63	3.68508e-07
37	62	3.68508e-07
84	132	3.67735e-07
42	104	3.66571e-07
109	142	3.64566e-07
108	143	3.64566e-07
14	36	3.64081e-07
69	121	3.63325e-07
94	115	3.63265e-07
95	114	3.63265e-07
38	66	-3.62847e-07
100	109	3.6282e-07
101	108	3.6282e-07
14	59	3.58984e-07
15	58	3.58984e-07
11	92	-3.58171e-07
10	93	-3.58171e-07
45	77	3.56126e-07
78	132	3.55506e-07
3	57	3.51292e-07
6	122	3.49198e-07
78	95	3.41153e-07
79	94	3.41153e-07
84	98	3.37886e-07
87	120	3.35529e-07
86	121	3.35529e-07
16	32	-3.34716e-07
33	120	-3.32665e-07
32	121	-3.32665e-07
29	65	3.31359e-07
10	136	3.31138e-07
58	71	3.29691e-07
59	70	3.29691e-07
2	131	3.29326e-07
3	130	3.29326e-07
3	7	3.27934e-07
65	76	3.26206e-07
64	77	3.26206e-07
109	136	3.22234e-07
108	137	3.22234e-07
93	105	-3.22008e-07
47	93	3.20899e-07
42	92	-3.20879e-07
82	92	-3.20356e-07
59	143	3.17905e-07
23	69	3.15399e-07
122	146	3.15014e-07
17	129	-3.11785e-07
79	105	3.11667e-07
0	110	-3.08524e-07
21	35	2.97971e-07
2	147	2.97298e-07
3	146	2.97298e-07
93	128	2.94423e-07
92	129	2.94423e-07
37	121	2.94036e-07
90	141	-2.93353e-07
91	140	-2.93353e-07
119	134	2.92642e-07
118	135	2.92642e-07
71	77	2.92298e-07
83	130	2.92154e-07
82	131	2.92154e-07
78	119	2.90979e-07
79	118	2.90979e-07
82	94	2.90414e-07
109	119	2.88165e-07
32	86	-2.87102e-07
40	123	2.83715e-07
41	122	2.83715e-07
17	89	2.83376e-07
92	124	2.83165e-07
44	130	2.81542e-07
40	95	2.81494e-07
41	94	2.81494e-07
9	40	2.81081e-07
8	41	2.81081e-07
74	111	-2.80002e-07
75	110	-2.80002e-07
3	15	2.75271e-07
38	140	-2.74614e-07
23	109	2.74494e-07
67	132	2.74034e-07
66	133	2.74034e-07
34	38	-2.73634e-07
59	69	2.7335e-07
21	27	2.71345e-07
81	109	2.69705e-07
20	104	2.69425e-07
40	83	2.6905e-07
41	82	2.6905e-07
86	92	-2.68146e-07
114	130	2.66365e-07
24	64	2.63849e-07
6	57	2.63227e-07
7	56	2.63227e-07
58	114	2.62457e-07
46	122	-2.61852e-07
18	79	2.61298e-07
19	78	2.61298e-07
27	85	2.59227e-07
78	147	2.58781e-07
79	146	2.58781e-07
36	130	2.57894e-07
33	49	-2.56904e-07
59	137	2.56635e-07
41	89	2.55957e-07
39	74	-2.54499e-07
38	75	-2.54499e-07
6	20	2.54367e-07
15	70	2.54321e-07
14	71	2.54321e-07
74	123	2.52045e-07
75	122	2.52045e-07
66	69	2.51401e-07
67	68	2.51401e-07
24	108	2.51357e-07
90	125	2.49983e-07
91	124	2.49983e-07
43	140	2.46653e-07
42	141	2.46653e-07
75	89	2.44169e-07
19	59	2.42979e-07
65	121	2.41327e-07
76	134	2.41081e-07
82	137	2.40755e-07
83	136	2.40755e-07
36	64	2.40128e-07
43	100	2.39971e-07
42	101	2.39971e-07
1	119	2.39299e-07
16	90	-2.35179e-07
76	111	-2.35064e-07
77	110	-2.35064e-07
86	110	-2.33737e-07
82	104	2.31493e-07
19	37	2.30462e-07
45	79	2.28731e-07
37	147	2.27369e-07
32	92	2.23361e-07
35	112	2.22584e-07
34	113	2.22584e-07
6	94	2.20998e-07
39	120	-2.20364e-07
38	121	-2.20364e-07
38	100	-2.20068e-07
84	131	2.18201e-07
85	130	2.18201e-07
36	109	2.16442e-07
37	108	2.16442e-07
93	101	-2.16378e-07
55	147	2.1562e-07
111	137	-2.14998e-07
1	65	2.14952e-07
98	104	2.12195e-07
15	81	2.12145e-07
7	101	2.12043e-07
47	65	-2.12004e-07
61	87	2.10739e-07
19	114	2.0935e-07
18	115	2.0935e-07
32	104	-2.07322e-07
10	100	2.06597e-07
41	55	2.05537e-07
21	83	2.04882e-07
95	108	2.04504e-07
94	109	2.04504e-07
47	110	2.03191e-07
46	111	2.03191e-07
10	66	2.02939e-07
37	85	2.0133e-07
2	20	1.99917e-07
1	37	1.98933e-07
47	63	-1.968e-07
63	71	1.9541e-07
55	78	1.95361e-07
54	79	1.95361e-07
74	128	-1.94884e-07
34	37	1.94462e-07
35	36	1.94462e-07
64	104	1.92747e-07
82	134	1.92606e-07
62	90	-1.91405e-07
43	120	1.9098e-07
42	121	1.9098e-07
84	121	1.90234e-07
85	120	1.90234e-07
64	146	1.89406e-07
19	77	1.89141e-07
33	74	-1.89095e-07
32	75	-1.89095e-07
78	135	1.88596e-07
79	134	1.88596e-07
70	81	1.87235e-07
71	80	1.87235e-07
10	104	1.87004e-07
71	115	1.86867e-07
82	100	1.85107e-07
36	62	1.84254e-07
108	142	1.82283e-07
68	121	1.81663e-07
69	120	1.81663e-07
94	114	1.81633e-07
100	108	1.8141e-07
14	58	1.79492e-07
45	137	1.79133e-07
10	92	-1.79085e-07
44	77	1.78063e-07
45	76	1.78063e-07
3	56	1.75646e-07
2	57	1.75646e-07
69	141	1.75353e-07
15	21	1.74248e-07
75	83	1.70744e-07
78	94	1.70577e-07
86	120	1.67764e-07
21	143	1.66349e-07
32	120	-1.66332e-07
15	19	1.66105e-07
29	77	1.65682e-07
29	64	1.6568e-07
28	65	1.6568e-07
58	70	1.64846e-07
2	130	1.64663e-07
3	6	1.63967e-07
2	7	1.63967e-07
64	76	1.63103e-07
77	141	1.62343e-07
108	136	1.61117e-07
92	105	-1.61004e-07
93	104	-1.61004e-07
133	137	1.60847e-07
46	93	1.60449e-07
47	92	1.60449e-07
59	142	1.58953e-07
58	143	1.58953e-07
29	143	1.5874e-07
22	69	1.577e-07
23	68	1.577e-07
77	99	1.576e-07
16	129	-1.55893e-07
17	128	-1.55893e-07
79	104	1.55833e-07
78	105	1.55833e-07
19	63	1.54259e-07
91	129	1.53555e-07
21	23	1.50804e-07
21	34	1.48985e-07
20	35	1.48985e-07
2	146	1.48649e-07
92	128	1.47212e-07
36	121	1.47018e-07
37	120	1.47018e-07
90	140	-1.46676e-07
118	134	1.46321e-07
70	77	1.46149e-07
71	76	1.46149e-07
82	130	1.46077e-07
78	118	1.45489e-07
19	23	1.44699e-07
108	119	1.44082e-07
109	118	1.44082e-07
59	101	1.41874e-07
40	122	1.41858e-07
16	89	1.41688e-07
17	88	1.41688e-07
40	94	1.40747e-07
8	40	1.4054e-07
74	110	-1.40001e-07
25	79	1.38503e-07
25	59	1.37934e-07
3	14	1.37636e-07
2	15	1.37636e-07
23	108	1.37247e-07
22	109	1.37247e-07
66	132	1.37017e-07
58	69	1.36675e-07
59	68	1.36675e-07
21	26	1.35673e-07
20	27	1.35673e-07
87	137	1.35152e-07
80	109	1.34853e-07
81	108	1.34853e-07
40	82	1.34525e-07
6	56	1.31613e-07
18	78	1.30649e-07
45	59	1.2984e-07
27	84	1.29614e-07
26	85	1.29614e-07
78	146	1.29391e-07
33	48	-1.28452e-07
32	49	-1.28452e-07
58	137	1.28318e-07
59	136	1.28318e-07
40	89	1.27979e-07
41	88	1.27979e-07
1	85	1.27958e-07
47	105	-1.2788e-07
38	74	-1.27249e-07
65	141	1.27209e-07
14	70	1.2716e-07
74	122	1.26023e-07
66	68	1.25701e-07
90	124	1.24991e-07
43	65	1.23925e-07
143	145	1.23816e-07
42	140	1.23327e-07
101	123	1.22702e-07
74	89	1.22084e-07
75	88	1.22084e-07
19	58	1.2149e-07
18	59	1.2149e-07
64	121	1.20663e-07
65	120	1.20663e-07
57	115	1.20636e-07
82	136	1.20378e-07
42	100	1.19985e-07
33	137	-1.19762e-07
0	119	1.1965e-07
1	118	1.1965e-07
76	110	-1.17532e-07
29	105	1.16245e-07
19	36	1.15231e-07
18	37	1.15231e-07
85	87	1.15228e-07
87	99	1.14944e-07
101	111	-1.14883e-07
44	79	1.14366e-07
45	78	1.14366e-07
36	147	1.13685e-07
37	146	1.13685e-07
79	131	1.12478e-07
34	112	1.11292e-07
113	133	1.10797e-07
38	120	-1.10182e-07
25	101	1.10014e-07
37	141	1.09145e-07
84	130	1.09101e-07
65	75	1.08287e-07
36	108	1.08221e-07
92	101	-1.08189e-07
93	100	-1.08189e-07
55	146	1.0781e-07
54	147	1.0781e-07
110	137	-1.07499e-07
111	136	-1.07499e-07
1	64	1.07476e-07
0	65	1.07476e-07
7	79	1.06831e-07
105	125	-1.06694e-07
109	135	1.06563e-07
77	143	1.06524e-07
14	81	1.06072e-07
15	80	1.06072e-07
7	100	1.06021e-07
6	101	1.06021e-07
46	65	-1.06002e-07
47	64	-1.06002e-07
55	109	1.05425e-07
60	87	1.0537e-07
61	86	1.0537e-07
19	27	1.05107e-07
18	114	1.04675e-07
40	55	1.02768e-07
41	54	1.02768e-07
20	83	1.02441e-07
21	82	1.02441e-07
93	123	-1.02323e-07
94	108	1.02252e-07
46	110	1.01595e-07
35	43	1.00944e-07
37	84	1.00665e-07
36	85	1.00665e-07
27	71	9.96876e-08
1	36	9.94667e-08
0	37	9.94667e-08
63	85	9.8981e-08
46	63	-9.84002e-08
47	62	-9.84002e-08
62	71	9.77052e-08
63	70	9.77052e-08
54	78	9.76806e-08
34	36	9.72309e-08
42	120	9.54898e-08
71	137	9.51272e-08
84	120	9.51169e-08
18	77	9.45704e-08
19	76	9.45704e-08
32	74	-9.45476e-08
78	134	9.42979e-08
70	80	9.36177e-08
70	115	9.34336e-08
71	114	9.34336e-08
65	103	9.20425e-08
37	133	9.11386e-08
49	65	9.09992e-08
68	120	9.08313e-08
85	143	8.98046e-08
44	137	8.95666e-08
45	136	8.95666e-08
44	76	8.90314e-08
15	131	8.86604e-08
59	95	8.81435e-08
17	49	8.79436e-08
2	56	8.7823e-08
69	140	8.76765e-08
68	141	8.76765e-08
15	20	8.71241e-08
14	21	8.71241e-08
87	115	8.58869e-08
75	82	8.53719e-08
74	83	8.53719e-08
23	59	8.36495e-08
21	142	8.31746e-08
20	143	8.31746e-08
101	133	8.31074e-08
15	18	8.30526e-08
14	19	8.30526e-08
28	77	8.28412e-08
29	76	8.28412e-08
28	64	8.28398e-08
2	6	8.19835e-08
77	140	8.11715e-08
76	141	8.11715e-08
11	21	8.10396e-08
92	104	-8.05019e-08
132	137	8.04234e-08
133	136	8.04234e-08
46	92	8.02247e-08
73	147	8.01247e-08
43	115	7.99168e-08
131	133	7.97441e-08
58	142	7.94763e-08
29	142	7.93702e-08
28	143	7.93702e-08
22	68	7.88498e-08
76	99	7.87999e-08
77	98	7.87999e-08
16	128	-7.79463e-08
78	104	7.79167e-08
69	119	7.72106e-08
18	63	7.71296e-08
19	62	7.71296e-08
90	129	7.67773e-08
91	128	7.67773e-08
20	23	7.5402e-08
21	22	7.5402e-08
137	145	7.51263e-08
20	34	7.44926e-08
25	33	-7.44395e-08
36	120	7.3509e-08
70	76	7.30744e-08
43	133	7.30515e-08
18	23	7.23495e-08
19	22	7.23495e-08
108	118	7.20412e-08
23	145	7.18732e-08
71	79	7.14707e-08
109	131	7.11316e-08
58	101	7.09368e-08
59	100	7.09368e-08
16	88	7.08441e-08
55	59	7.06171e-08
23	37	6.99634e-08
9	21	6.95524e-08
7	29	6.94681e-08
24	79	6.92513e-08
25	78	6.92513e-08
25	58	6.89671e-08
24	59	6.89671e-08
67	111	-6.88379e-08
2	14	6.88178e-08
22	108	6.86234e-08
58	68	6.83374e-08
20	26	6.78363e-08
87	136	6.7576e-08
86	137	6.7576e-08
33	101	-6.75465e-08
80	108	6.74263e-08
45	143	6.50321e-08
45	58	6.49201e-08
44	59	6.49201e-08
26	84	6.48068e-08
32	48	-6.4226e-08
58	136	6.41588e-08
40	88	6.39894e-08
1	84	6.39788e-08
0	85	6.39788e-08
47	104	-6.39402e-08
46	105	-6.39402e-08
65	140	6.36043e-08
64	141	6.36043e-08
109	133	6.22416e-08
42	65	6.19624e-08
43	64	6.19624e-08
143	144	6.19078e-08
142	145	6.19078e-08
105	143	6.1874e-08
101	122	6.13509e-08
100	123	6.13509e-08
74	88	6.10421e-08
18	58	6.07449e-08
45	69	6.04288e-08
64	120	6.03316e-08
56	115	6.03178e-08
57	114	6.03178e-08
33	136	-5.9881e-08
32	137	-5.9881e-08
0	118	5.98249e-08
119	133	5.93285e-08
29	104	5.81226e-08
28	105	5.81226e-08
95	143	5.76625e-08
18	36	5.76156e-08
85	86	5.76138e-08
84	87	5.76138e-08
87	98	5.74722e-08
86	99	5.74722e-08
100	111	-5.74417e-08
101	110	-5.74417e-08
44	78	5.71828e-08
19	105	5.68576e-08
36	146	5.68423e-08
79	130	5.62388e-08
78	131	5.62388e-08
19	69	5.56641e-08
112	133	5.53987e-08
113	132	5.53987e-08
49	147	5.53399e-08
25	100	5.5007e-08
24	101	5.5007e-08
36	141	5.45727e-08
37	140	5.45727e-08
9	65	5.44257e-08
64	75	5.41435e-08
65	74	5.41435e-08
92	100	-5.40945e-08
54	146	5.39051e-08
3	33	-5.38456e-08
110	136	-5.37494e-08
0	64	5.37381e-08
41	49	5.36774e-08
35	111	-5.36151e-08
7	78	5.34154e-08
6	79	5.34154e-08
104	125	-5.33468e-08
105	124	-5.33468e-08
109	134	5.32815e-08
108	135	5.32815e-08
76	143	5.32618e-08
77	142	5.32618e-08
41	73	5.3159e-08
101	115	5.30363e-08
14	80	5.30362e-08
6	100	5.30107e-08
46	64	-5.3001e-08
54	109	5.27126e-08
55	108	5.27126e-08
60	86	5.26848e-08
18	27	5.25536e-08
19	26	5.25536e-08
40	54	5.13842e-08
43	67	5.12923e-08
20	82	5.12204e-08
93	122	-5.11613e-08
92	123	-5.11613e-08
103	143	5.07035e-08
34	43	5.04718e-08
35	42	5.04718e-08
36	84	5.03324e-08
87	101	5.02794e-08
105	109	5.01785e-08
111	135	-5.01378e-08
27	70	4.98438e-08
26	71	4.98438e-08
0	36	4.97334e-08
63	84	4.94905e-08
62	85	4.94905e-08
46	62	-4.92001e-08
62	70	4.88526e-08
37	39	-4.85968e-08
77	97	4.85345e-08
89	147	4.84815e-08
63	87	4.82775e-08
79	141	4.81785e-08
71	136	4.75636e-08
70	137	4.75636e-08
21	41	4.741e-08
18	76	4.72852e-08
35	83	4.72026e-08
51	95	4.71571e-08
13	111	4.70297e-08
33	63	-4.7015e-08
70	114	4.67168e-08
57	143	4.64725e-08
49	95	4.63915e-08
21	111	-4.60612e-08
65	102	4.60212e-08
64	103	4.60212e-08
36	133	4.55693e-08
37	132	4.55693e-08
48	65	4.54996e-08
49	64	4.54996e-08
59	119	4.54341e-08
65	115	4.50211e-08
84	143	4.49023e-08
85	142	4.49023e-08
44	136	4.47833e-08
31	67	-4.47818e-08
105	129	-4.43538e-08
15	130	4.43302e-08
14	131	4.43302e-08
58	95	4.40718e-08
59	94	4.40718e-08
16	49	4.39718e-08
17	48	4.39718e-08
97	127	4.3925e-08
68	140	4.38383e-08
11	117	-4.3706e-08
14	20	4.3562e-08
87	114	4.29435e-08
86	115	4.29435e-08
74	82	4.2686e-08
39	63	-4.24758e-08
7	65	4.21511e-08
15	95	4.21267e-08
22	59	4.18247e-08
23	58	4.18247e-08
33	129	4.17768e-08
20	142	4.15873e-08
101	132	4.15537e-08
100	133	4.15537e-08
14	18	4.15263e-08
28	76	4.14206e-08
69	123	4.14127e-08
23	71	4.11884e-08
45	105	4.11378e-08
21	87	4.0795e-08
3	41	4.06832e-08
76	140	4.05858e-08
10	21	4.05198e-08
11	20	4.05198e-08
15	57	4.03525e-08
77	87	4.02511e-08
132	136	4.02117e-08
19	81	4.01458e-08
73	146	4.00624e-08
72	147	4.00624e-08
42	115	3.99584e-08
43	114	3.99584e-08
131	132	3.9872e-08
130	133	3.9872e-08
28	142	3.96851e-08
37	79	3.94303e-08
76	98	3.94e-08
83	87	3.91136e-08
69	118	3.86053e-08
68	119	3.86053e-08
18	62	3.85648e-08
90	128	3.83886e-08
69	71	3.82788e-08
3	109	3.78607e-08
20	22	3.7701e-08
136	145	3.75632e-08
137	144	3.75632e-08
25	49	3.74616e-08
137	141	3.73993e-08
25	32	-3.72198e-08
24	33	-3.72198e-08
7	25	3.71485e-08
83	115	3.69379e-08
42	133	3.65258e-08
43	132	3.65258e-08
18	22	3.61748e-08
22	145	3.59366e-08
23	144	3.59366e-08
75	91	-3.57402e-08
71	78	3.57353e-08
70	79	3.57353e-08
77	83	3.56696e-08
108	131	3.55658e-08
109	130	3.55658e-08
58	100	3.54684e-08
99	145	3.5406e-08
54	59	3.53086e-08
55	58	3.53086e-08
22	37	3.49817e-08
23	36	3.49817e-08
8	21	3.47762e-08
9	20	3.47762e-08
7	28	3.47341e-08
6	29	3.47341e-08
24	78	3.46257e-08
24	58	3.44836e-08
67	110	-3.4419e-08
66	111	-3.4419e-08
69	129	-3.42298e-08
19	139	3.40615e-08
86	136	3.3788e-08
33	100	-3.37733e-08
32	101	-3.37733e-08
27	37	3.35522e-08
71	139	3.26727e-08
45	142	3.25161e-08
44	143	3.25161e-08
44	58	3.24601e-08
0	84	3.19894e-08
46	104	-3.19701e-08
1	135	3.19055e-08
64	140	3.18022e-08
21	57	3.18011e-08
69	115	3.15703e-08
97	129	-3.12586e-08
7	37	3.1194e-08
109	132	3.11208e-08
108	133	3.11208e-08
42	64	3.09812e-08
39	103	-3.09798e-08
142	144	3.09539e-08
105	142	3.0937e-08
104	143	3.0937e-08
100	122	3.06754e-08
61	105	3.03385e-08
33	77	-3.02733e-08
45	68	3.02144e-08
44	69	3.02144e-08
56	114	3.01589e-08
3	65	3.00473e-08
32	136	-2.99405e-08
43	85	2.98388e-08
51	123	2.96891e-08
119	132	2.96642e-08
118	133	2.96642e-08
28	104	2.90613e-08
94	143	2.88312e-08
95	142	2.88312e-08
84	86	2.88069e-08
86	98	2.87361e-08
100	110	-2.87208e-08
47	147	-2.87183e-08
19	104	2.84288e-08
18	105	2.84288e-08
78	130	2.81194e-08
27	119	2.7934e-08
19	68	2.78321e-08
18	69	2.78321e-08
65	93	-2.7789e-08
112	132	2.76994e-08
49	146	2.76699e-08
48	147	2.76699e-08
43	77	2.7505e-08
24	100	2.75035e-08
36	140	2.72864e-08
9	64	2.72129e-08
8	65	2.72129e-08
1	87	2.72115e-08
111	133	-2.71809e-08
64	74	2.70718e-08
33	95	-2.69477e-08
3	32	-2.69228e-08
2	33	-2.69228e-08
41	48	2.68387e-08
40	49	2.68387e-08
35	110	-2.68076e-08
34	111	-2.68076e-08
35	93	-2.67789e-08
6	78	2.67077e-08
104	124	-2.66734e-08
108	134	2.66408e-08
76	142	2.66309e-08
41	72	2.65795e-08
40	73	2.65795e-08
100	115	2.65181e-08
101	114	2.65181e-08
41	65	2.64253e-08
54	108	2.63563e-08
18	26	2.62768e-08
99	133	2.62608e-08
61	91	-2.62041e-08
42	67	2.56461e-08
43	66	2.56461e-08
92	122	-2.55807e-08
102	143	2.53518e-08
103	142	2.53518e-08
111	131	-2.52405e-08
34	42	2.52359e-08
86	101	2.51397e-08
87	100	2.51397e-08
133	141	2.51018e-08
104	109	2.50893e-08
105	108	2.50893e-08
110	135	-2.50689e-08
111	134	-2.50689e-08
19	35	2.5022e-08
26	70	2.49219e-08
62	84	2.47453e-08
49	141	2.45691e-08
69	87	2.45191e-08
33	125	2.45162e-08
13	45	-2.43721e-08
36	39	-2.42984e-08
37	38	-2.42984e-08
76	97	2.42672e-08
77	96	2.42672e-08
89	146	2.42407e-08
88	147	2.42407e-08
62	87	2.41388e-08
63	86	2.41388e-08
79	140	2.40893e-08
78	141	2.40893e-08
121	133	2.40338e-08
19	137	2.39441e-08
70	136	2.37818e-08
20	41	2.3705e-08
21	40	2.3705e-08
35	82	2.36013e-08
34	83	2.36013e-08
50	95	2.35786e-08
51	94	2.35786e-08
12	111	2.35149e-08
13	110	2.35149e-08
32	63	-2.35075e-08
33	62	-2.35075e-08
21	141	2.34668e-08
37	123	2.33591e-08
85	101	2.33401e-08
57	142	2.32362e-08
56	143	2.32362e-08
48	95	2.31958e-08
49	94	2.31958e-08
20	111	-2.30306e-08
21	110	-2.30306e-08
64	102	2.30106e-08
77	129	-2.28897e-08
85	141	2.28236e-08
87	123	2.27976e-08
36	132	2.27847e-08
48	64	2.27498e-08
59	118	2.27171e-08
58	119	2.27171e-08
71	101	2.26862e-08
3	51	2.25223e-08
64	115	2.25105e-08
65	114	2.25105e-08
21	133	2.25059e-08
84	142	2.24511e-08
31	66	-2.23909e-08
30	67	-2.23909e-08
105	128	-2.21769e-08
104	129	-2.21769e-08
14	130	2.21651e-08
58	94	2.20359e-08
29	69	2.20302e-08
33	79	-2.1989e-08
16	48	2.19859e-08
96	127	2.19625e-08
97	126	2.19625e-08
33	131	-2.19262e-08
10	117	-2.1853e-08
11	116	-2.1853e-08
29	101	2.16892e-08
86	114	2.14717e-08
123	125	-2.1453e-08
21	39	-2.13659e-08
49	135	2.13573e-08
1	143	2.12821e-08
27	81	2.12423e-08
38	63	-2.12379e-08
39	62	-2.12379e-08
6	65	2.10756e-08
7	64	2.10756e-08
14	95	2.10633e-08
15	94	2.10633e-08
95	123	2.1003e-08
22	58	2.09124e-08
32	129	2.08884e-08
33	128	2.08884e-08
100	132	2.07768e-08
68	123	2.07063e-08
69	122	2.07063e-08
3	55	2.06148e-08
21	103	2.06059e-08
23	70	2.05942e-08
22	71	2.05942e-08
44	105	2.05689e-08
45	104	2.05689e-08
35	41	2.05547e-08
20	87	2.03975e-08
21	86	2.03975e-08
3	40	2.03416e-08
2	41	2.03416e-08
93	141	-2.02955e-08
10	20	2.02599e-08
14	57	2.01763e-08
15	56	2.01763e-08
76	87	2.01256e-08
77	86	2.01256e-08
19	80	2.00729e-08
18	81	2.00729e-08
65	79	2.00588e-08
72	146	2.00312e-08
42	114	1.99792e-08
130	132	1.9936e-08
37	78	1.97152e-08
36	79	1.97152e-08
67	123	1.96008e-08
82	87	1.95568e-08
83	86	1.95568e-08
55	77	1.93421e-08
68	118	1.93026e-08
109	147	1.92529e-08
59	105	1.92363e-08
68	71	1.91394e-08
69	70	1.91394e-08
65	125	-1.89408e-08
3	108	1.89304e-08
2	109	1.89304e-08
136	144	1.87816e-08
25	48	1.87308e-08
24	49	1.87308e-08
137	140	1.86996e-08
136	141	1.86996e-08
24	32	-1.86099e-08
7	24	1.85743e-08
6	25	1.85743e-08
7	35	1.85523e-08
35	147	1.84879e-08
83	114	1.84689e-08
82	115	1.84689e-08
9	79	1.8397e-08
42	132	1.82629e-08
37	87	1.80186e-08
22	144	1.79683e-08
75	90	-1.78701e-08
74	91	-1.78701e-08
70	78	1.78677e-08
76	83	1.78348e-08
77	82	1.78348e-08
108	130	1.77829e-08
99	144	1.7703e-08
98	145	1.7703e-08
54	58	1.76543e-08
22	36	1.74908e-08
8	20	1.73881e-08
6	28	1.7367e-08
69	93	-1.72253e-08
66	110	-1.72095e-08
68	129	-1.71149e-08
69	128	-1.71149e-08
9	39	-1.70744e-08
18	139	1.70307e-08
19	138	1.70307e-08
32	100	-1.68866e-08
67	83	1.6859e-08
26	37	1.67761e-08
27	36	1.67761e-08
45	85	1.65403e-08
57	83	1.65134e-08
43	123	1.63656e-08
71	138	1.63364e-08
70	139	1.63364e-08
44	142	1.6258e-08
51	83	1.61084e-08
23	45	1.60662e-08
1	134	1.59528e-08
0	135	1.59528e-08
21	56	1.59006e-08
20	57	1.59006e-08
69	114	1.57852e-08
68	115	1.57852e-08
1	131	1.57257e-08
97	128	-1.56293e-08
96	129	-1.56293e-08
7	36	1.5597e-08
6	37	1.5597e-08
108	132	1.55604e-08
39	102	-1.54899e-08
38	103	-1.54899e-08
104	142	1.54685e-08
131	137	1.54378e-08
35	45	1.53136e-08
13	77	-1.52921e-08
61	104	1.51693e-08
60	105	1.51693e-08
32	77	-1.51367e-08
33	76	-1.51367e-08
77	125	-1.51272e-08
47	121	-1.51176e-08
44	68	1.51072e-08
3	64	1.50237e-08
2	65	1.50237e-08
77	101	1.49991e-08
77	137	1.49639e-08
69	95	1.49276e-08
43	84	1.49194e-08
42	85	1.49194e-08
51	122	1.48445e-08
50	123	1.48445e-08
118	132	1.48321e-08
3	69	1.47581e-08
94	142	1.44156e-08
46	147	-1.43591e-08
47	146	-1.43591e-08
3	123	1.43342e-08
18	104	1.42144e-08
21	91	-1.41283e-08
83	121	1.40602e-08
27	118	1.3967e-08
26	119	1.3967e-08
18	68	1.3916e-08
65	92	-1.38945e-08
64	93	-1.38945e-08
48	146	1.3835e-08
42	77	1.37525e-08
43	76	1.37525e-08
27	69	1.36496e-08
3	75	1.36205e-08
8	64	1.36064e-08
0	87	1.36058e-08
1	86	1.36058e-08
111	132	-1.35904e-08
110	133	-1.35904e-08
105	147	1.35855e-08
115	125	-1.35733e-08
33	94	-1.34738e-08
32	95	-1.34738e-08
2	32	-1.34614e-08
40	48	1.34193e-08
34	110	-1.34038e-08
35	92	-1.33894e-08
34	93	-1.33894e-08
105	115	1.33571e-08
135	141	1.33453e-08
40	72	1.32897e-08
100	114	1.32591e-08
41	64	1.32126e-08
40	65	1.32126e-08
99	132	1.31304e-08
98	133	1.31304e-08
60	91	-1.31021e-08
61	90	-1.31021e-08
63	69	1.29379e-08
43	135	1.28929e-08
42	66	1.28231e-08
37	93	-1.27524e-08
15	63	1.2697e-08
102	142	1.26759e-08
105	131	1.26433e-08
110	131	-1.26202e-08
111	130	-1.26202e-08
86	100	1.25699e-08
133	140	1.25509e-08
132	141	1.25509e-08
104	108	1.25446e-08
110	134	-1.25345e-08
19	34	1.2511e-08
18	35	1.2511e-08
1	39	-1.24917e-08
97	125	-1.23014e-08
48	141	1.22845e-08
49	140	1.22845e-08
69	86	1.22595e-08
68	87	1.22595e-08
33	124	1.22581e-08
32	125	1.22581e-08
13	44	-1.21861e-08
12	45	-1.21861e-08
21	95	1.21602e-08
36	38	-1.21492e-08
76	96	1.21336e-08
45	103	1.21284e-08
101	103	1.21226e-08
88	146	1.21204e-08
39	135	-1.21076e-08
62	86	1.20694e-08
78	140	1.20446e-08
120	133	1.20169e-08
121	132	1.20169e-08
63	111	-1.19995e-08
1	127	1.19896e-08
19	136	1.19721e-08
18	137	1.19721e-08
20	40	1.18525e-08
34	82	1.18007e-08
50	94	1.17893e-08
12	110	1.17574e-08
32	62	-1.17538e-08
20	141	1.17334e-08
21	140	1.17334e-08
36	123	1.16796e-08
37	122	1.16796e-08
85	100	1.16701e-08
84	101	1.16701e-08
56	142	1.16181e-08
33	147	-1.16022e-08
48	94	1.15979e-08
115	147	1.15485e-08
20	110	-1.15153e-08
47	115	-1.14659e-08
57	85	1.14506e-08
76	129	-1.14449e-08
77	128	-1.14449e-08
85	140	1.14118e-08
84	141	1.14118e-08
86	123	1.13988e-08
87	122	1.13988e-08
58	118	1.13585e-08
71	100	1.13431e-08
70	101	1.13431e-08
95	119	1.13157e-08
13	75	-1.13089e-08
3	50	1.12611e-08
2	51	1.12611e-08
64	114	1.12553e-08
20	133	1.1253e-08
21	132	1.1253e-08
83	125	-1.12343e-08
30	66	-1.11954e-08
21	93	-1.11144e-08
15	119	1.10924e-08
104	128	-1.10884e-08
28	69	1.10151e-08
29	68	1.10151e-08
32	79	-1.09945e-08
33	78	-1.09945e-08
96	126	1.09813e-08
33	130	-1.09631e-08
32	131	-1.09631e-08
10	116	-1.09265e-08
57	105	1.09214e-08
25	89	1.09204e-08
71	105	1.09097e-08
85	91	-1.08815e-08
28	101	1.08446e-08
29	100	1.08446e-08
23	77	1.08186e-08
122	125	-1.07265e-08
123	124	-1.07265e-08
65	109	1.07217e-08
20	39	-1.0683e-08
21	38	-1.0683e-08
49	134	1.06786e-08
48	135	1.06786e-08
1	142	1.0641e-08
0	143	1.0641e-08
26	81	1.06211e-08
27	80	1.06211e-08
38	62	-1.0619e-08
6	64	1.05378e-08
14	94	1.05317e-08
79	111	-1.05285e-08
129	131	-1.05107e-08
94	123	1.05015e-08
95	122	1.05015e-08
33	89	-1.04812e-08
7	131	1.04615e-08
32	128	1.04442e-08
79	101	1.03842e-08
45	101	1.03733e-08
68	122	1.03532e-08
59	135	1.03244e-08
2	55	1.03074e-08
3	54	1.03074e-08
20	103	1.03029e-08
21	102	1.03029e-08
22	70	1.02971e-08
44	104	1.02845e-08
34	41	1.02774e-08
35	40	1.02774e-08
20	86	1.01988e-08
2	40	1.01708e-08
93	140	-1.01478e-08
92	141	-1.01478e-08
11	115	1.01054e-08
35	103	1.01034e-08
21	33	-1.01023e-08
14	56	1.00881e-08
76	86	1.00628e-08
83	141	1.00458e-08
18	80	1.00364e-08
65	78	1.00294e-08
64	79	1.00294e-08
