23	37	5.13383
19	23	5.00346
19	37	4.81478
13	19	4.60287
9	13	4.58638
13	23	4.39477
17	27	4.32942
1	5	4.20133
15	29	4.16026
15	31	4.14562
1	31	4.14224
27	29	4.12084
5	17	4.09675
9	19	4.07004
9	23	4.06958
13	37	4.05531
1	17	4.04734
17	29	4.02465
5	31	4.02255
1	3	4.02088
1	27	4.01736
1	15	4.01454
3	33	4.01348
15	17	4.01337
15	27	4.012
3	5	4.01143
11	25	4.00999
9	37	4.00901
5	27	4.00687
7	11	4.00682
3	31	4.00495
29	31	4.00453
13	25	4.00424
7	25	4.00403
31	33	4.00401
23	25	4.00327
21	25	4.00273
17	31	4.00234
9	21	4.00183
9	25	4.00171
5	33	4.00165
7	21	4.00161
1	29	4.00156
5	15	4.00144
1	33	4.00083
5	29	4.00079
19	25	4.00072
25	37	4.00064
27	31	4.00049
3	17	4.00029
9	15	-4.00027
13	21	4.00019
13	15	-4.00016
9	27	-4.00014
1	19	-4.00011
13	27	-4.0001
15	33	4.00009
9	29	-4.00009
11	21	4.00009
13	29	-4.00008
17	23	-4.00008
3	15	4.00008
19	27	-4.00008
1	13	-4.00007
23	27	-4.00006
21	23	4.00006
27	37	-4.00005
9	17	-4.00005
17	37	-4.00004
1	23	-4.00004
13	17	-4.00004
17	19	-4.00003
1	37	-4.00003
1	9	-4.00003
19	29	-4.00002
1	11	-4.00002
3	27	4.00002
19	21	4.00002
1	25	-4.00002
17	33	4.00002
29	33	4.00002
15	19	-4.00002
9	31	-4.00001
3	29	4.00001
7	17	-4.00001
23	29	-4.00001
15	23	-4.00001
13	31	-4.00001
21	37	4.00001
19	31	-4.00001
3	19	-4.00001
7	9	4.00001
5	19	-4.00001
17	25	-4
5	37	-4
29	37	-4
5	9	-4
5	23	-4
25	27	-4
1	7	-4
19	35	4
9	35	4
11	15	-4
15	37	-4
7	13	4
15	25	-4
7	27	-4
3	25	-4
23	31	-4
9	11	4
15	21	-4
11	31	-4
5	13	-4
11	13	4
11	17	-4
27	33	4
13	35	4
3	7	-4
5	7	-4
3	13	-4
5	25	-4
3	37	-4
23	35	4
3	23	-4
5	11	-4
25	31	-4
35	37	4
31	37	-4
7	23	4
1	21	-4
3	9	-4
25	29	-4
11	27	-4
7	15	-4
7	29	-4
21	29	-4
21	31	-4
11	23	4
17	21	-4
3	11	-4
7	37	4
7	19	4
27	35	-4
21	27	-4
11	37	4
11	29	-4
7	31	-4
5	21	-4
11	19	4
3	21	-4
29	35	-4
17	35	-4
9	33	-4
13	33	-4
19	33	-4
1	35	-4
25	35	4
11	33	-4
5	35	-4
23	33	-4
25	33	-4
15	35	-4
31	35	-4
7	33	-4
3	35	-4
21	35	4
33	37	-4
21	33	-4
7	35	4
33	35	-4
11	35	4
22	23	4
10	11	4
24	25	4
14	15	4
6	7	4
20	21	4
8	9	4
26	27	4
12	13	4
28	29	4
18	19	4
16	17	4
30	31	4
32	33	4
34	35	4
0	1	4
36	37	4
2	3	4
4	5	4
22	37	2.56691
23	36	2.56691
18	23	2.50173
19	22	2.50173
19	36	2.40739
18	37	2.40739
12	19	2.30143
13	18	2.30143
8	13	2.29319
9	12	2.29319
12	23	2.19738
13	22	2.19738
17	26	2.16471
16	27	2.16471
0	5	2.10066
1	4	2.10066
15	28	2.08013
14	29	2.08013
15	30	2.07281
14	31	2.07281
1	30	2.07112
0	31	2.07112
27	28	2.06042
26	29	2.06042
4	17	2.04838
5	16	2.04838
8	19	2.03502
9	18	2.03502
8	23	2.03479
9	22	2.03479
13	36	2.02766
12	37	2.02766
1	16	2.02367
0	17	2.02367
16	29	2.01232
17	28	2.01232
4	31	2.01128
5	30	2.01128
0	3	2.01044
1	2	2.01044
1	26	2.00868
0	27	2.00868
1	14	2.00727
0	15	2.00727
3	32	2.00674
2	33	2.00674
14	17	2.00669
15	16	2.00669
15	26	2.006
14	27	2.006
3	4	2.00572
2	5	2.00572
10	25	2.00499
11	24	2.00499
8	37	2.00451
9	36	2.00451
4	27	2.00344
5	26	2.00344
7	10	2.00341
6	11	2.00341
3	30	2.00247
2	31	2.00247
28	31	2.00226
29	30	2.00226
13	24	2.00212
12	25	2.00212
7	24	2.00201
6	25	2.00201
31	32	2.002
30	33	2.002
22	25	2.00164
23	24	2.00164
20	25	2.00136
21	24	2.00136
16	31	2.00117
17	30	2.00117
8	21	2.00091
9	20	2.00091
9	24	2.00086
8	25	2.00086
4	33	2.00083
5	32	2.00083
6	21	2.0008
7	20	2.0008
0	29	2.00078
1	28	2.00078
5	14	2.00072
4	15	2.00072
0	33	2.00042
1	32	2.00042
4	29	2.0004
5	28	2.0004
18	25	2.00036
19	24	2.00036
25	36	2.00032
24	37	2.00032
27	30	2.00024
26	31	2.00024
2	17	2.00015
3	16	2.00015
8	15	-2.00014
9	14	-2.00014
12	21	2.0001
13	20	2.0001
13	14	-2.00008
12	15	-2.00008
9	26	-2.00007
8	27	-2.00007
1	18	-2.00006
0	19	-2.00006
12	27	-2.00005
13	26	-2.00005
15	32	2.00005
14	33	2.00005
8	29	-2.00004
9	28	-2.00004
11	20	2.00004
10	21	2.00004
12	29	-2.00004
13	28	-2.00004
16	23	-2.00004
17	22	-2.00004
3	14	2.00004
2	15	2.00004
18	27	-2.00004
19	26	-2.00004
1	12	-2.00004
0	13	-2.00004
22	27	-2.00003
23	26	-2.00003
20	23	2.00003
21	22	2.00003
26	37	-2.00003
27	36	-2.00003
9	16	-2.00002
8	17	-2.00002
16	37	-2.00002
17	36	-2.00002
1	22	-2.00002
0	23	-2.00002
13	16	-2.00002
12	17	-2.00002
16	19	-2.00002
17	18	-2.00002
1	36	-2.00002
0	37	-2.00002
1	8	-2.00001
0	9	-2.00001
18	29	-2.00001
19	28	-2.00001
0	11	-2.00001
1	10	-2.00001
2	27	2.00001
3	26	2.00001
19	20	2.00001
18	21	2.00001
1	24	-2.00001
0	25	-2.00001
16	33	2.00001
17	32	2.00001
28	33	2.00001
29	32	2.00001
14	19	-2.00001
15	18	-2.00001
8	31	-2.00001
9	30	-2.00001
2	29	2.00001
3	28	2.00001
7	16	-2.00001
6	17	-2.00001
23	28	-2.00001
22	29	-2.00001
14	23	-2.00001
15	22	-2.00001
12	31	-2.00001
13	30	-2.00001
21	36	2
20	37	2
18	31	-2
19	30	-2
2	19	-2
3	18	-2
6	9	2
7	8	2
5	18	-2
4	19	-2
16	25	-2
17	24	-2
5	36	-2
4	37	-2
28	37	-2
29	36	-2
4	9	-2
5	8	-2
4	23	-2
5	22	-2
25	26	-2
24	27	-2
0	7	-2
1	6	-2
18	35	2
19	34	2
9	34	2
8	35	2
10	15	-2
11	14	-2
15	36	-2
14	37	-2
6	13	2
7	12	2
14	25	-2
15	24	-2
6	27	-2
7	26	-2
3	24	-2
2	25	-2
22	31	-2
23	30	-2
8	11	2
9	10	2
14	21	-2
15	20	-2
11	30	-2
10	31	-2
4	13	-2
5	12	-2
10	13	2
11	12	2
10	17	-2
11	16	-2
27	32	2
26	33	2
13	34	2
12	35	2
2	7	-2
3	6	-2
4	7	-2
5	6	-2
2	13	-2
3	12	-2
4	25	-2
5	24	-2
2	37	-2
3	36	-2
23	34	2
22	35	2
2	23	-2
3	22	-2
5	10	-2
4	11	-2
24	31	-2
25	30	-2
34	37	2
35	36	2
30	37	-2
31	36	-2
7	22	2
6	23	2
0	21	-2
1	20	-2
2	9	-2
3	8	-2
24	29	-2
25	28	-2
10	27	-2
11	26	-2
7	14	-2
6	15	-2
7	28	-2
6	29	-2
20	29	-2
21	28	-2
21	30	-2
20	31	-2
11	22	2
10	23	2
16	21	-2
17	20	-2
3	10	-2
2	11	-2
6	37	2
7	36	2
6	19	2
7	18	2
27	34	-2
26	35	-2
21	26	-2
20	27	-2
10	37	2
11	36	2
11	28	-2
10	29	-2
6	31	-2
7	30	-2
4	21	-2
5	20	-2
11	18	2
10	19	2
3	20	-2
2	21	-2
29	34	-2
28	35	-2
17	34	-2
16	35	-2
9	32	-2
8	33	-2
12	33	-2
13	32	-2
18	33	-2
19	32	-2
1	34	-2
0	35	-2
24	35	2
25	34	2
11	32	-2
10	33	-2
4	35	-2
5	34	-2
23	32	-2
22	33	-2
24	33	-2
25	32	-2
14	35	-2
15	34	-2
30	35	-2
31	34	-2
6	33	-2
7	32	-2
3	34	-2
2	35	-2
21	34	2
20	35	2
33	36	-2
32	37	-2
20	33	-2
21	32	-2
6	35	2
7	34	2
32	35	-2
33	34	-2
10	35	2
11	34	2
22	36	1.28346
18	22	1.25086
18	36	1.20369
12	18	1.15072
8	12	1.1466
12	22	1.09869
16	26	1.08236
0	4	1.05033
14	28	1.04006
14	30	1.03641
0	30	1.03556
26	28	1.03021
4	16	1.02419
8	18	1.01751
8	22	1.01739
12	36	1.01383
0	16	1.01184
16	28	1.00616
4	30	1.00564
0	2	1.00522
0	26	1.00434
0	14	1.00364
2	32	1.00337
14	16	1.00334
14	26	1.003
2	4	1.00286
10	24	1.0025
8	36	1.00225
4	26	1.00172
6	10	1.00171
2	30	1.00124
28	30	1.00113
12	24	1.00106
6	24	1.00101
30	32	1.001
22	24	1.00082
20	24	1.00068
16	30	1.00058
8	20	1.00046
8	24	1.00043
4	32	1.00041
6	20	1.0004
0	28	1.00039
4	14	1.00036
0	32	1.00021
4	28	1.0002
18	24	1.00018
24	36	1.00016
26	30	1.00012
2	16	1.00007
8	14	-1.00007
12	20	1.00005
12	14	-1.00004
8	26	-1.00004
0	18	-1.00003
12	26	-1.00002
14	32	1.00002
8	28	-1.00002
10	20	1.00002
12	28	-1.00002
16	22	-1.00002
2	14	1.00002
18	26	-1.00002
0	12	-1.00002
22	26	-1.00002
20	22	1.00001
26	36	-1.00001
8	16	-1.00001
16	36	-1.00001
0	22	-1.00001
12	16	-1.00001
16	18	-1.00001
0	36	-1.00001
0	8	-1.00001
18	28	-1.00001
0	10	-1.00001
2	26	1.00001
18	20	1.00001
0	24	-1.00001
16	32	1.00001
28	32	1
14	18	-1
8	30	-1
2	28	1
6	16	-1
22	28	-1
14	22	-1
12	30	-1
20	36	1
18	30	-1
2	18	-1
6	8	1
4	18	-1
16	24	-1
4	36	-1
28	36	-1
4	8	-1
4	22	-1
24	26	-1
0	6	-1
18	34	1
8	34	1
10	14	-1
14	36	-1
6	12	1
14	24	-1
6	26	-1
2	24	-1
22	30	-1
8	10	1
14	20	-1
10	30	-1
4	12	-1
10	12	1
10	16	-1
26	32	1
12	34	1
2	6	-1
4	6	-1
2	12	-1
4	24	-1
2	36	-1
22	34	1
2	22	-1
4	10	-1
24	30	-1
34	36	1
30	36	-1
6	22	1
0	20	-1
2	8	-1
24	28	-1
10	26	-1
6	14	-1
6	28	-1
20	28	-1
20	30	-1
10	22	1
16	20	-1
2	10	-1
6	36	1
6	18	1
26	34	-1
20	26	-1
10	36	1
10	28	-1
6	30	-1
4	20	-1
10	18	1
2	20	-1
28	34	-1
16	34	-1
8	32	-1
12	32	-1
18	32	-1
0	34	-1
24	34	1
10	32	-1
4	34	-1
22	32	-1
24	32	-1
14	34	-1
30	34	-1
6	32	-1
2	34	-1
20	34	1
32	36	-1
20	32	-1
6	34	1
32	34	-1
10	34	1
