0	1	2
44	45	2
46	47	2
48	49	2
50	51	2
52	53	2
54	55	2
146	147	2
56	57	2
60	61	2
62	63	2
64	65	2
66	67	2
68	69	2
70	71	2
58	59	2
42	43	2
40	41	2
38	39	2
8	9	2
10	11	2
12	13	2
14	15	2
16	17	2
18	19	2
20	21	2
22	23	2
24	25	2
26	27	2
28	29	2
30	31	2
32	33	2
34	35	2
36	37	2
72	73	2
6	7	2
74	75	2
78	79	2
118	119	2
120	121	2
122	123	2
124	125	2
126	127	2
128	129	2
116	117	2
130	131	2
134	135	2
136	137	2
138	139	2
140	141	2
142	143	2
144	145	2
132	133	2
114	115	2
112	113	2
110	111	2
80	81	2
82	83	2
84	85	2
86	87	2
88	89	2
90	91	2
92	93	2
94	95	2
96	97	2
98	99	2
100	101	2
102	103	2
104	105	2
106	107	2
108	109	2
76	77	2
4	5	2
148	149	2
2	3	2
81	113	0.23978
17	83	0.204136
35	83	0.181912
81	112	0.11989
80	113	0.11989
81	149	0.113082
75	105	0.104636
16	83	0.102068
17	82	0.102068
101	127	0.0990862
34	83	0.0909558
35	82	0.0909558
93	119	0.0888332
81	105	0.0711656
80	112	0.059945
81	148	0.056541
80	149	0.056541
17	35	0.055749
74	105	0.0523182
75	104	0.0523182
105	113	0.0517793
67	77	0.0516795
16	82	0.0510339
101	126	0.0495431
100	127	0.0495431
34	82	0.0454779
92	119	0.0444166
93	118	0.0444166
81	104	0.0355828
80	105	0.0355828
13	139	0.0344404
11	113	0.0336863
105	149	0.0319335
80	148	0.0282705
17	34	0.0278745
16	35	0.0278745
74	104	0.0261591
105	112	0.0258897
104	113	0.0258897
67	76	0.0258398
66	77	0.0258398
100	126	0.0247715
59	119	0.0230688
35	117	0.0228377
92	118	0.0222083
75	81	0.0220158
27	99	0.0212317
80	104	0.0177914
12	139	0.0172202
13	138	0.0172202
11	112	0.0168431
10	113	0.0168431
105	148	0.0159667
104	149	0.0159667
16	34	0.0139373
113	149	0.0138007
104	112	0.0129448
66	76	0.0129199
15	137	0.0127422
5	141	0.012709
7	35	-0.0127001
7	127	0.0124167
83	127	-0.0121018
59	118	0.0115344
58	119	0.0115344
34	117	0.0114188
35	116	0.0114188
75	80	0.0110079
74	81	0.0110079
11	81	0.0109644
26	99	0.0106158
27	98	0.0106158
129	137	0.010315
12	138	0.00861009
10	112	0.00842156
75	113	0.00832376
137	141	0.00817848
104	148	0.00798337
97	141	0.00777679
53	133	0.00755948
113	148	0.00690033
112	149	0.00690033
15	141	0.0066741
14	137	0.00637112
15	136	0.00637112
4	141	0.00635448
5	140	0.00635448
6	35	-0.00635003
7	34	-0.00635003
7	126	0.00620837
6	127	0.00620837
82	127	-0.0060509
83	126	-0.0060509
103	135	0.00587465
58	118	0.00576721
34	116	0.00570942
74	80	0.00550395
10	81	0.00548222
11	80	0.00548222
26	98	0.00530792
65	87	0.0052239
128	137	0.0051575
129	136	0.0051575
75	149	0.00495934
17	127	-0.00479826
35	127	-0.00467838
37	125	0.00461823
99	121	0.00428781
75	112	0.00416188
74	113	0.00416188
137	140	0.00408924
136	141	0.00408924
7	83	-0.00401223
97	140	0.0038884
96	141	0.0038884
53	132	0.00377974
52	133	0.00377974
112	148	0.00345016
15	140	0.00333705
14	141	0.00333705
14	136	0.00318556
4	140	0.00317724
7	147	-0.00317596
6	34	-0.00317502
47	77	0.00314277
6	126	0.00310418
82	126	-0.00302545
103	134	0.00293733
102	135	0.00293733
10	80	0.00274111
7	101	0.00266986
64	87	0.00261195
65	86	0.00261195
128	136	0.00257875
7	17	-0.00255061
31	87	0.00253602
75	148	0.00247967
74	149	0.00247967
11	105	0.00247065
7	65	0.00240447
16	127	-0.00239913
17	126	-0.00239913
83	147	0.00239545
11	149	0.00236516
35	126	-0.00233919
34	127	-0.00233919
37	124	0.00230911
36	125	0.00230911
98	121	0.0021439
99	120	0.0021439
74	112	0.00208094
136	140	0.00204462
7	82	-0.00200611
6	83	-0.00200611
96	140	0.0019442
11	75	0.00191349
52	132	0.00188987
14	140	0.00166853
77	139	0.00159039
6	147	-0.00158798
7	146	-0.00158798
27	121	0.00158386
46	77	0.00157138
47	76	0.00157138
35	147	0.00149512
102	134	0.00146866
5	37	0.00140075
7	100	0.00133493
6	101	0.00133493
64	86	0.00130597
6	17	-0.00127531
7	16	-0.00127531
31	86	0.00126801
30	87	0.00126801
23	79	0.00126104
74	148	0.00123983
11	104	0.00123533
10	105	0.00123533
17	59	-0.00122837
7	64	0.00120224
6	65	0.00120224
16	126	-0.00119957
83	146	0.00119772
82	147	0.00119772
10	149	0.00118258
11	148	0.00118258
34	126	-0.0011696
36	124	0.00115456
15	97	0.00109794
71	133	0.00107923
98	120	0.00107195
41	59	0.00100366
6	82	-0.00100306
53	107	0.00096602
10	75	0.000956744
11	74	0.000956744
63	139	0.000917324
111	119	0.000866502
9	123	0.000840599
77	138	0.000795195
76	139	0.000795195
6	146	-0.00079399
26	121	0.000791931
27	120	0.000791931
46	76	0.000785692
59	111	0.000757679
1	71	0.000754087
34	147	0.000747562
35	146	0.000747562
45	73	0.000732526
4	37	0.000700377
5	36	0.000700377
6	100	0.000667465
65	127	0.000661111
6	16	-0.000637653
30	86	0.000634006
23	78	0.000630519
22	79	0.000630519
10	104	0.000617663
17	58	-0.000614187
16	59	-0.000614187
6	64	0.000601118
82	146	0.000598862
10	148	0.000591291
41	119	0.000562165
15	96	0.00054897
14	97	0.00054897
5	15	0.000547281
13	77	0.000540905
70	133	0.000539617
71	132	0.000539617
71	109	0.000535121
41	58	0.000501828
40	59	0.000501828
65	101	0.000486011
19	57	0.00048384
53	106	0.00048301
52	107	0.00048301
10	74	0.000478372
62	139	0.000458662
63	138	0.000458662
3	49	0.000451735
111	118	0.000433251
110	119	0.000433251
8	123	0.0004203
9	122	0.0004203
3	125	0.000410409
83	117	0.000402672
76	138	0.000397598
26	120	0.000395965
117	127	-0.000392088
7	71	0.000389095
58	111	0.000378839
59	110	0.000378839
1	70	0.000377043
0	71	0.000377043
34	146	0.000373781
45	72	0.000366263
44	73	0.000366263
4	36	0.000350189
65	126	0.000330556
64	127	0.000330556
15	125	0.000328554
37	141	0.000322658
22	78	0.000315259
16	58	-0.000307093
17	147	0.000305404
97	137	0.00030269
83	119	-0.000283799
41	118	0.000281083
40	119	0.000281083
14	96	0.000274485
4	15	0.00027364
5	14	0.00027364
12	77	0.000270453
13	76	0.000270453
70	132	0.000269808
71	108	0.000267561
70	109	0.000267561
1	53	0.000265421
83	101	-0.000259787
40	58	0.000250914
125	141	0.000250208
7	133	0.000247518
51	125	0.000243059
64	101	0.000243005
65	100	0.000243005
19	56	0.00024192
18	57	0.00024192
52	106	0.000241505
62	138	0.000229331
2	49	0.000225867
3	48	0.000225867
71	147	-0.000223544
110	118	0.000216625
91	95	0.000214572
107	133	0.000214171
8	122	0.00021015
2	125	0.000205205
3	124	0.000205205
125	137	0.000204403
82	117	0.000201336
83	116	0.000201336
117	126	-0.000196044
116	127	-0.000196044
7	70	0.000194548
6	71	0.000194548
3	51	0.000193489
58	110	0.00018942
0	70	0.000188522
44	72	0.000183131
31	101	0.000180119
35	53	-0.000175224
133	147	-0.000167531
64	126	0.000165278
15	124	0.000164277
14	125	0.000164277
37	140	0.000161329
36	141	0.000161329
63	77	0.00016076
41	105	0.000154827
16	147	0.000152702
17	146	0.000152702
97	136	0.000151345
96	137	0.000151345
5	137	0.000145908
31	127	0.000144738
57	137	0.000143911
83	118	-0.0001419
82	119	-0.0001419
41	103	0.000141289
53	129	0.000140568
40	118	0.000140541
4	14	0.00013682
7	57	0.000135828
12	76	0.000135226
70	108	0.00013378
0	53	0.000132711
1	52	0.000132711
117	129	-0.000130617
83	100	-0.000129894
82	101	-0.000129894
47	67	0.000129388
125	140	0.000125104
124	141	0.000125104
79	121	0.000124511
7	132	0.000123759
6	133	0.000123759
50	125	0.000121529
51	124	0.000121529
64	100	0.000121503
18	56	0.00012096
17	101	-0.000114997
2	48	0.000112934
35	101	-0.000112771
70	147	-0.000111772
71	146	-0.000111772
5	125	0.000107793
39	73	0.000107594
91	94	0.000107286
90	95	0.000107286
106	133	0.000107086
107	132	0.000107086
2	124	0.000102602
124	137	0.000102201
125	136	0.000102201
82	116	0.000100668
116	126	-9.80219e-05
6	70	9.72738e-05
3	50	9.67443e-05
2	51	9.67443e-05
53	117	-9.46519e-05
41	121	9.4179e-05
59	83	-9.05789e-05
30	101	9.00595e-05
31	100	9.00595e-05
34	53	-8.7612e-05
35	52	-8.7612e-05
132	147	-8.37653e-05
133	146	-8.37653e-05
17	117	8.27725e-05
123	125	8.22441e-05
14	124	8.21386e-05
36	140	8.06644e-05
63	76	8.03802e-05
62	77	8.03802e-05
31	65	7.82759e-05
40	105	7.74135e-05
41	104	7.74135e-05
16	146	7.63509e-05
19	137	7.61813e-05
96	136	7.56726e-05
17	119	-7.38472e-05
1	129	7.36532e-05
4	137	7.29538e-05
5	136	7.29538e-05
31	126	7.23689e-05
30	127	7.23689e-05
56	137	7.19553e-05
57	136	7.19553e-05
82	118	-7.09499e-05
40	103	7.06443e-05
41	102	7.06443e-05
52	129	7.02838e-05
53	128	7.02838e-05
31	123	6.92732e-05
5	97	6.84077e-05
7	56	6.79138e-05
6	57	6.79138e-05
0	52	6.63554e-05
41	75	6.55467e-05
116	129	-6.53086e-05
117	128	-6.53086e-05
82	100	-6.49468e-05
47	66	6.46941e-05
46	67	6.46941e-05
124	140	6.2552e-05
79	120	6.22555e-05
78	121	6.22555e-05
6	132	6.18795e-05
50	124	6.07647e-05
59	127	5.8411e-05
17	100	-5.74985e-05
16	101	-5.74985e-05
41	93	5.70254e-05
1	133	5.67751e-05
34	101	-5.63857e-05
35	100	-5.63857e-05
70	146	-5.58861e-05
5	124	5.38964e-05
4	125	5.38964e-05
38	73	5.37972e-05
39	72	5.37972e-05
90	94	5.36429e-05
106	132	5.35428e-05
9	125	5.16276e-05
124	136	5.11006e-05
19	31	5.08973e-05
49	95	5.07891e-05
57	101	4.96257e-05
59	93	4.90696e-05
2	50	4.83721e-05
71	101	4.76104e-05
127	147	-4.73438e-05
52	117	-4.73259e-05
53	116	-4.73259e-05
41	120	4.70895e-05
40	121	4.70895e-05
19	127	4.62425e-05
58	83	-4.52894e-05
59	82	-4.52894e-05
30	100	4.50297e-05
34	52	-4.3806e-05
3	137	4.24887e-05
75	125	4.23325e-05
17	41	-4.19801e-05
132	146	-4.18826e-05
17	116	4.13863e-05
16	117	4.13863e-05
7	53	4.13317e-05
123	124	4.1122e-05
122	125	4.1122e-05
62	76	4.01901e-05
31	64	3.9138e-05
30	65	3.9138e-05
40	104	3.87067e-05
27	41	3.86576e-05
35	119	-3.82085e-05
19	136	3.80907e-05
18	137	3.80907e-05
7	19	3.77266e-05
16	119	-3.69236e-05
17	118	-3.69236e-05
0	129	3.68266e-05
1	128	3.68266e-05
57	115	3.67784e-05
125	149	3.67171e-05
4	136	3.64769e-05
30	126	3.61845e-05
56	136	3.59777e-05
40	102	3.53222e-05
113	125	3.53125e-05
52	128	3.51419e-05
19	101	3.50711e-05
81	125	3.47162e-05
15	19	3.46417e-05
30	123	3.46366e-05
31	122	3.46366e-05
4	97	3.42038e-05
5	96	3.42038e-05
6	56	3.39569e-05
71	127	3.35474e-05
35	65	-3.33138e-05
3	97	3.28733e-05
40	75	3.27734e-05
41	74	3.27734e-05
116	128	-3.26543e-05
46	66	3.2347e-05
57	129	3.16787e-05
78	120	3.11277e-05
47	91	3.10435e-05
65	83	-3.10278e-05
58	127	2.92055e-05
59	126	2.92055e-05
16	100	-2.87493e-05
40	93	2.85127e-05
41	92	2.85127e-05
1	132	2.83876e-05
0	133	2.83876e-05
34	100	-2.81929e-05
41	83	-2.7248e-05
4	124	2.69482e-05
38	72	2.68986e-05
5	19	2.63214e-05
8	125	2.58138e-05
9	124	2.58138e-05
57	117	-2.5781e-05
103	119	2.55145e-05
18	31	2.54486e-05
19	30	2.54486e-05
49	94	2.53945e-05
48	95	2.53945e-05
57	91	2.52479e-05
57	100	2.48128e-05
56	101	2.48128e-05
53	71	2.47445e-05
59	92	2.45348e-05
58	93	2.45348e-05
57	65	2.40962e-05
71	100	2.38052e-05
70	101	2.38052e-05
127	146	-2.36719e-05
126	147	-2.36719e-05
52	116	-2.3663e-05
40	120	2.35448e-05
35	57	-2.31584e-05
19	126	2.31212e-05
18	127	2.31212e-05
58	82	-2.26447e-05
31	125	2.26366e-05
35	71	-2.1851e-05
57	127	2.15153e-05
2	137	2.12444e-05
3	136	2.12444e-05
74	125	2.11662e-05
75	124	2.11662e-05
13	47	2.11287e-05
17	40	-2.09901e-05
16	41	-2.09901e-05
16	116	2.06931e-05
6	53	2.06659e-05
7	52	2.06659e-05
122	124	2.0561e-05
75	103	2.0322e-05
105	125	1.9571e-05
30	64	1.9569e-05
27	40	1.93288e-05
26	41	1.93288e-05
34	119	-1.91042e-05
35	118	-1.91042e-05
18	136	1.90453e-05
6	19	1.88633e-05
7	18	1.88633e-05
16	118	-1.84618e-05
0	128	1.84133e-05
57	114	1.83892e-05
56	115	1.83892e-05
125	148	1.83586e-05
124	149	1.83586e-05
101	133	1.78673e-05
67	139	1.77564e-05
113	124	1.76562e-05
112	125	1.76562e-05
18	101	1.75356e-05
19	100	1.75356e-05
37	113	1.73834e-05
81	124	1.73581e-05
80	125	1.73581e-05
14	19	1.73208e-05
15	18	1.73208e-05
30	122	1.73183e-05
15	37	1.72925e-05
95	129	1.72702e-05
4	96	1.71019e-05
71	126	1.67737e-05
70	127	1.67737e-05
34	65	-1.66569e-05
35	64	-1.66569e-05
7	117	-1.65311e-05
2	97	1.64366e-05
3	96	1.64366e-05
40	74	1.63867e-05
51	75	1.61104e-05
57	128	1.58393e-05
56	129	1.58393e-05
119	127	1.55292e-05
47	90	1.55217e-05
46	91	1.55217e-05
65	82	-1.55139e-05
64	83	-1.55139e-05
5	29	1.52411e-05
71	143	1.52333e-05
3	9	1.48122e-05
15	123	1.4711e-05
19	141	1.46989e-05
58	126	1.46027e-05
3	15	1.44231e-05
40	92	1.42563e-05
0	132	1.41938e-05
35	133	-1.41564e-05
53	83	-1.39115e-05
40	83	-1.3624e-05
41	82	-1.3624e-05
5	18	1.31607e-05
4	19	1.31607e-05
93	111	1.31071e-05
8	124	1.29069e-05
57	116	-1.28905e-05
56	117	-1.28905e-05
102	119	1.27572e-05
103	118	1.27572e-05
18	30	1.27243e-05
48	94	1.26973e-05
56	91	1.2624e-05
57	90	1.2624e-05
41	127	1.25789e-05
56	100	1.24064e-05
52	71	1.23722e-05
53	70	1.23722e-05
101	125	1.2354e-05
77	91	1.23013e-05
58	92	1.22674e-05
56	65	1.20481e-05
57	64	1.20481e-05
70	100	1.19026e-05
126	146	-1.1836e-05
3	37	1.16392e-05
35	56	-1.15792e-05
34	57	-1.15792e-05
18	126	1.15606e-05
95	125	1.14592e-05
30	125	1.13183e-05
31	124	1.13183e-05
9	31	1.112e-05
34	71	-1.09255e-05
35	70	-1.09255e-05
57	126	1.07576e-05
56	127	1.07576e-05
101	117	-1.06829e-05
101	129	1.06286e-05
2	136	1.06222e-05
74	124	1.05831e-05
12	47	1.05644e-05
13	46	1.05644e-05
16	40	-1.0495e-05
65	147	-1.04919e-05
6	52	1.03329e-05
15	129	1.03013e-05
74	103	1.0161e-05
75	102	1.0161e-05
83	133	-1.00932e-05
87	123	1.00815e-05
105	124	9.78552e-06
104	125	9.78552e-06
53	101	9.78532e-06
26	40	9.66439e-06
95	101	9.62239e-06
34	118	-9.55212e-06
115	137	9.51573e-06
6	18	9.43165e-06
56	114	9.19461e-06
124	148	9.17929e-06
101	132	8.93366e-06
100	133	8.93366e-06
69	93	8.92206e-06
57	71	8.89944e-06
66	139	8.87819e-06
67	138	8.87819e-06
112	124	8.82811e-06
9	15	8.80839e-06
18	100	8.76778e-06
37	112	8.69172e-06
36	113	8.69172e-06
80	124	8.67904e-06
93	103	8.66101e-06
14	18	8.66041e-06
14	37	8.64627e-06
15	36	8.64627e-06
95	128	8.63508e-06
94	129	8.63508e-06
31	95	8.62114e-06
65	129	8.49283e-06
70	126	8.38684e-06
34	64	-8.32845e-06
7	116	-8.26557e-06
6	117	-8.26557e-06
2	96	8.21831e-06
50	75	8.05521e-06
51	74	8.05521e-06
15	31	8.05062e-06
56	128	7.91967e-06
1	137	7.89651e-06
119	126	7.7646e-06
118	127	7.7646e-06
46	90	7.76086e-06
64	82	-7.75696e-06
59	103	7.67122e-06
5	28	7.62053e-06
4	29	7.62053e-06
70	143	7.61665e-06
71	142	7.61665e-06
3	141	7.54709e-06
65	115	7.48365e-06
2	9	7.4061e-06
3	8	7.4061e-06
15	122	7.35549e-06
14	123	7.35549e-06
18	141	7.34943e-06
19	140	7.34943e-06
2	15	7.21157e-06
3	14	7.21157e-06
34	133	-7.07818e-06
35	132	-7.07818e-06
53	82	-6.95576e-06
52	83	-6.95576e-06
40	82	-6.812e-06
53	127	6.72744e-06
4	18	6.58035e-06
103	113	6.55707e-06
92	111	6.55356e-06
93	110	6.55356e-06
56	116	-6.44526e-06
102	118	6.37862e-06
59	105	6.31269e-06
56	90	6.31198e-06
41	126	6.28945e-06
40	127	6.28945e-06
11	135	6.25324e-06
52	70	6.18612e-06
101	124	6.17701e-06
100	125	6.17701e-06
117	119	-6.16106e-06
17	65	-6.15287e-06
77	90	6.15064e-06
76	91	6.15064e-06
56	64	6.02405e-06
125	129	6.0225e-06
41	81	6.00852e-06
69	119	5.93346e-06
53	147	-5.91727e-06
2	37	5.81959e-06
3	36	5.81959e-06
19	129	5.81519e-06
34	56	-5.78959e-06
94	125	5.72962e-06
95	124	5.72962e-06
30	124	5.65915e-06
17	19	-5.59858e-06
8	31	5.55998e-06
9	30	5.55998e-06
11	99	5.51345e-06
34	70	-5.46275e-06
37	137	5.43958e-06
65	71	5.40666e-06
37	51	5.38548e-06
56	126	5.37882e-06
100	117	-5.34146e-06
101	116	-5.34146e-06
100	129	5.3143e-06
101	128	5.3143e-06
12	46	5.28218e-06
35	129	-5.26256e-06
65	146	-5.24595e-06
64	147	-5.24595e-06
127	133	5.2236e-06
47	139	5.17503e-06
15	128	5.15064e-06
14	129	5.15064e-06
74	102	5.08051e-06
82	133	-5.04661e-06
83	132	-5.04661e-06
86	123	5.04076e-06
87	122	5.04076e-06
104	124	4.89276e-06
52	101	4.89266e-06
53	100	4.89266e-06
29	49	4.85064e-06
17	133	-4.81544e-06
95	100	4.8112e-06
94	101	4.8112e-06
114	137	4.75786e-06
115	136	4.75786e-06
97	125	4.71177e-06
87	127	4.47669e-06
100	132	4.46683e-06
69	92	4.46103e-06
68	93	4.46103e-06
57	70	4.44972e-06
56	71	4.44972e-06
66	138	4.43909e-06
41	99	4.42926e-06
101	147	-4.41704e-06
9	14	4.4042e-06
8	15	4.4042e-06
36	112	4.34586e-06
92	103	4.33051e-06
93	102	4.33051e-06
95	137	4.32574e-06
14	36	4.32313e-06
94	128	4.31754e-06
31	94	4.31057e-06
30	95	4.31057e-06
65	128	4.24642e-06
64	129	4.24642e-06
6	116	-4.13278e-06
27	35	-4.03382e-06
50	74	4.0276e-06
15	30	4.02531e-06
14	31	4.02531e-06
0	137	3.94825e-06
1	136	3.94825e-06
118	126	3.8823e-06
37	123	3.84536e-06
59	102	3.83561e-06
58	103	3.83561e-06
91	101	3.81299e-06
4	28	3.81027e-06
70	142	3.80833e-06
2	141	3.77355e-06
3	140	3.77355e-06
65	114	3.74183e-06
64	115	3.74183e-06
2	8	3.70305e-06
39	45	3.68623e-06
14	122	3.67775e-06
35	107	-3.67604e-06
18	140	3.67472e-06
2	14	3.60579e-06
107	147	-3.56666e-06
49	125	3.54582e-06
34	132	-3.53909e-06
19	71	3.49568e-06
52	82	-3.47788e-06
115	129	3.43966e-06
41	129	3.36865e-06
52	127	3.36372e-06
53	126	3.36372e-06
129	143	3.34978e-06
103	112	3.27853e-06
102	113	3.27853e-06
92	110	3.27678e-06
59	104	3.15634e-06
58	105	3.15634e-06
40	126	3.14472e-06
11	134	3.12662e-06
10	135	3.12662e-06
41	101	3.10763e-06
100	124	3.0885e-06
116	119	-3.08053e-06
117	118	-3.08053e-06
16	65	-3.07644e-06
17	64	-3.07644e-06
76	90	3.07532e-06
23	121	3.06438e-06
103	105	3.04869e-06
124	129	3.01125e-06
125	128	3.01125e-06
41	80	3.00426e-06
40	81	3.00426e-06
65	117	-2.99848e-06
57	95	2.98933e-06
41	149	2.97714e-06
68	119	2.96673e-06
69	118	2.96673e-06
52	147	-2.95863e-06
53	146	-2.95863e-06
19	65	2.956e-06
19	125	2.93996e-06
2	36	2.90979e-06
19	128	2.90759e-06
18	129	2.90759e-06
94	124	2.86481e-06
127	129	2.83618e-06
16	19	-2.79929e-06
17	18	-2.79929e-06
8	30	2.77999e-06
10	99	2.75673e-06
11	98	2.75673e-06
75	127	2.73334e-06
37	136	2.71979e-06
36	137	2.71979e-06
109	133	2.71735e-06
65	70	2.70333e-06
64	71	2.70333e-06
71	83	-2.69968e-06
36	51	2.69274e-06
37	50	2.69274e-06
5	129	2.68075e-06
100	116	-2.67073e-06
100	128	2.65715e-06
34	129	-2.63128e-06
35	128	-2.63128e-06
64	146	-2.62297e-06
126	133	2.6118e-06
127	132	2.6118e-06
37	75	2.60462e-06
46	139	2.58752e-06
47	138	2.58752e-06
14	128	2.57532e-06
7	31	2.54873e-06
115	117	-2.54251e-06
49	97	2.53246e-06
82	132	-2.52331e-06
86	122	2.52038e-06
9	87	2.48658e-06
63	67	2.46505e-06
113	135	2.44907e-06
52	100	2.44633e-06
13	91	2.44331e-06
28	49	2.42532e-06
29	48	2.42532e-06
29	125	2.42511e-06
16	133	-2.40772e-06
17	132	-2.40772e-06
94	100	2.4056e-06
114	136	2.37893e-06
97	124	2.35588e-06
96	125	2.35588e-06
125	127	2.33707e-06
37	81	2.29032e-06
17	57	-2.27843e-06
86	127	2.23835e-06
87	126	2.23835e-06
68	92	2.23051e-06
56	70	2.22486e-06
40	99	2.21463e-06
41	98	2.21463e-06
100	147	-2.20852e-06
101	146	-2.20852e-06
8	14	2.2021e-06
92	102	2.16525e-06
94	137	2.16287e-06
95	136	2.16287e-06
9	49	2.15804e-06
30	94	2.15528e-06
64	128	2.12321e-06
117	147	2.07306e-06
19	45	2.05056e-06
26	35	-2.01691e-06
27	34	-2.01691e-06
14	30	2.01265e-06
0	136	1.97413e-06
36	123	1.92268e-06
37	122	1.92268e-06
58	102	1.91781e-06
91	100	1.9065e-06
90	101	1.9065e-06
83	93	-1.89849e-06
2	140	1.88677e-06
64	114	1.87091e-06
38	45	1.84312e-06
39	44	1.84312e-06
135	149	1.84183e-06
35	106	-1.83802e-06
34	107	-1.83802e-06
106	147	-1.78333e-06
107	146	-1.78333e-06
48	125	1.77291e-06
49	124	1.77291e-06
18	71	1.74784e-06
19	70	1.74784e-06
81	103	1.72964e-06
51	113	1.72404e-06
1	43	1.72e-06
114	129	1.71983e-06
115	128	1.71983e-06
40	129	1.68433e-06
41	128	1.68433e-06
37	89	1.68265e-06
52	126	1.68186e-06
128	143	1.67489e-06
129	142	1.67489e-06
102	112	1.63927e-06
15	49	1.62993e-06
79	99	1.60904e-06
41	113	1.5825e-06
58	104	1.57817e-06
10	134	1.56331e-06
40	101	1.55381e-06
41	100	1.55381e-06
116	118	-1.54027e-06
16	64	-1.53822e-06
23	120	1.53219e-06
22	121	1.53219e-06
103	104	1.52434e-06
102	105	1.52434e-06
124	128	1.50563e-06
40	80	1.50213e-06
64	117	-1.49924e-06
65	116	-1.49924e-06
56	95	1.49466e-06
57	94	1.49466e-06
40	149	1.48857e-06
41	148	1.48857e-06
68	118	1.48336e-06
52	146	-1.47932e-06
19	64	1.478e-06
18	65	1.478e-06
18	125	1.46998e-06
19	124	1.46998e-06
18	128	1.4538e-06
41	135	1.43476e-06
19	117	-1.43218e-06
129	141	1.42638e-06
127	128	1.41809e-06
126	129	1.41809e-06
16	18	-1.39964e-06
37	105	1.38696e-06
10	98	1.37836e-06
17	53	-1.37832e-06
47	57	1.37535e-06
74	127	1.36667e-06
75	126	1.36667e-06
36	136	1.3599e-06
108	133	1.35867e-06
109	132	1.35867e-06
64	70	1.35167e-06
70	83	-1.34984e-06
71	82	-1.34984e-06
36	50	1.34637e-06
5	128	1.34038e-06
4	129	1.34038e-06
34	128	-1.31564e-06
107	117	-1.31268e-06
67	91	1.30761e-06
126	132	1.3059e-06
36	75	1.30231e-06
37	74	1.30231e-06
46	138	1.29376e-06
6	31	1.27437e-06
7	30	1.27437e-06
35	59	-1.27254e-06
114	117	-1.27125e-06
115	116	-1.27125e-06
48	97	1.26623e-06
49	96	1.26623e-06
9	86	1.24329e-06
8	87	1.24329e-06
1	107	1.24247e-06
62	67	1.23252e-06
63	66	1.23252e-06
112	135	1.22453e-06
113	134	1.22453e-06
19	73	1.22194e-06
13	90	1.22165e-06
12	91	1.22165e-06
28	48	1.21266e-06
29	124	1.21255e-06
28	125	1.21255e-06
16	132	-1.20386e-06
96	124	1.17794e-06
124	127	1.16853e-06
125	126	1.16853e-06
65	95	1.14857e-06
37	80	1.14516e-06
36	81	1.14516e-06
16	57	-1.13922e-06
17	56	-1.13922e-06
51	129	1.1222e-06
86	126	1.11917e-06
40	98	1.10732e-06
100	146	-1.10426e-06
1	19	1.09646e-06
27	83	-1.09356e-06
87	115	1.09163e-06
94	136	1.08143e-06
27	75	1.08095e-06
8	49	1.07902e-06
9	48	1.07902e-06
99	105	1.06214e-06
65	137	1.05245e-06
59	101	1.04901e-06
117	137	-1.04122e-06
116	147	1.03653e-06
117	146	1.03653e-06
19	44	1.02528e-06
18	45	1.02528e-06
37	97	1.02136e-06
26	34	-1.00846e-06
51	81	1.00026e-06
105	127	9.93992e-07
36	122	9.61341e-07
90	100	9.53248e-07
13	63	9.51514e-07
83	92	-9.49244e-07
82	93	-9.49244e-07
87	101	9.42539e-07
69	147	-9.32771e-07
38	44	9.21558e-07
135	148	9.20917e-07
134	149	9.20917e-07
34	106	-9.19011e-07
106	146	-8.91664e-07
48	124	8.86455e-07
18	70	8.7392e-07
107	129	8.71406e-07
99	133	8.68596e-07
81	102	8.64821e-07
80	103	8.64821e-07
50	113	8.62018e-07
51	112	8.62018e-07
0	43	8.60002e-07
1	42	8.60002e-07
114	128	8.59915e-07
40	128	8.42163e-07
36	89	8.41326e-07
37	88	8.41326e-07
128	142	8.37446e-07
17	107	-8.26141e-07
27	105	8.17394e-07
31	57	8.17212e-07
15	48	8.14966e-07
14	49	8.14966e-07
79	98	8.04518e-07
78	99	8.04518e-07
40	113	7.91249e-07
41	112	7.91249e-07
40	100	7.76907e-07
27	53	7.6736e-07
22	120	7.66096e-07
102	104	7.62172e-07
29	37	7.53447e-07
64	116	-7.49621e-07
56	94	7.47331e-07
40	148	7.44285e-07
17	27	-7.43097e-07
18	64	7.38999e-07
18	124	7.34989e-07
87	95	7.22775e-07
41	134	7.17379e-07
40	135	7.17379e-07
19	116	-7.16091e-07
18	117	-7.16091e-07
128	141	7.1319e-07
129	140	7.1319e-07
126	128	7.09045e-07
36	105	6.93478e-07
37	104	6.93478e-07
75	135	6.89929e-07
17	52	-6.89158e-07
16	53	-6.89158e-07
47	56	6.87677e-07
46	57	6.87677e-07
74	126	6.83335e-07
37	127	6.79761e-07
108	132	6.79337e-07
70	82	-6.74919e-07
4	128	6.70188e-07
83	129	-6.56655e-07
107	116	-6.56338e-07
106	117	-6.56338e-07
66	91	6.53807e-07
67	90	6.53807e-07
36	74	6.51154e-07
6	30	6.37183e-07
35	58	-6.36268e-07
34	59	-6.36268e-07
114	116	-6.35627e-07
48	96	6.33115e-07
37	95	6.28016e-07
101	149	6.28011e-07
8	86	6.21644e-07
1	106	6.21235e-07
0	107	6.21235e-07
62	66	6.16262e-07
17	71	-6.16018e-07
112	134	6.12266e-07
18	73	6.10971e-07
19	72	6.10971e-07
12	90	6.10827e-07
28	124	6.06277e-07
19	35	-6.06021e-07
1	57	5.96753e-07
69	73	5.96403e-07
124	126	5.84267e-07
5	57	5.78888e-07
75	99	5.78715e-07
11	125	5.7766e-07
65	94	5.74283e-07
64	95	5.74283e-07
129	133	5.72688e-07
36	80	5.72579e-07
16	56	-5.69608e-07
69	83	-5.66913e-07
51	128	5.61102e-07
50	129	5.61102e-07
27	119	5.51829e-07
49	137	5.504e-07
1	18	5.48231e-07
0	19	5.48231e-07
26	83	-5.46778e-07
27	82	-5.46778e-07
86	115	5.45813e-07
87	114	5.45813e-07
27	74	5.40475e-07
26	75	5.40475e-07
8	48	5.3951e-07
99	104	5.3107e-07
98	105	5.3107e-07
64	137	5.26226e-07
65	136	5.26226e-07
58	101	5.24505e-07
59	100	5.24505e-07
109	147	-5.22754e-07
117	136	-5.20608e-07
116	137	-5.20608e-07
116	146	5.18264e-07
103	149	5.14334e-07
18	44	5.1264e-07
37	96	5.10681e-07
36	97	5.10681e-07
53	57	5.05149e-07
51	80	5.00131e-07
50	81	5.00131e-07
105	126	4.96996e-07
104	127	4.96996e-07
59	135	4.88928e-07
1	143	4.86475e-07
12	63	4.75757e-07
13	62	4.75757e-07
82	92	-4.74622e-07
86	101	4.71269e-07
87	100	4.71269e-07
69	146	-4.66385e-07
68	147	-4.66385e-07
81	135	4.61653e-07
19	95	4.60735e-07
134	148	4.60458e-07
65	119	4.60056e-07
101	115	4.51662e-07
53	65	4.50467e-07
51	137	4.37148e-07
115	127	4.36899e-07
77	95	4.3626e-07
106	129	4.35703e-07
107	128	4.35703e-07
98	133	4.34298e-07
99	132	4.34298e-07
80	102	4.32411e-07
57	141	4.31564e-07
35	41	-4.3104e-07
50	112	4.31009e-07
0	42	4.30001e-07
95	127	4.24898e-07
11	95	4.24101e-07
36	88	4.20663e-07
16	107	-4.1307e-07
17	106	-4.1307e-07
51	105	4.12783e-07
37	129	4.11796e-07
57	83	-4.08793e-07
26	105	4.08697e-07
27	104	4.08697e-07
30	57	4.08606e-07
31	56	4.08606e-07
14	48	4.07483e-07
119	129	4.0521e-07
78	98	4.02259e-07
101	105	4.0054e-07
40	112	3.95625e-07
105	135	3.94317e-07
113	127	3.89782e-07
27	52	3.8368e-07
26	53	3.8368e-07
7	91	3.76906e-07
28	37	3.76723e-07
29	36	3.76723e-07
19	83	-3.73187e-07
17	26	-3.71548e-07
16	27	-3.71548e-07
71	117	-3.69062e-07
71	129	3.67505e-07
86	95	3.61387e-07
87	94	3.61387e-07
40	134	3.58689e-07
18	116	-3.58045e-07
128	140	3.56595e-07
3	5	3.54378e-07
47	95	3.50876e-07
11	41	3.50696e-07
36	104	3.46739e-07
75	134	3.44965e-07
74	135	3.44965e-07
16	52	-3.44579e-07
46	56	3.43839e-07
59	75	3.42795e-07
37	126	3.39881e-07
36	127	3.39881e-07
65	133	3.35474e-07
83	107	-3.29612e-07
82	129	-3.28327e-07
83	128	-3.28327e-07
106	116	-3.28169e-07
75	101	3.27735e-07
66	90	3.26903e-07
101	137	3.26158e-07
41	111	3.20965e-07
34	58	-3.18134e-07
5	31	3.14363e-07
37	94	3.14008e-07
36	95	3.14008e-07
101	148	3.14006e-07
100	149	3.14006e-07
19	133	3.13199e-07
0	106	3.10618e-07
16	71	-3.08009e-07
17	70	-3.08009e-07
18	72	3.05485e-07
5	73	3.0339e-07
18	35	-3.03011e-07
19	34	-3.03011e-07
0	57	2.98377e-07
1	56	2.98377e-07
69	72	2.98202e-07
68	73	2.98202e-07
39	117	-2.96938e-07
67	95	2.92429e-07
19	37	2.90572e-07
5	56	2.89444e-07
4	57	2.89444e-07
75	98	2.89357e-07
74	99	2.89357e-07
10	125	2.8883e-07
11	124	2.8883e-07
17	129	-2.87388e-07
64	94	2.87142e-07
29	137	2.86491e-07
128	133	2.86344e-07
129	132	2.86344e-07
29	141	2.85244e-07
69	82	-2.83456e-07
68	83	-2.83456e-07
105	121	2.83239e-07
50	128	2.80551e-07
101	113	2.76582e-07
26	119	2.75914e-07
27	118	2.75914e-07
49	136	2.752e-07
48	137	2.752e-07
0	18	2.74115e-07
26	82	-2.73389e-07
86	114	2.72906e-07
26	74	2.70238e-07
65	91	2.65616e-07
98	104	2.65535e-07
29	95	2.64622e-07
15	57	2.64108e-07
64	136	2.63113e-07
58	100	2.62253e-07
109	146	-2.61377e-07
108	147	-2.61377e-07
116	136	-2.60304e-07
19	61	2.59984e-07
27	133	2.58195e-07
103	148	2.57167e-07
102	149	2.57167e-07
7	129	2.5626e-07
36	96	2.5534e-07
17	99	-2.54899e-07
15	95	2.54557e-07
53	56	2.52575e-07
52	57	2.52575e-07
50	80	2.50066e-07
104	126	2.48498e-07
87	145	2.48257e-07
5	95	2.48183e-07
58	135	2.44464e-07
59	134	2.44464e-07
31	137	2.43551e-07
1	142	2.43238e-07
0	143	2.43238e-07
5	45	2.41491e-07
13	67	2.40253e-07
3	95	2.38831e-07
12	62	2.37878e-07
49	141	2.37482e-07
86	100	2.35635e-07
7	59	2.35621e-07
68	146	-2.33193e-07
80	135	2.30826e-07
81	134	2.30826e-07
19	94	2.30367e-07
18	95	2.30367e-07
65	118	2.30028e-07
64	119	2.30028e-07
1	15	2.27454e-07
19	115	2.26554e-07
100	115	2.25831e-07
101	114	2.25831e-07
19	113	2.25759e-07
52	65	2.25233e-07
53	64	2.25233e-07
101	119	2.22783e-07
99	135	2.22096e-07
5	123	2.21913e-07
50	137	2.18574e-07
51	136	2.18574e-07
114	127	2.1845e-07
115	126	2.1845e-07
76	95	2.1813e-07
77	94	2.1813e-07
106	128	2.17852e-07
98	132	2.17149e-07
7	27	2.1596e-07
57	140	2.15782e-07
56	141	2.15782e-07
35	40	-2.1552e-07
34	41	-2.1552e-07
94	127	2.12449e-07
95	126	2.12449e-07
11	94	2.1205e-07
10	95	2.1205e-07
23	93	2.10785e-07
16	106	-2.06535e-07
50	105	2.06391e-07
51	104	2.06391e-07
81	101	2.0626e-07
37	128	2.05898e-07
36	129	2.05898e-07
53	137	2.05808e-07
69	117	-2.04805e-07
57	82	-2.04396e-07
56	83	-2.04396e-07
26	104	2.04348e-07
30	56	2.04303e-07
119	128	2.02605e-07
118	129	2.02605e-07
11	103	2.00964e-07
101	104	2.0027e-07
100	105	2.0027e-07
11	27	1.98202e-07
99	107	1.97366e-07
105	134	1.97158e-07
104	135	1.97158e-07
17	91	-1.95149e-07
112	127	1.94891e-07
113	126	1.94891e-07
17	111	-1.94545e-07
26	52	1.9184e-07
23	105	1.9163e-07
6	91	1.88453e-07
7	90	1.88453e-07
28	36	1.88362e-07
37	101	1.87663e-07
18	83	-1.86594e-07
19	82	-1.86594e-07
16	26	-1.85774e-07
7	73	1.85391e-07
127	143	1.85128e-07
95	123	1.84832e-07
71	116	-1.84531e-07
70	117	-1.84531e-07
70	129	1.83753e-07
71	128	1.83753e-07
57	147	-1.83629e-07
127	137	1.80891e-07
86	94	1.80694e-07
7	119	1.77786e-07
2	5	1.77189e-07
3	4	1.77189e-07
46	95	1.75438e-07
47	94	1.75438e-07
10	41	1.75348e-07
11	40	1.75348e-07
74	134	1.72482e-07
58	75	1.71398e-07
59	74	1.71398e-07
36	126	1.6994e-07
64	133	1.67737e-07
65	132	1.67737e-07
41	53	1.66566e-07
83	106	-1.64806e-07
82	107	-1.64806e-07
82	128	-1.64164e-07
75	100	1.63868e-07
74	101	1.63868e-07
101	136	1.63079e-07
100	137	1.63079e-07
59	65	1.6083e-07
41	110	1.60482e-07
40	111	1.60482e-07
49	51	1.58404e-07
5	30	1.57181e-07
4	31	1.57181e-07
36	94	1.57004e-07
100	148	1.57003e-07
18	133	1.566e-07
19	132	1.566e-07
125	143	1.55162e-07
71	137	1.54028e-07
16	70	-1.54005e-07
4	73	1.51695e-07
5	72	1.51695e-07
13	33	1.51649e-07
18	34	-1.51505e-07
37	49	1.50063e-07
0	56	1.49188e-07
68	72	1.49101e-07
39	116	-1.48469e-07
38	117	-1.48469e-07
17	93	-1.48174e-07
59	81	1.47923e-07
75	121	1.46647e-07
66	95	1.46214e-07
67	94	1.46214e-07
7	87	1.45902e-07
17	105	-1.4538e-07
18	37	1.45286e-07
19	36	1.45286e-07
57	77	1.44907e-07
4	56	1.44722e-07
74	98	1.44679e-07
10	124	1.44415e-07
45	141	1.44123e-07
16	129	-1.43694e-07
17	128	-1.43694e-07
103	125	1.43305e-07
28	137	1.43245e-07
29	136	1.43245e-07
128	132	1.43172e-07
29	140	1.42622e-07
28	141	1.42622e-07
15	115	1.42276e-07
68	82	-1.41728e-07
104	121	1.41619e-07
105	120	1.41619e-07
27	107	1.4111e-07
3	129	1.40785e-07
81	95	1.39513e-07
100	113	1.38291e-07
101	112	1.38291e-07
59	121	1.38098e-07
26	118	1.37957e-07
17	121	-1.37728e-07
48	136	1.376e-07
31	49	1.33637e-07
51	101	1.33404e-07
64	91	1.32808e-07
65	90	1.32808e-07
35	109	-1.32391e-07
28	95	1.32311e-07
29	94	1.32311e-07
14	57	1.32054e-07
15	56	1.32054e-07
83	111	-1.31351e-07
108	146	-1.30689e-07
18	61	1.29992e-07
19	60	1.29992e-07
27	132	1.29097e-07
26	133	1.29097e-07
102	148	1.28583e-07
6	129	1.2813e-07
7	128	1.2813e-07
99	149	1.28087e-07
17	98	-1.2745e-07
16	99	-1.2745e-07
14	95	1.27279e-07
15	94	1.27279e-07
52	56	1.26287e-07
13	95	1.25534e-07
86	145	1.24129e-07
87	144	1.24129e-07
5	94	1.24091e-07
4	95	1.24091e-07
117	133	-1.23403e-07
58	134	1.22232e-07
127	149	1.22065e-07
30	137	1.21775e-07
31	136	1.21775e-07
0	142	1.21619e-07
9	37	1.21131e-07
27	127	1.20946e-07
4	45	1.20746e-07
5	44	1.20746e-07
13	66	1.20126e-07
12	67	1.20126e-07
97	129	1.2005e-07
2	95	1.19416e-07
3	94	1.19416e-07
48	141	1.18741e-07
49	140	1.18741e-07
37	103	1.18627e-07
6	59	1.17811e-07
7	58	1.17811e-07
31	129	1.17648e-07
80	134	1.15413e-07
87	125	1.15313e-07
18	94	1.15184e-07
64	118	1.15014e-07
23	59	1.1391e-07
0	15	1.13727e-07
1	14	1.13727e-07
19	114	1.13277e-07
18	115	1.13277e-07
100	114	1.12916e-07
18	113	1.1288e-07
19	112	1.1288e-07
52	64	1.12617e-07
115	147	-1.11467e-07
101	118	1.11392e-07
100	119	1.11392e-07
11	121	1.11301e-07
98	135	1.11048e-07
99	134	1.11048e-07
4	123	1.10957e-07
5	122	1.10957e-07
45	127	1.10898e-07
95	115	1.10616e-07
31	45	1.09724e-07
29	103	1.09458e-07
50	136	1.09287e-07
114	126	1.09225e-07
76	94	1.09065e-07
29	51	1.0841e-07
11	51	1.08359e-07
7	26	1.0798e-07
6	27	1.0798e-07
56	140	1.07891e-07
34	40	-1.0776e-07
59	149	1.07737e-07
3	31	1.06331e-07
94	126	1.06224e-07
10	94	1.06025e-07
91	139	1.05655e-07
22	93	1.05393e-07
23	92	1.05393e-07
50	104	1.03196e-07
81	100	1.0313e-07
80	101	1.0313e-07
95	145	1.02998e-07
36	128	1.02949e-07
52	137	1.02904e-07
53	136	1.02904e-07
68	117	-1.02403e-07
69	116	-1.02403e-07
56	82	-1.02198e-07
119	121	1.02156e-07
118	128	1.01303e-07
11	102	1.00482e-07
10	103	1.00482e-07
100	104	1.00135e-07
10	27	9.91009e-08
11	26	9.91009e-08
98	107	9.8683e-08
99	106	9.8683e-08
104	134	9.85792e-08
113	129	9.81101e-08
57	133	9.80962e-08
16	91	-9.75746e-08
17	90	-9.75746e-08
112	126	9.74456e-08
15	45	9.74095e-08
17	110	-9.72723e-08
16	111	-9.72723e-08
35	69	-9.60568e-08
23	104	9.58151e-08
22	105	9.58151e-08
7	95	9.49025e-08
6	90	9.42265e-08
37	100	9.38317e-08
36	101	9.38317e-08
41	95	9.37812e-08
18	82	-9.32968e-08
29	97	9.27706e-08
7	72	9.26954e-08
6	73	9.26954e-08
126	143	9.25639e-08
127	142	9.25639e-08
95	122	9.24158e-08
94	123	9.24158e-08
70	116	-9.22656e-08
31	115	9.20932e-08
70	128	9.18763e-08
57	146	-9.18144e-08
56	147	-9.18144e-08
126	137	9.04453e-08
127	136	9.04453e-08
6	119	8.8893e-08
7	118	8.8893e-08
2	4	8.85946e-08
46	94	8.7719e-08
10	40	8.7674e-08
65	125	8.75883e-08
51	141	8.59654e-08
47	63	8.58773e-08
71	115	8.58556e-08
58	74	8.56989e-08
91	127	8.55889e-08
43	71	8.42105e-08
64	132	8.38686e-08
65	143	8.37722e-08
40	53	8.32828e-08
41	52	8.32828e-08
82	106	-8.24031e-08
81	99	8.1992e-08
74	100	8.19338e-08
100	136	8.15394e-08
41	65	8.13282e-08
61	117	-8.07597e-08
59	64	8.04148e-08
58	65	8.04148e-08
40	110	8.02412e-08
1	101	7.95615e-08
49	50	7.92021e-08
48	51	7.92021e-08
59	113	7.86231e-08
4	30	7.85907e-08
95	149	7.83165e-08
18	132	7.82998e-08
81	127	7.82763e-08
124	143	7.75808e-08
125	142	7.75808e-08
29	129	7.74641e-08
75	129	7.7079e-08
71	136	7.70138e-08
70	137	7.70138e-08
35	93	-7.64276e-08
83	99	-7.61399e-08
83	143	-7.60542e-08
4	72	7.58474e-08
13	32	7.58243e-08
12	33	7.58243e-08
36	49	7.50317e-08
37	48	7.50317e-08
53	115	7.44635e-08
38	116	-7.42344e-08
16	93	-7.40872e-08
17	92	-7.40872e-08
58	81	7.39616e-08
59	80	7.39616e-08
51	97	7.3674e-08
74	121	7.33237e-08
75	120	7.33237e-08
37	149	7.32437e-08
66	94	7.31072e-08
6	87	7.2951e-08
7	86	7.2951e-08
16	105	-7.26901e-08
17	104	-7.26901e-08
18	36	7.2643e-08
31	51	7.26342e-08
56	77	7.24535e-08
57	76	7.24535e-08
45	140	7.20616e-08
44	141	7.20616e-08
16	128	-7.18471e-08
102	125	7.16527e-08
103	124	7.16527e-08
28	136	7.16227e-08
28	140	7.13109e-08
14	115	7.1138e-08
15	114	7.1138e-08
104	120	7.08096e-08
26	107	7.0555e-08
27	106	7.0555e-08
3	128	7.03927e-08
2	129	7.03927e-08
7	41	7.00296e-08
80	95	6.97565e-08
81	94	6.97565e-08
13	57	6.97156e-08
99	113	6.94919e-08
100	112	6.91456e-08
58	121	6.90489e-08
59	120	6.90489e-08
16	121	-6.88638e-08
17	120	-6.88638e-08
91	129	6.83826e-08
5	89	6.74873e-08
31	48	6.68187e-08
30	49	6.68187e-08
51	100	6.67018e-08
50	101	6.67018e-08
133	143	6.66736e-08
64	90	6.64041e-08
9	51	6.63617e-08
35	108	-6.61956e-08
34	109	-6.61956e-08
28	94	6.61554e-08
14	56	6.60271e-08
83	110	-6.56755e-08
82	111	-6.56755e-08
18	60	6.49959e-08
26	132	6.45487e-08
6	128	6.40651e-08
99	148	6.40435e-08
98	149	6.40435e-08
16	98	-6.37248e-08
14	94	6.36393e-08
31	73	6.31947e-08
19	39	6.28432e-08
13	94	6.2767e-08
12	95	6.2767e-08
86	144	6.20643e-08
4	94	6.20457e-08
116	133	-6.17017e-08
117	132	-6.17017e-08
127	148	6.10323e-08
126	149	6.10323e-08
30	136	6.08877e-08
9	36	6.05656e-08
8	37	6.05656e-08
3	75	6.05025e-08
26	127	6.0473e-08
27	126	6.0473e-08
27	59	6.04589e-08
4	44	6.03728e-08
5	113	6.03391e-08
12	66	6.00632e-08
96	129	6.0025e-08
97	128	6.0025e-08
71	125	5.99773e-08
9	97	5.98558e-08
2	94	5.97078e-08
19	87	5.95441e-08
48	140	5.93704e-08
36	103	5.93135e-08
37	102	5.93135e-08
37	143	5.92432e-08
23	119	5.90214e-08
6	58	5.89053e-08
30	129	5.88242e-08
31	128	5.88242e-08
39	143	5.86279e-08
59	99	5.85256e-08
86	125	5.76567e-08
87	124	5.76567e-08
1	7	5.71969e-08
3	123	5.71658e-08
35	99	-5.70489e-08
22	59	5.69551e-08
23	58	5.69551e-08
0	14	5.68635e-08
18	114	5.66385e-08
18	112	5.64398e-08
115	146	-5.57333e-08
114	147	-5.57333e-08
100	118	5.56958e-08
10	121	5.56505e-08
11	120	5.56505e-08
51	127	5.55979e-08
98	134	5.55239e-08
4	122	5.54783e-08
44	127	5.5449e-08
45	126	5.5449e-08
95	114	5.5308e-08
94	115	5.5308e-08
31	44	5.48618e-08
30	45	5.48618e-08
19	97	5.47456e-08
29	102	5.47289e-08
28	103	5.47289e-08
61	127	5.43366e-08
28	51	5.42049e-08
29	50	5.42049e-08
10	51	5.41794e-08
11	50	5.41794e-08
6	26	5.399e-08
59	148	5.38686e-08
58	149	5.38686e-08
19	53	5.34588e-08
41	117	-5.33828e-08
3	30	5.31657e-08
2	31	5.31657e-08
91	138	5.28275e-08
90	139	5.28275e-08
83	121	-5.27858e-08
22	92	5.26963e-08
95	113	5.23477e-08
43	115	5.22819e-08
103	129	5.19081e-08
80	100	5.15649e-08
95	144	5.14989e-08
94	145	5.14989e-08
52	136	5.14521e-08
68	116	-5.12013e-08
119	120	5.10781e-08
118	121	5.10781e-08
1	109	5.1031e-08
19	147	-5.09093e-08
93	117	-5.07074e-08
73	127	5.04833e-08
57	125	5.04823e-08
10	102	5.02409e-08
119	147	-4.99354e-08
49	129	4.99202e-08
10	26	4.95504e-08
7	45	4.94018e-08
98	106	4.93415e-08
113	128	4.90551e-08
112	129	4.90551e-08
56	133	4.90481e-08
57	132	4.90481e-08
16	90	-4.87873e-08
14	45	4.87048e-08
15	44	4.87048e-08
16	110	-4.86361e-08
35	68	-4.80284e-08
34	69	-4.80284e-08
22	104	4.79075e-08
7	94	4.74512e-08
6	95	4.74512e-08
31	91	4.72884e-08
53	99	4.69705e-08
36	100	4.69158e-08
41	94	4.68906e-08
40	95	4.68906e-08
28	97	4.63853e-08
29	96	4.63853e-08
6	72	4.63477e-08
126	142	4.6282e-08
94	122	4.62079e-08
31	114	4.60466e-08
30	115	4.60466e-08
56	146	-4.59072e-08
126	136	4.52226e-08
51	149	4.49912e-08
113	141	4.48863e-08
6	118	4.44465e-08
103	127	4.43193e-08
93	129	4.40369e-08
105	133	4.39934e-08
65	124	4.37942e-08
64	125	4.37942e-08
69	127	4.3385e-08
119	135	4.32678e-08
27	149	4.30397e-08
75	95	4.30344e-08
51	140	4.29827e-08
50	141	4.29827e-08
46	63	4.29386e-08
47	62	4.29386e-08
71	114	4.29278e-08
70	115	4.29278e-08
90	127	4.27944e-08
91	126	4.27944e-08
42	71	4.21052e-08
43	70	4.21052e-08
99	119	4.19483e-08
37	45	4.18936e-08
65	142	4.18861e-08
64	143	4.18861e-08
40	52	4.16414e-08
105	119	4.15159e-08
53	109	4.12545e-08
59	117	-4.11138e-08
81	98	4.0996e-08
80	99	4.0996e-08
40	65	4.06641e-08
41	64	4.06641e-08
49	75	4.03959e-08
60	117	-4.03798e-08
61	116	-4.03798e-08
58	64	4.02074e-08
7	107	4.00926e-08
0	101	3.97807e-08
1	100	3.97807e-08
48	50	3.96011e-08
133	149	3.93608e-08
58	113	3.93116e-08
59	112	3.93116e-08
94	149	3.91582e-08
95	148	3.91582e-08
80	127	3.91381e-08
81	126	3.91381e-08
123	127	3.90239e-08
124	142	3.87904e-08
28	129	3.8732e-08
29	128	3.8732e-08
31	37	3.86351e-08
75	128	3.85395e-08
74	129	3.85395e-08
70	136	3.85069e-08
34	93	-3.82138e-08
35	92	-3.82138e-08
83	98	-3.807e-08
82	99	-3.807e-08
82	143	-3.80271e-08
83	142	-3.80271e-08
12	32	3.79122e-08
35	143	-3.78248e-08
31	75	3.76022e-08
36	48	3.75159e-08
3	57	3.73682e-08
52	115	3.72318e-08
53	114	3.72318e-08
16	92	-3.70436e-08
58	80	3.69808e-08
31	83	-3.68909e-08
11	49	3.6853e-08
51	96	3.6837e-08
50	97	3.6837e-08
35	39	-3.68301e-08
7	125	3.67999e-08
74	120	3.66619e-08
37	148	3.66218e-08
36	149	3.66218e-08
6	86	3.64755e-08
16	104	-3.63451e-08
30	51	3.63171e-08
31	50	3.63171e-08
56	76	3.62268e-08
81	141	3.61199e-08
44	140	3.60308e-08
102	124	3.58264e-08
5	9	3.56627e-08
14	114	3.5569e-08
99	103	3.5484e-08
35	61	-3.54707e-08
26	106	3.52775e-08
2	128	3.51964e-08
6	41	3.50148e-08
7	40	3.50148e-08
80	94	3.48783e-08
13	56	3.48578e-08
12	57	3.48578e-08
99	112	3.47459e-08
98	113	3.47459e-08
51	95	3.45331e-08
58	120	3.45244e-08
16	120	-3.44319e-08
91	128	3.41913e-08
90	129	3.41913e-08
9	11	3.4009e-08
4	89	3.37437e-08
5	88	3.37437e-08
11	129	3.36151e-08
30	48	3.34093e-08
50	100	3.33509e-08
132	143	3.33368e-08
133	142	3.33368e-08
9	50	3.31809e-08
8	51	3.31809e-08
34	108	-3.30978e-08
82	110	-3.28378e-08
45	125	3.22285e-08
98	148	3.20217e-08
1	5	3.20039e-08
31	72	3.15974e-08
30	73	3.15974e-08
18	39	3.14216e-08
19	38	3.14216e-08
12	94	3.13835e-08
49	81	3.13681e-08
71	95	3.12872e-08
116	132	-3.08509e-08
1	35	-3.06631e-08
126	148	3.05162e-08
7	137	3.04296e-08
27	65	3.03418e-08
8	36	3.02828e-08
2	75	3.02512e-08
3	74	3.02512e-08
26	126	3.02365e-08
26	59	3.02294e-08
27	58	3.02294e-08
71	139	3.02136e-08
7	69	3.0186e-08
5	112	3.01695e-08
4	113	3.01695e-08
96	128	3.00125e-08
70	125	2.99886e-08
71	124	2.99886e-08
9	96	2.99279e-08
8	97	2.99279e-08
18	87	2.97721e-08
19	86	2.97721e-08
36	102	2.96568e-08
36	143	2.96216e-08
37	142	2.96216e-08
23	118	2.95107e-08
22	119	2.95107e-08
30	128	2.94121e-08
31	71	2.93946e-08
41	107	2.93864e-08
111	127	2.93839e-08
87	129	2.93303e-08
39	142	2.93139e-08
38	143	2.93139e-08
58	99	2.92628e-08
59	98	2.92628e-08
95	143	2.91355e-08
97	123	2.89183e-08
101	143	2.88743e-08
86	124	2.88283e-08
1	6	2.85984e-08
0	7	2.85984e-08
3	122	2.85829e-08
2	123	2.85829e-08
35	98	-2.85245e-08
34	99	-2.85245e-08
22	58	2.84775e-08
7	99	2.84484e-08
93	127	2.8329e-08
43	129	2.81932e-08
114	146	-2.78666e-08
10	120	2.78252e-08
50	127	2.77989e-08
51	126	2.77989e-08
44	126	2.77245e-08
17	103	-2.76544e-08
94	114	2.7654e-08
5	103	2.74818e-08
30	44	2.74309e-08
39	127	2.74108e-08
19	96	2.73728e-08
18	97	2.73728e-08
28	102	2.73644e-08
61	126	2.71683e-08
60	127	2.71683e-08
28	50	2.71024e-08
10	50	2.70897e-08
7	105	2.69359e-08
58	148	2.69343e-08
27	51	2.68673e-08
19	52	2.67294e-08
18	53	2.67294e-08
67	101	2.67188e-08
40	117	-2.66914e-08
41	116	-2.66914e-08
2	30	2.65828e-08
45	65	2.65142e-08
90	138	2.64138e-08
82	121	-2.63929e-08
83	120	-2.63929e-08
94	113	2.61739e-08
95	112	2.61739e-08
43	114	2.61409e-08
42	115	2.61409e-08
102	129	2.5954e-08
103	128	2.5954e-08
94	144	2.57495e-08
118	120	2.5539e-08
0	109	2.55155e-08
1	108	2.55155e-08
18	147	-2.54546e-08
19	146	-2.54546e-08
92	117	-2.53537e-08
93	116	-2.53537e-08
72	127	2.52417e-08
73	126	2.52417e-08
56	125	2.52412e-08
57	124	2.52412e-08
17	31	-2.51339e-08
119	143	2.49949e-08
119	146	-2.49677e-08
118	147	-2.49677e-08
49	128	2.49601e-08
48	129	2.49601e-08
17	61	-2.49128e-08
13	101	2.48468e-08
6	45	2.47009e-08
7	44	2.47009e-08
112	128	2.45275e-08
17	75	-2.45259e-08
56	132	2.4524e-08
61	83	-2.43661e-08
14	44	2.43524e-08
27	101	2.41889e-08
45	57	2.40488e-08
34	68	-2.40142e-08
6	94	2.37256e-08
31	90	2.36442e-08
30	91	2.36442e-08
3	29	2.35133e-08
52	99	2.34852e-08
53	98	2.34852e-08
17	149	-2.34598e-08
40	94	2.34453e-08
77	101	2.33431e-08
28	96	2.31926e-08
30	114	2.30233e-08
1	147	-2.2694e-08
51	148	2.24956e-08
50	149	2.24956e-08
112	141	2.24432e-08
113	140	2.24432e-08
137	143	2.21754e-08
81	121	2.21685e-08
102	127	2.21596e-08
103	126	2.21596e-08
92	129	2.20184e-08
93	128	2.20184e-08
105	132	2.19967e-08
104	133	2.19967e-08
64	124	2.18971e-08
1	141	2.1815e-08
23	41	2.17351e-08
69	126	2.16925e-08
68	127	2.16925e-08
118	135	2.16339e-08
119	134	2.16339e-08
27	148	2.15199e-08
26	149	2.15199e-08
75	94	2.15172e-08
74	95	2.15172e-08
50	140	2.14913e-08
46	62	2.14693e-08
70	114	2.14639e-08
90	126	2.13972e-08
83	105	-2.13004e-08
129	149	2.1088e-08
42	70	2.10526e-08
98	119	2.09742e-08
99	118	2.09742e-08
37	44	2.09468e-08
36	45	2.09468e-08
64	142	2.0943e-08
105	118	2.0758e-08
104	119	2.0758e-08
53	108	2.06272e-08
52	109	2.06272e-08
58	117	-2.05569e-08
59	116	-2.05569e-08
29	81	2.05478e-08
80	98	2.0498e-08
40	64	2.03321e-08
9	113	2.03014e-08
49	74	2.0198e-08
48	75	2.0198e-08
105	129	2.01929e-08
95	141	2.01916e-08
60	116	-2.01899e-08
6	107	2.00463e-08
7	106	2.00463e-08
0	100	1.98904e-08
79	105	1.97885e-08
133	148	1.96804e-08
132	149	1.96804e-08
97	113	1.96781e-08
58	112	1.96558e-08
94	148	1.95791e-08
80	126	1.95691e-08
7	67	1.95315e-08
123	126	1.95119e-08
122	127	1.95119e-08
43	133	1.94595e-08
15	71	1.94267e-08
73	101	1.93798e-08
28	128	1.9366e-08
31	36	1.93175e-08
30	37	1.93175e-08
74	128	1.92697e-08
34	92	-1.91069e-08
27	147	-1.9055e-08
82	98	-1.9035e-08
82	142	-1.90136e-08
81	129	1.89603e-08
35	142	-1.89124e-08
34	143	-1.89124e-08
31	59	1.88021e-08
30	75	1.88011e-08
31	74	1.88011e-08
2	57	1.86841e-08
3	56	1.86841e-08
52	114	1.86159e-08
27	117	-1.85883e-08
39	53	1.85099e-08
30	83	-1.84455e-08
31	82	-1.84455e-08
10	49	1.84265e-08
11	48	1.84265e-08
50	96	1.84185e-08
35	38	-1.84151e-08
34	39	-1.84151e-08
6	125	1.83999e-08
7	124	1.83999e-08
36	148	1.83109e-08
17	95	-1.82734e-08
30	50	1.81585e-08
7	115	1.81365e-08
80	141	1.806e-08
81	140	1.806e-08
4	9	1.78313e-08
5	8	1.78313e-08
99	102	1.7742e-08
98	103	1.7742e-08
15	113	1.77371e-08
35	60	-1.77354e-08
34	61	-1.77354e-08
19	67	1.75485e-08
87	137	1.75165e-08
6	40	1.75074e-08
7	109	1.74423e-08
12	56	1.74289e-08
98	112	1.7373e-08
51	94	1.72666e-08
50	95	1.72666e-08
1	125	1.71614e-08
90	128	1.70956e-08
45	113	1.70936e-08
9	10	1.70045e-08
8	11	1.70045e-08
4	88	1.68718e-08
10	129	1.68075e-08
11	128	1.68075e-08
71	73	1.67882e-08
35	91	-1.67306e-08
132	142	1.66684e-08
37	71	1.66321e-08
8	50	1.65904e-08
19	149	1.64381e-08
19	143	1.62618e-08
113	137	1.61892e-08
44	125	1.61142e-08
45	124	1.61142e-08
5	51	1.60628e-08
31	113	1.60209e-08
0	5	1.60019e-08
1	4	1.60019e-08
113	133	1.59985e-08
30	72	1.57987e-08
18	38	1.57108e-08
48	81	1.5684e-08
49	80	1.5684e-08
71	94	1.56436e-08
70	95	1.56436e-08
47	49	1.55727e-08
9	75	1.54585e-08
5	87	1.53797e-08
0	35	-1.53315e-08
1	34	-1.53315e-08
6	137	1.52148e-08
7	136	1.52148e-08
3	113	1.5195e-08
26	65	1.51709e-08
27	64	1.51709e-08
117	143	-1.51416e-08
2	74	1.51256e-08
26	58	1.51147e-08
71	138	1.51068e-08
70	139	1.51068e-08
7	68	1.5093e-08
6	69	1.5093e-08
4	112	1.50848e-08
70	124	1.49943e-08
8	96	1.4964e-08
18	86	1.4886e-08
5	49	1.48291e-08
36	142	1.48108e-08
22	118	1.47553e-08
30	71	1.46973e-08
31	70	1.46973e-08
41	106	1.46932e-08
40	107	1.46932e-08
111	126	1.4692e-08
110	127	1.4692e-08
87	128	1.46651e-08
86	129	1.46651e-08
38	142	1.4657e-08
58	98	1.46314e-08
94	143	1.45677e-08
95	142	1.45677e-08
39	129	1.45177e-08
96	123	1.44592e-08
97	122	1.44592e-08
100	143	1.44371e-08
101	142	1.44371e-08
0	6	1.42992e-08
35	115	-1.42923e-08
2	122	1.42915e-08
83	103	-1.42886e-08
34	98	-1.42622e-08
7	98	1.42242e-08
6	99	1.42242e-08
27	129	1.41733e-08
93	126	1.41645e-08
92	127	1.41645e-08
42	129	1.40966e-08
43	128	1.40966e-08
71	107	1.39492e-08
50	126	1.38995e-08
17	102	-1.38272e-08
16	103	-1.38272e-08
4	103	1.37409e-08
5	102	1.37409e-08
38	127	1.37054e-08
39	126	1.37054e-08
18	96	1.36864e-08
60	126	1.35841e-08
15	51	1.35091e-08
6	105	1.3468e-08
7	104	1.3468e-08
26	51	1.34336e-08
27	50	1.34336e-08
18	52	1.33647e-08
66	101	1.33594e-08
67	100	1.33594e-08
40	116	-1.33457e-08
27	81	1.33442e-08
29	91	1.33243e-08
75	123	1.32846e-08
41	51	1.32781e-08
91	137	1.32744e-08
65	73	1.32597e-08
44	65	1.32571e-08
45	64	1.32571e-08
82	120	-1.31964e-08
43	53	1.31822e-08
81	137	1.31205e-08
94	112	1.30869e-08
42	114	1.30705e-08
102	128	1.2977e-08
27	103	1.29445e-08
3	11	1.28696e-08
81	133	1.28485e-08
0	108	1.27577e-08
18	146	-1.27273e-08
92	116	-1.26769e-08
72	126	1.26208e-08
56	124	1.26206e-08
65	123	1.26171e-08
17	30	-1.2567e-08
16	31	-1.2567e-08
119	142	1.24974e-08
118	143	1.24974e-08
118	146	-1.24839e-08
48	128	1.24801e-08
17	60	-1.24564e-08
16	61	-1.24564e-08
73	113	1.24252e-08
12	101	1.24234e-08
13	100	1.24234e-08
35	137	-1.23852e-08
6	44	1.23504e-08
123	141	1.23354e-08
17	74	-1.2263e-08
16	75	-1.2263e-08
45	71	1.22039e-08
61	82	-1.21831e-08
60	83	-1.21831e-08
26	101	1.20944e-08
27	100	1.20944e-08
1	65	1.20408e-08
51	143	1.20299e-08
44	57	1.20244e-08
45	56	1.20244e-08
7	61	1.19505e-08
30	90	1.18221e-08
67	71	1.18131e-08
101	139	1.17991e-08
3	28	1.17566e-08
2	29	1.17566e-08
52	98	1.17426e-08
17	148	-1.17299e-08
16	149	-1.17299e-08
77	100	1.16716e-08
76	101	1.16716e-08
5	81	1.16267e-08
103	111	1.15629e-08
107	127	1.13862e-08
1	146	-1.1347e-08
0	147	-1.1347e-08
49	123	1.13288e-08
49	91	1.13147e-08
50	148	1.12478e-08
19	123	1.12237e-08
112	140	1.12216e-08
15	87	1.11649e-08
3	87	1.11382e-08
137	142	1.10877e-08
136	143	1.10877e-08
81	120	1.10843e-08
80	121	1.10843e-08
102	126	1.10798e-08
92	128	1.10092e-08
104	132	1.09984e-08
0	141	1.09075e-08
1	140	1.09075e-08
22	41	1.08676e-08
23	40	1.08676e-08
68	126	1.08463e-08
118	134	1.0817e-08
17	113	-1.079e-08
26	148	1.07599e-08
74	94	1.07586e-08
75	119	1.07278e-08
82	105	-1.06502e-08
83	104	-1.06502e-08
41	125	1.05939e-08
123	137	1.0571e-08
53	143	1.05703e-08
128	149	1.0544e-08
129	148	1.0544e-08
11	37	1.04904e-08
98	118	1.04871e-08
36	44	1.04734e-08
43	67	1.04318e-08
19	81	1.04167e-08
104	118	1.0379e-08
53	119	1.03439e-08
5	127	1.03168e-08
52	108	1.03136e-08
58	116	-1.02785e-08
28	81	1.02739e-08
29	80	1.02739e-08
107	121	1.02008e-08
15	65	1.01875e-08
8	113	1.01507e-08
9	112	1.01507e-08
48	74	1.0099e-08
104	129	1.00965e-08
105	128	1.00965e-08
94	141	1.00958e-08
95	140	1.00958e-08
115	123	1.009e-08
65	69	1.00566e-08
6	106	1.00232e-08
1	139	1.00113e-08
