0	1	2
74	75	2
72	73	2
70	71	2
68	69	2
66	67	2
64	65	2
62	63	2
60	61	2
58	59	2
56	57	2
54	55	2
52	53	2
50	51	2
48	49	2
146	147	2
46	47	2
44	45	2
16	17	2
18	19	2
20	21	2
22	23	2
24	25	2
26	27	2
76	77	2
28	29	2
32	33	2
34	35	2
36	37	2
38	39	2
40	41	2
42	43	2
30	31	2
14	15	2
78	79	2
82	83	2
144	145	2
142	143	2
140	141	2
138	139	2
136	137	2
134	135	2
132	133	2
130	131	2
128	129	2
126	127	2
124	125	2
122	123	2
120	121	2
118	119	2
116	117	2
114	115	2
112	113	2
84	85	2
86	87	2
88	89	2
90	91	2
92	93	2
94	95	2
80	81	2
96	97	2
100	101	2
102	103	2
104	105	2
106	107	2
108	109	2
110	111	2
98	99	2
12	13	2
148	149	2
2	3	2
10	11	2
8	9	2
6	7	2
4	5	2
81	113	0.0143736
17	83	0.0104178
35	83	0.00827295
81	112	0.00718679
80	113	0.00718679
17	82	0.00520891
16	83	0.00520891
35	82	0.00413647
34	83	0.00413647
80	112	0.0035934
81	149	0.00319688
75	105	0.0027372
16	82	0.00260446
101	127	0.00245452
34	82	0.00206824
93	119	0.00197284
81	148	0.00159844
80	149	0.00159844
75	104	0.0013686
74	105	0.0013686
81	105	0.00126614
100	127	0.00122726
101	126	0.00122726
92	119	0.000986418
93	118	0.000986418
80	148	0.00079922
17	35	0.000776988
74	104	0.0006843
105	113	0.000670274
67	77	0.000667694
81	104	0.000633068
80	105	0.000633068
100	126	0.00061363
92	118	0.000493209
16	35	0.000388494
17	34	0.000388494
104	113	0.000335137
105	112	0.000335137
67	76	0.000333847
66	77	0.000333847
80	104	0.000316534
13	139	0.000296534
11	113	0.000283691
105	149	0.000254937
16	34	0.000194247
104	112	0.000167569
66	76	0.000166923
12	139	0.000148267
13	138	0.000148267
11	112	0.000141846
10	113	0.000141846
59	119	0.000133043
35	117	0.00013039
105	148	0.000127468
104	149	0.000127468
75	81	0.000121174
27	99	0.000112696
12	138	7.41336e-05
10	112	7.09228e-05
59	118	6.65213e-05
58	119	6.65213e-05
35	116	6.51948e-05
34	117	6.51948e-05
104	148	6.37342e-05
74	81	6.05869e-05
75	80	6.05869e-05
27	98	5.6348e-05
26	99	5.6348e-05
113	149	4.76145e-05
15	137	4.05912e-05
5	141	4.03794e-05
7	35	-4.03229e-05
7	127	3.85438e-05
83	127	-3.66134e-05
58	118	3.32607e-05
34	116	3.25974e-05
74	80	3.02934e-05
11	81	3.00548e-05
26	98	2.8174e-05
129	137	2.65998e-05
112	149	2.38073e-05
113	148	2.38073e-05
14	137	2.02956e-05
15	136	2.02956e-05
4	141	2.01897e-05
5	140	2.01897e-05
6	35	-2.01615e-05
7	34	-2.01615e-05
6	127	1.92719e-05
7	126	1.92719e-05
82	127	-1.83067e-05
83	126	-1.83067e-05
75	113	1.73213e-05
137	141	1.67219e-05
97	141	1.51196e-05
10	81	1.50274e-05
11	80	1.50274e-05
53	133	1.42864e-05
128	137	1.32999e-05
129	136	1.32999e-05
112	148	1.19036e-05
15	141	1.11359e-05
14	136	1.01478e-05
4	140	1.00949e-05
6	34	-1.00807e-05
6	126	9.63595e-06
82	126	-9.15336e-06
74	113	8.66063e-06
75	112	8.66063e-06
103	135	8.62789e-06
137	140	8.36093e-06
136	141	8.36093e-06
97	140	7.55981e-06
96	141	7.55981e-06
10	80	7.5137e-06
53	132	7.14321e-06
52	133	7.14321e-06
65	87	6.82228e-06
128	136	6.64994e-06
75	149	6.14876e-06
17	127	-5.75583e-06
14	141	5.56796e-06
15	140	5.56796e-06
35	127	-5.47181e-06
37	125	5.33201e-06
99	121	4.59632e-06
74	112	4.33032e-06
102	135	4.31394e-06
103	134	4.31394e-06
136	140	4.18047e-06
7	83	-4.02449e-06
96	140	3.77991e-06
52	132	3.57161e-06
65	86	3.41114e-06
64	87	3.41114e-06
74	149	3.07438e-06
75	148	3.07438e-06
16	127	-2.87792e-06
17	126	-2.87792e-06
14	140	2.78398e-06
35	126	-2.73591e-06
34	127	-2.73591e-06
37	124	2.666e-06
36	125	2.666e-06
7	147	-2.52168e-06
47	77	2.46925e-06
99	120	2.29816e-06
98	121	2.29816e-06
102	134	2.15697e-06
6	83	-2.01225e-06
7	82	-2.01225e-06
7	101	1.78204e-06
64	86	1.70557e-06
7	17	-1.6264e-06
31	87	1.60785e-06
74	148	1.53719e-06
11	105	1.52603e-06
7	65	1.44537e-06
16	126	-1.43896e-06
83	147	1.43454e-06
11	149	1.3985e-06
34	126	-1.36795e-06
36	124	1.333e-06
7	146	-1.26084e-06
6	147	-1.26084e-06
46	77	1.23462e-06
47	76	1.23462e-06
98	120	1.14908e-06
6	82	-1.00612e-06
11	75	9.15359e-07
7	100	8.91019e-07
6	101	8.91019e-07
7	16	-8.13202e-07
6	17	-8.13202e-07
30	87	8.03927e-07
31	86	8.03927e-07
10	105	7.63016e-07
11	104	7.63016e-07
6	65	7.22686e-07
7	64	7.22686e-07
82	147	7.17271e-07
83	146	7.17271e-07
11	148	6.99249e-07
10	149	6.99249e-07
77	139	6.32336e-07
6	146	-6.3042e-07
27	121	6.27155e-07
46	76	6.17312e-07
35	147	5.58849e-07
5	37	4.90528e-07
10	75	4.57679e-07
11	74	4.57679e-07
6	100	4.45509e-07
6	16	-4.06601e-07
30	86	4.01964e-07
23	79	3.97554e-07
10	104	3.81508e-07
17	59	-3.77225e-07
6	64	3.61343e-07
82	146	3.58636e-07
10	148	3.49625e-07
76	139	3.16168e-07
77	138	3.16168e-07
26	121	3.13577e-07
27	120	3.13577e-07
15	97	3.01368e-07
71	133	2.91186e-07
35	146	2.79425e-07
34	147	2.79425e-07
41	59	2.51831e-07
5	36	2.45264e-07
4	37	2.45264e-07
53	107	2.33298e-07
10	74	2.2884e-07
63	139	2.10371e-07
23	78	1.98777e-07
22	79	1.98777e-07
17	58	-1.88613e-07
16	59	-1.88613e-07
111	119	1.87706e-07
9	123	1.76652e-07
76	138	1.58084e-07
26	120	1.56789e-07
15	96	1.50684e-07
14	97	1.50684e-07
71	132	1.45593e-07
70	133	1.45593e-07
59	111	1.43519e-07
1	71	1.42162e-07
34	146	1.39712e-07
45	73	1.34148e-07
41	58	1.25916e-07
40	59	1.25916e-07
4	36	1.22632e-07
53	106	1.16649e-07
52	107	1.16649e-07
65	127	1.09267e-07
62	139	1.05185e-07
63	138	1.05185e-07
22	78	9.93885e-08
16	58	-9.43063e-08
110	119	9.38531e-08
111	118	9.38531e-08
9	122	8.83259e-08
8	123	8.83259e-08
41	119	7.90075e-08
14	96	7.53419e-08
5	15	7.48791e-08
13	77	7.31446e-08
70	132	7.27966e-08
58	111	7.17597e-08
59	110	7.17597e-08
71	109	7.15887e-08
1	70	7.10808e-08
0	71	7.10808e-08
45	72	6.70742e-08
44	73	6.70742e-08
40	58	6.29578e-08
65	101	5.90516e-08
19	57	5.85252e-08
52	106	5.83246e-08
64	127	5.46335e-08
65	126	5.46335e-08
62	138	5.25927e-08
3	49	5.1016e-08
110	118	4.69266e-08
8	122	4.41629e-08
3	125	4.2109e-08
83	117	4.05361e-08
40	119	3.95037e-08
41	118	3.95037e-08
117	127	-3.84332e-08
7	71	3.78487e-08
5	14	3.74396e-08
4	15	3.74396e-08
13	76	3.65723e-08
12	77	3.65723e-08
58	110	3.58798e-08
71	108	3.57944e-08
70	109	3.57944e-08
0	70	3.55404e-08
44	72	3.35371e-08
65	100	2.95258e-08
64	101	2.95258e-08
19	56	2.92626e-08
18	57	2.92626e-08
64	126	2.73168e-08
15	125	2.6987e-08
37	141	2.6027e-08
2	49	2.5508e-08
3	48	2.5508e-08
17	147	2.33178e-08
97	137	2.29054e-08
2	125	2.10545e-08
3	124	2.10545e-08
82	117	2.02681e-08
83	116	2.02681e-08
83	119	-2.01355e-08
40	118	1.97519e-08
117	126	-1.92166e-08
116	127	-1.92166e-08
6	71	1.89244e-08
7	70	1.89244e-08
4	14	1.87198e-08
12	76	1.82861e-08
70	108	1.78972e-08
1	53	1.76121e-08
83	101	-1.68723e-08
125	141	1.5651e-08
7	133	1.53163e-08
51	125	1.47694e-08
64	100	1.47629e-08
18	56	1.46313e-08
14	125	1.34935e-08
15	124	1.34935e-08
36	141	1.30135e-08
37	140	1.30135e-08
2	48	1.2754e-08
71	147	-1.2493e-08
16	147	1.16589e-08
17	146	1.16589e-08
91	95	1.15103e-08
107	133	1.14673e-08
97	136	1.14527e-08
96	137	1.14527e-08
2	124	1.05272e-08
125	137	1.04451e-08
82	116	1.0134e-08
83	118	-1.00678e-08
82	119	-1.00678e-08
