1	29	231.602
0	1	192.415
24	25	150.547
32	33	149.844
28	29	147.467
14	15	140.603
7	35	129.433
1	13	121.547
1	33	119.901
1	37	117.008
11	35	116.841
1	28	115.801
0	29	115.801
6	7	114.892
29	37	114.862
13	31	112.752
23	31	110.949
13	35	110.322
1	7	109.623
3	35	108.322
21	35	105.088
21	33	104.106
21	31	103.23
19	31	102.568
17	35	102.43
17	31	101.706
31	35	100.277
13	37	99.4614
13	29	99.45
19	35	99.0987
25	35	97.831
25	29	-96.9518
5	35	95.7947
19	21	95.7655
5	19	95.2241
34	35	95.1629
3	17	94.8355
5	31	94.4942
5	21	93.8686
13	33	92.6685
17	19	92.2835
7	23	91.0209
17	21	90.8718
5	33	90.6712
11	19	89.7592
7	31	88.8938
5	13	88.8936
17	23	87.8132
1	27	87.7003
3	23	87.5718
19	33	87.2506
1	35	87.215
13	23	86.5063
21	25	86.5029
11	21	85.8774
3	31	85.6931
13	19	85.1013
9	21	84.7505
13	17	84.3949
11	33	84.1946
27	33	84.1592
7	29	84.124
23	35	83.0999
15	17	82.6717
7	27	82.5093
36	37	81.3152
12	13	81.1987
7	21	81.0559
31	33	80.8985
17	37	80.8978
19	37	80.7881
31	37	80.1527
1	23	79.5868
3	13	79.4752
33	35	78.5772
15	27	78.5272
18	19	78.064
7	19	77.2978
27	35	76.709
5	11	76.218
30	31	75.3019
20	21	75.0048
16	17	74.7132
22	23	74.6305
7	17	72.7845
1	31	72.3653
19	27	72.3138
13	27	71.5193
21	27	71.133
17	25	71.0791
9	33	70.9882
21	23	70.5761
9	31	70.411
27	31	70.3639
7	11	70.2406
5	7	70.0249
11	13	69.1529
1	9	69.0861
33	37	68.9806
3	15	68.8732
5	17	68.8471
15	23	68.3572
7	9	68.1534
9	23	67.6301
17	27	67.1985
7	15	66.2864
23	33	66.205
23	27	65.7488
7	13	65.5722
9	19	65.4742
9	17	65.4301
7	34	64.7164
6	35	64.7164
2	3	64.5807
25	33	63.6031
11	17	62.3948
13	21	62.3272
1	17	61.6818
1	3	61.5802
10	11	61.5373
1	25	-61.2388
5	37	61.1662
11	27	61.028
0	13	60.7733
1	12	60.7733
3	21	60.6577
11	31	60.403
27	37	59.9906
0	33	59.9506
1	32	59.9506
15	35	59.8742
23	37	59.7708
23	29	59.0896
9	37	58.5856
1	36	58.5039
0	37	58.5039
11	34	58.4204
10	35	58.4204
19	23	58.169
0	28	57.9006
5	27	57.4938
28	37	57.4308
29	36	57.4308
8	9	57.3413
12	31	56.3759
13	30	56.3759
5	9	56.1189
3	7	56.0995
3	11	56.0456
23	30	55.4743
22	31	55.4743
9	27	55.4449
12	35	55.1612
13	34	55.1612
4	5	55.16
25	27	55.1438
1	6	54.8113
0	7	54.8113
5	25	54.6738
11	25	54.5652
26	27	54.2215
3	34	54.1611
2	35	54.1611
29	33	53.6934
3	19	53.3349
9	35	53.3245
9	25	52.8217
20	35	52.5438
21	34	52.5438
3	27	52.4667
21	32	52.0528
20	33	52.0528
20	31	51.615
21	30	51.615
18	31	51.2842
19	30	51.2842
16	35	51.2149
17	34	51.2149
25	31	51.0009
16	31	50.8532
17	30	50.8532
30	35	50.1383
31	34	50.1383
5	23	49.7741
12	37	49.7307
13	36	49.7307
13	28	49.725
12	29	49.725
21	37	49.6156
19	34	49.5494
18	35	49.5494
25	34	48.9155
24	35	48.9155
25	28	-48.4759
24	29	-48.4759
4	35	47.8973
5	34	47.8973
18	21	47.8828
19	20	47.8828
3	25	47.745
4	19	47.612
5	18	47.612
3	16	47.4177
2	17	47.4177
4	31	47.2471
5	30	47.2471
4	21	46.9343
5	20	46.9343
17	33	46.5998
3	5	46.4044
12	33	46.3342
13	32	46.3342
17	18	46.1418
16	19	46.1418
13	15	46.1229
7	22	45.5105
6	23	45.5105
17	20	45.4359
16	21	45.4359
5	32	45.3356
4	33	45.3356
11	18	44.8796
10	19	44.8796
11	15	44.8488
17	29	44.648
9	11	44.6429
7	30	44.4469
6	31	44.4469
4	13	44.4468
5	12	44.4468
17	22	43.9066
16	23	43.9066
0	27	43.8501
1	26	43.8501
2	23	43.7859
3	22	43.7859
18	33	43.6253
19	32	43.6253
0	35	43.6075
1	34	43.6075
13	22	43.2531
12	23	43.2531
20	25	43.2514
21	24	43.2514
29	35	43.1368
10	21	42.9387
11	20	42.9387
15	33	42.852
2	31	42.8465
3	30	42.8465
13	18	42.5506
12	19	42.5506
8	21	42.3752
9	20	42.3752
13	16	42.1974
12	17	42.1974
10	33	42.0973
11	32	42.0973
26	33	42.0796
27	32	42.0796
6	29	42.062
7	28	42.062
23	34	41.55
22	35	41.55
15	16	41.3358
14	17	41.3358
7	26	41.2547
6	27	41.2547
6	21	40.528
7	20	40.528
30	33	40.4492
31	32	40.4492
16	37	40.4489
17	36	40.4489
19	36	40.3941
18	37	40.3941
19	25	40.2053
31	36	40.0764
30	37	40.0764
11	23	40.0203
1	22	39.7934
0	23	39.7934
2	13	39.7376
3	12	39.7376
11	37	39.7297
7	25	39.5062
33	34	39.2886
32	35	39.2886
15	26	39.2636
14	27	39.2636
29	31	39.2327
7	37	39.1605
27	29	38.9879
35	37	38.8117
6	19	38.6489
7	18	38.6489
9	13	38.4571
26	35	38.3545
27	34	38.3545
5	10	38.109
4	11	38.109
15	37	37.8617
1	19	37.6469
6	17	36.3923
7	16	36.3923
1	30	36.1827
0	31	36.1827
18	27	36.1569
19	26	36.1569
12	27	35.7596
13	26	35.7596
21	26	35.5665
20	27	35.5665
16	25	35.5396
17	24	35.5396
8	33	35.4941
9	32	35.4941
20	23	35.2881
21	22	35.2881
8	31	35.2055
9	30	35.2055
27	30	35.182
26	31	35.182
6	11	35.1203
7	10	35.1203
3	37	35.042
5	6	35.0125
4	7	35.0125
7	33	34.5766
10	13	34.5764
11	12	34.5764
0	9	34.543
1	8	34.543
32	37	34.4903
33	36	34.4903
2	15	34.4366
3	14	34.4366
5	16	34.4235
4	17	34.4235
15	22	34.1786
14	23	34.1786
6	9	34.0767
7	8	34.0767
9	22	33.815
8	23	33.815
17	26	33.5993
16	27	33.5993
6	15	33.1432
7	14	33.1432
23	32	33.1025
22	33	33.1025
22	27	32.8744
23	26	32.8744
6	13	32.7861
7	12	32.7861
8	19	32.7371
9	18	32.7371
8	17	32.7151
9	16	32.7151
3	29	32.4372
13	25	32.4158
6	34	32.3582
25	32	31.8015
24	33	31.8015
1	5	31.3219
11	16	31.1974
10	17	31.1974
12	21	31.1636
13	20	31.1636
15	21	31.1156
0	17	30.8409
1	16	30.8409
1	2	30.7901
0	3	30.7901
1	24	-30.6194
0	25	-30.6194
4	37	30.5831
5	36	30.5831
11	26	30.514
10	27	30.514
0	12	30.3867
3	20	30.3289
2	21	30.3289
10	31	30.2015
11	30	30.2015
1	11	30.1176
27	36	29.9953
26	37	29.9953
0	32	29.9753
14	35	29.9371
15	34	29.9371
23	36	29.8854
22	37	29.8854
23	28	29.5448
22	29	29.5448
8	37	29.2928
9	36	29.2928
0	36	29.252
10	34	29.2102
19	22	29.0845
18	23	29.0845
5	26	28.7469
4	27	28.7469
28	36	28.7154
12	30	28.1879
4	9	28.0594
5	8	28.0594
3	6	28.0497
2	7	28.0497
2	11	28.0228
3	10	28.0228
21	29	-27.9774
15	19	27.8582
3	9	27.8029
22	30	27.7371
9	26	27.7224
8	27	27.7224
12	34	27.5806
25	26	27.5719
24	27	27.5719
0	6	27.4057
4	25	27.3369
5	24	27.3369
10	25	27.2826
11	24	27.2826
2	34	27.0806
9	29	27.0398
28	33	26.8467
29	32	26.8467
2	19	26.6675
3	18	26.6675
9	34	26.6622
8	35	26.6622
9	24	26.4108
8	25	26.4108
20	34	26.2719
5	29	26.2382
3	26	26.2334
2	27	26.2334
20	32	26.0264
20	30	25.8075
18	30	25.6421
16	34	25.6074
25	30	25.5004
24	31	25.5004
16	30	25.4266
30	34	25.0691
4	23	24.8871
5	22	24.8871
12	36	24.8654
12	28	24.8625
20	37	24.8078
21	36	24.8078
18	34	24.7747
24	34	24.4577
24	28	-24.238
4	34	23.9487
18	20	23.9414
2	25	23.8725
3	24	23.8725
4	18	23.806
2	16	23.7089
4	30	23.6235
4	20	23.4672
15	25	23.3163
17	32	23.2999
16	33	23.2999
2	5	23.2022
3	4	23.2022
12	32	23.1671
16	18	23.0709
12	15	23.0615
13	14	23.0615
6	22	22.7552
16	20	22.7179
4	32	22.6678
10	18	22.4398
10	15	22.4244
11	14	22.4244
17	28	22.324
16	29	22.324
9	10	22.3215
8	11	22.3215
6	30	22.2234
4	12	22.2234
16	22	21.9533
0	26	21.9251
2	22	21.893
18	32	21.8127
0	34	21.8037
12	22	21.6266
20	24	21.6257
29	34	21.5684
28	35	21.5684
10	20	21.4693
14	33	21.426
15	32	21.426
2	30	21.4233
12	18	21.2753
8	20	21.1876
12	16	21.0987
10	32	21.0486
26	32	21.0398
6	28	21.031
22	34	20.775
14	16	20.6679
1	21	20.6366
6	26	20.6273
6	20	20.264
30	32	20.2246
16	36	20.2245
18	36	20.197
19	24	20.1027
18	25	20.1027
30	36	20.0382
11	22	20.0102
10	23	20.0102
0	22	19.8967
2	12	19.8688
11	36	19.8649
10	37	19.8649
6	25	19.7531
7	24	19.7531
32	34	19.6443
14	26	19.6318
28	31	19.6163
29	30	19.6163
6	37	19.5803
7	36	19.5803
26	29	19.4939
27	28	19.4939
34	37	19.4058
35	36	19.4058
6	18	19.3244
9	12	19.2286
8	13	19.2286
26	34	19.1772
4	10	19.0545
15	36	18.9309
14	37	18.9309
0	19	18.8234
1	18	18.8234
6	16	18.1961
0	30	18.0913
18	26	18.0784
12	26	17.8798
20	26	17.7833
16	24	17.7698
8	32	17.7471
20	22	17.644
8	30	17.6028
26	30	17.591
6	10	17.5602
2	37	17.521
3	36	17.521
4	6	17.5062
6	33	17.2883
7	32	17.2883
10	12	17.2882
0	8	17.2715
32	36	17.2452
2	14	17.2183
4	16	17.2118
3	33	17.1378
14	22	17.0893
6	8	17.0383
8	22	16.9075
16	26	16.7996
6	14	16.5716
22	32	16.5512
22	26	16.4372
6	12	16.393
8	18	16.3685
8	16	16.3575
3	28	16.2186
2	29	16.2186
12	25	16.2079
13	24	16.2079
24	32	15.9008
1	4	15.6609
0	5	15.6609
10	16	15.5987
12	20	15.5818
15	20	15.5578
14	21	15.5578
0	16	15.4204
0	2	15.395
0	24	-15.3097
4	36	15.2915
10	26	15.257
2	20	15.1644
10	30	15.1007
0	11	15.0588
1	10	15.0588
26	36	14.9976
14	34	14.9685
22	36	14.9427
9	15	14.8943
22	28	14.7724
8	36	14.6464
18	22	14.5422
4	26	14.3734
4	8	14.0297
2	6	14.0249
2	10	14.0114
21	28	-13.9887
20	29	-13.9887
15	18	13.9291
14	19	13.9291
3	8	13.9015
2	9	13.9015
8	26	13.8612
24	26	13.7859
4	24	13.6685
10	24	13.6413
9	28	13.5199
8	29	13.5199
28	32	13.4234
2	18	13.3337
8	34	13.3311
8	24	13.2054
5	28	13.1191
4	29	13.1191
2	26	13.1167
24	30	12.7502
4	22	12.4435
20	36	12.4039
2	24	11.9363
14	25	11.6581
15	24	11.6581
16	32	11.65
2	4	11.6011
12	14	11.5307
10	14	11.2122
16	28	11.162
8	10	11.1607
28	34	10.7842
14	32	10.713
1	20	10.3183
0	21	10.3183
18	24	10.0513
10	22	10.0051
10	36	9.93243
6	24	9.87656
28	30	9.80817
6	36	9.79013
26	28	9.74697
34	36	9.70292
19	29	9.61859
8	12	9.61428
23	25	9.58396
14	36	9.46543
0	18	9.41172
2	36	8.76049
6	32	8.64415
2	33	8.56889
3	32	8.56889
1	15	8.47367
2	28	8.10929
12	24	8.10395
0	4	7.83047
14	20	7.77891
0	10	7.52939
8	15	7.44716
9	14	7.44716
20	28	-6.99436
14	18	6.96456
2	8	6.95073
8	28	6.75994
4	28	6.55956
15	31	6.30109
14	24	5.82907
0	20	5.15915
18	29	4.8093
19	28	4.8093
22	25	4.79198
23	24	4.79198
2	32	4.28445
1	14	4.23684
0	15	4.23684
8	14	3.72358
5	15	3.28171
15	29	3.20548
15	30	3.15054
14	31	3.15054
25	37	2.60623
18	28	2.40465
22	24	2.39599
0	14	2.11842
5	14	1.64086
4	15	1.64086
14	29	1.60274
15	28	1.60274
14	30	1.57527
24	37	1.30311
25	36	1.30311
4	14	0.820428
14	28	0.801371
24	36	0.651557
11	29	-0.613816
11	28	-0.306908
10	29	-0.306908
10	28	-0.153454
