0	1	2
46	47	2
48	49	2
146	147	2
50	51	2
52	53	2
54	55	2
44	45	2
56	57	2
60	61	2
62	63	2
64	65	2
66	67	2
68	69	2
70	71	2
58	59	2
72	73	2
42	43	2
38	39	2
10	11	2
12	13	2
14	15	2
16	17	2
18	19	2
20	21	2
40	41	2
22	23	2
26	27	2
28	29	2
30	31	2
32	33	2
34	35	2
36	37	2
24	25	2
74	75	2
76	77	2
78	79	2
118	119	2
120	121	2
122	123	2
124	125	2
126	127	2
128	129	2
116	117	2
130	131	2
134	135	2
136	137	2
138	139	2
140	141	2
142	143	2
144	145	2
132	133	2
114	115	2
112	113	2
110	111	2
80	81	2
82	83	2
84	85	2
86	87	2
88	89	2
90	91	2
92	93	2
94	95	2
96	97	2
98	99	2
100	101	2
102	103	2
104	105	2
106	107	2
108	109	2
8	9	2
6	7	2
148	149	2
2	3	2
4	5	2
11	115	0.269269
31	109	0.184347
61	141	0.158525
87	139	0.154633
11	114	0.134634
10	115	0.134634
71	149	0.112055
13	97	0.110675
31	139	0.0986251
31	87	0.0922797
31	108	0.0921733
30	109	0.0921733
11	37	0.0817734
60	141	0.0792625
61	140	0.0792625
86	139	0.0773164
87	138	0.0773164
10	114	0.0673171
137	139	-0.0570818
70	149	0.0560273
71	148	0.0560273
12	97	0.0553373
13	96	0.0553373
33	127	0.052572
93	101	0.0522543
31	57	0.0505939
30	139	0.0493126
31	138	0.0493126
30	87	0.0461399
31	86	0.0461399
30	108	0.0460866
11	36	0.0408867
10	37	0.0408867
60	140	0.0396313
86	138	0.0386582
129	143	0.0369761
89	99	0.0355476
61	113	0.0337435
136	139	-0.0285409
137	138	-0.0285409
70	148	0.0280136
12	96	0.0276686
33	126	0.026286
32	127	0.026286
89	119	0.0262767
93	100	0.0261272
92	101	0.0261272
30	57	0.025297
31	56	0.025297
30	138	0.0246563
30	86	0.0230699
17	111	0.0225382
31	137	-0.0216405
119	135	0.0209065
10	36	0.0204434
71	77	0.0194279
87	109	0.0188713
128	143	0.0184881
129	142	0.0184881
55	119	0.0184392
57	87	0.0183725
73	137	0.017999
88	99	0.0177738
89	98	0.0177738
60	113	0.0168718
61	112	0.0168718
57	139	0.0160237
73	139	-0.0158549
71	101	0.0152352
89	135	0.0148637
136	138	-0.0142704
32	126	0.013143
88	119	0.0131383
89	118	0.0131383
92	100	0.0130636
30	56	0.0126485
37	115	0.0124113
75	113	-0.0120107
27	129	0.0116978
17	110	0.0112691
16	111	0.0112691
31	136	-0.0108203
30	137	-0.0108203
87	137	-0.0107933
118	135	0.0104532
119	134	0.0104532
13	67	0.0101522
70	77	0.00971396
71	76	0.00971396
86	109	0.00943564
87	108	0.00943564
128	142	0.00924404
55	118	0.00921959
54	119	0.00921959
57	86	0.00918627
56	87	0.00918627
72	137	0.00899951
73	136	0.00899951
88	98	0.0088869
1	35	0.00844855
60	112	0.00843589
57	138	0.00801184
56	139	0.00801184
72	139	-0.00792745
73	138	-0.00792745
71	100	0.00761758
70	101	0.00761758
89	134	0.00743185
88	135	0.00743185
25	93	0.00729276
88	118	0.00656917
37	114	0.00620566
36	115	0.00620566
74	113	-0.00600535
75	112	-0.00600535
109	139	0.00588165
27	128	0.00584888
26	129	0.00584888
16	110	0.00563454
30	136	-0.00541013
87	136	-0.00539667
86	137	-0.00539667
118	134	0.00522662
13	66	0.00507611
12	67	0.00507611
73	87	-0.00487998
70	76	0.00485698
86	108	0.00471782
99	119	0.00466235
54	118	0.0046098
56	86	0.00459314
72	136	0.00449975
47	139	0.00449825
25	101	0.00447969
113	141	0.00429476
0	35	0.00422427
1	34	0.00422427
56	138	0.00400592
72	138	-0.00396372
70	100	0.00380879
69	107	0.00373564
79	121	0.00372925
88	134	0.00371592
101	149	0.00366241
25	92	0.00364638
24	93	0.00364638
117	137	0.00349439
67	97	0.0033605
55	135	0.00335562
77	101	0.00326219
73	117	0.00318637
55	89	0.00312819
36	114	0.00310283
74	112	-0.00300268
108	139	0.00294083
109	138	0.00294083
26	128	0.00292444
86	136	-0.00269833
31	73	-0.00263951
11	69	0.0025767
12	66	0.00253806
41	115	0.00253792
99	135	0.0024739
41	117	0.00247352
73	86	-0.00243999
72	87	-0.00243999
99	118	0.00233118
98	119	0.00233118
77	149	0.00226089
47	138	0.00224912
46	139	0.00224912
25	100	0.00223985
24	101	0.00223985
113	140	0.00214738
112	141	0.00214738
0	34	0.00211214
68	107	0.00186782
69	106	0.00186782
79	120	0.00186463
78	121	0.00186463
101	148	0.00183121
100	149	0.00183121
24	92	0.00182319
45	147	0.00176432
116	137	0.00174719
117	136	0.00174719
13	125	0.00168635
109	137	-0.00168196
66	97	0.00168025
67	96	0.00168025
54	135	0.00167781
55	134	0.00167781
59	117	0.00165905
77	100	0.00163109
76	101	0.00163109
73	116	0.00159318
72	117	0.00159318
103	137	0.00159087
93	149	0.00157177
54	89	0.00156409
55	88	0.00156409
5	37	0.00155413
108	138	0.00147041
57	109	0.00134478
31	72	-0.00131976
30	73	-0.00131976
10	69	0.00128835
11	68	0.00128835
40	115	0.00126896
41	114	0.00126896
99	134	0.00123695
98	135	0.00123695
40	117	0.00123676
41	116	0.00123676
72	86	-0.00122
65	121	0.00119261
98	118	0.00116559
76	149	0.00113044
77	148	0.00113044
46	138	0.00112456
24	100	0.00111992
13	107	0.00108526
112	140	0.00107369
21	133	0.00103837
11	41	0.000994644
68	106	0.000933909
78	120	0.000932313
100	148	0.000915604
45	146	0.000882162
44	147	0.000882162
116	136	0.000873596
13	124	0.000843173
12	125	0.000843173
108	137	-0.000840982
109	136	-0.000840982
66	96	0.000840126
54	134	0.000838904
59	116	0.000829523
58	117	0.000829523
76	100	0.000815547
72	116	0.000796592
103	136	0.000795436
102	137	0.000795436
93	148	0.000785884
92	149	0.000785884
75	141	-0.000784382
47	87	0.000783525
54	88	0.000782047
5	36	0.000777066
4	37	0.000777066
13	43	0.000720704
57	137	-0.000684789
56	109	0.00067239
57	108	0.00067239
77	93	0.000668899
71	93	0.000661525
30	72	-0.000659878
10	68	0.000644175
40	114	0.000634479
97	107	0.000628856
98	134	0.000618476
40	116	0.00061838
97	125	0.000613455
64	121	0.000596306
65	120	0.000596306
19	103	0.000592189
11	107	0.000581669
76	148	0.000565222
13	106	0.000542629
12	107	0.000542629
20	133	0.000519185
21	132	0.000519185
11	40	0.000497322
10	41	0.000497322
41	107	0.000465519
51	97	0.000460219
44	146	0.000441081
103	109	-0.000428391
12	124	0.000421587
108	136	-0.000420491
58	116	0.000414762
69	111	0.000413584
67	125	0.000399398
102	136	0.000397718
92	148	0.000392942
75	140	-0.000392191
74	141	-0.000392191
47	86	0.000391763
46	87	0.000391763
4	36	0.000388533
43	51	0.000367277
13	42	0.000360352
12	43	0.000360352
56	137	-0.000342394
57	136	-0.000342394
56	108	0.000336195
76	93	0.000334449
77	92	0.000334449
27	143	0.000331449
70	93	0.000330762
71	92	0.000330762
61	75	-0.000329369
97	106	0.000314428
96	107	0.000314428
97	124	0.000306728
96	125	0.000306728
25	149	0.000299185
64	120	0.000298153
19	102	0.000296094
18	103	0.000296094
10	107	0.000290835
11	106	0.000290835
29	133	0.000287075
87	103	-0.000280162
51	123	0.000271922
12	106	0.000271314
20	132	0.000259593
10	40	0.000248661
40	107	0.000232759
41	106	0.000232759
50	97	0.000230109
51	96	0.000230109
102	109	-0.000214196
103	108	-0.000214196
69	110	0.000206792
68	111	0.000206792
67	124	0.000199699
66	125	0.000199699
27	91	-0.000198142
74	140	-0.000196096
46	86	0.000195881
43	50	0.000183638
42	51	0.000183638
12	42	0.000180176
56	136	-0.000171197
5	137	0.000170127
76	92	0.000167225
27	142	0.000165724
26	143	0.000165724
70	92	0.000165381
61	74	-0.000164685
60	75	-0.000164685
47	137	-0.000161909
43	97	0.000159991
96	106	0.000157214
96	124	0.000153364
37	41	0.000152395
25	148	0.000149592
24	149	0.000149592
18	102	0.000148047
19	109	-0.000147256
10	106	0.000145417
37	51	0.000144891
55	149	0.000144593
28	133	0.000143538
29	132	0.000143538
19	87	-0.000143334
17	69	0.000143063
86	103	-0.000140081
87	102	-0.000140081
19	117	0.000136808
50	123	0.000135961
51	122	0.000135961
83	147	0.000131424
73	109	-0.000130569
19	137	0.000124688
69	95	0.000123137
31	117	-0.000119022
55	99	0.000117446
5	31	-0.000117129
40	106	0.00011638
50	96	0.000115055
43	67	0.000111849
102	108	-0.000107098
57	73	-0.000106345
68	110	0.000103396
66	124	9.98496e-05
26	91	-9.90709e-05
27	90	-9.90709e-05
37	73	9.60722e-05
7	17	9.48156e-05
42	50	9.18192e-05
65	79	8.86058e-05
31	103	-8.53764e-05
45	83	8.52781e-05
4	137	8.50633e-05
5	136	8.50633e-05
69	123	8.46759e-05
26	142	8.28622e-05
69	115	8.28316e-05
60	74	-8.23423e-05
47	136	-8.09547e-05
46	137	-8.09547e-05
42	97	7.99956e-05
43	96	7.99956e-05
5	11	7.91005e-05
37	40	7.61975e-05
36	41	7.61975e-05
24	148	7.47962e-05
25	71	7.41152e-05
18	109	-7.36279e-05
19	108	-7.36279e-05
37	50	7.24455e-05
36	51	7.24455e-05
55	148	7.22967e-05
54	149	7.22967e-05
28	132	7.17688e-05
19	86	-7.16668e-05
18	87	-7.16668e-05
16	69	7.15316e-05
17	68	7.15316e-05
86	102	-7.00406e-05
67	107	6.97398e-05
37	69	6.96117e-05
107	115	6.86752e-05
19	116	6.84038e-05
18	117	6.84038e-05
50	122	6.79805e-05
83	146	6.57118e-05
82	147	6.57118e-05
72	109	-6.52844e-05
73	108	-6.52844e-05
67	117	6.52652e-05
13	51	6.44578e-05
19	136	6.23438e-05
18	137	6.23438e-05
68	95	6.15685e-05
69	94	6.15685e-05
103	117	6.07356e-05
117	139	-5.99304e-05
31	116	-5.95112e-05
30	117	-5.95112e-05
55	98	5.87231e-05
54	99	5.87231e-05
4	31	-5.85646e-05
5	30	-5.85646e-05
43	66	5.59243e-05
42	67	5.59243e-05
56	73	-5.31724e-05
57	72	-5.31724e-05
67	137	5.17316e-05
26	90	-4.95355e-05
109	117	-4.91807e-05
36	73	4.80361e-05
37	72	4.80361e-05
11	17	4.79647e-05
6	17	4.74078e-05
7	16	4.74078e-05
65	78	4.43029e-05
64	79	4.43029e-05
17	123	4.41284e-05
139	145	-4.30005e-05
129	133	4.29616e-05
31	102	-4.26882e-05
30	103	-4.26882e-05
44	83	4.26391e-05
45	82	4.26391e-05
4	136	4.25317e-05
69	122	4.2338e-05
68	123	4.2338e-05
103	139	-4.22173e-05
69	114	4.14158e-05
68	115	4.14158e-05
41	125	4.14143e-05
46	136	-4.04773e-05
42	96	3.99978e-05
5	10	3.95503e-05
4	11	3.95503e-05
41	67	3.90721e-05
11	111	3.87849e-05
36	40	3.80988e-05
103	121	3.71093e-05
25	70	3.70576e-05
24	71	3.70576e-05
37	137	3.68718e-05
18	108	-3.6814e-05
7	41	3.658e-05
13	41	3.64927e-05
36	50	3.62228e-05
45	137	3.61819e-05
54	148	3.61483e-05
65	149	3.61227e-05
18	86	-3.58334e-05
16	68	3.57658e-05
66	107	3.48699e-05
67	106	3.48699e-05
36	69	3.48059e-05
37	68	3.48059e-05
17	41	3.46228e-05
106	115	3.43376e-05
107	114	3.43376e-05
18	116	3.42019e-05
82	146	3.28559e-05
5	117	3.26513e-05
72	108	-3.26422e-05
66	117	3.26326e-05
67	116	3.26326e-05
11	51	3.23898e-05
12	51	3.22289e-05
13	50	3.22289e-05
75	121	3.19218e-05
5	73	3.15447e-05
18	136	3.11719e-05
17	107	3.11493e-05
5	109	-3.09891e-05
75	103	3.08743e-05
68	94	3.07843e-05
102	117	3.03678e-05
103	116	3.03678e-05
91	129	-3.02755e-05
117	138	-2.99652e-05
116	139	-2.99652e-05
30	116	-2.97556e-05
54	98	2.93616e-05
4	30	-2.92823e-05
87	117	-2.79912e-05
42	66	2.79622e-05
89	93	2.76951e-05
41	69	2.76922e-05
5	115	2.68229e-05
56	72	-2.65862e-05
127	143	2.65204e-05
25	77	2.64946e-05
66	137	2.58658e-05
67	136	2.58658e-05
11	45	2.45917e-05
108	117	-2.45903e-05
109	116	-2.45903e-05
36	72	2.4018e-05
10	17	2.39824e-05
11	16	2.39824e-05
27	63	2.39698e-05
6	16	2.37039e-05
17	37	2.3613e-05
51	115	2.36099e-05
109	149	-2.35998e-05
49	55	2.29301e-05
93	99	2.28378e-05
64	78	2.21515e-05
16	123	2.20642e-05
17	122	2.20642e-05
138	145	-2.15003e-05
139	144	-2.15003e-05
128	133	2.14808e-05
129	132	2.14808e-05
115	125	2.1396e-05
30	102	-2.13441e-05
44	82	2.13195e-05
68	122	2.1169e-05
103	138	-2.11086e-05
102	139	-2.11086e-05
19	31	-2.11071e-05
68	114	2.07079e-05
41	124	2.07071e-05
40	125	2.07071e-05
111	123	2.0367e-05
4	10	1.97751e-05
40	67	1.9536e-05
41	66	1.9536e-05
11	110	1.93924e-05
10	111	1.93924e-05
37	67	1.88746e-05
103	120	1.85546e-05
102	121	1.85546e-05
24	70	1.85288e-05
37	107	1.84414e-05
37	136	1.84359e-05
36	137	1.84359e-05
7	40	1.829e-05
6	41	1.829e-05
12	41	1.82464e-05
13	40	1.82464e-05
44	137	1.8091e-05
45	136	1.8091e-05
64	149	1.80614e-05
65	148	1.80614e-05
66	106	1.7435e-05
36	68	1.74029e-05
16	41	1.73114e-05
17	40	1.73114e-05
106	114	1.71688e-05
21	29	1.7155e-05
41	97	1.69699e-05
7	69	1.67647e-05
5	116	1.63256e-05
4	117	1.63256e-05
66	116	1.63163e-05
37	117	1.62284e-05
10	51	1.61949e-05
11	50	1.61949e-05
12	50	1.61145e-05
75	120	1.59609e-05
74	121	1.59609e-05
47	73	-1.58776e-05
5	72	1.57724e-05
4	73	1.57724e-05
17	51	1.5581e-05
17	106	1.55746e-05
16	107	1.55746e-05
97	115	1.55212e-05
5	108	-1.54946e-05
4	109	-1.54946e-05
75	102	1.54371e-05
74	103	1.54371e-05
11	137	1.53572e-05
41	51	1.52681e-05
102	116	1.51839e-05
90	129	-1.51378e-05
91	128	-1.51378e-05
11	73	1.50824e-05
116	138	-1.49826e-05
51	107	1.47174e-05
45	103	1.45258e-05
87	116	-1.39956e-05
86	117	-1.39956e-05
47	57	1.39074e-05
113	121	-1.38661e-05
89	92	1.38475e-05
88	93	1.38475e-05
40	69	1.38461e-05
41	68	1.38461e-05
47	61	1.38018e-05
41	43	1.37138e-05
5	114	1.34114e-05
4	115	1.34114e-05
41	73	1.33016e-05
127	142	1.32602e-05
126	143	1.32602e-05
24	77	1.32473e-05
25	76	1.32473e-05
73	115	1.31719e-05
66	136	1.29329e-05
5	87	-1.27757e-05
127	129	1.27491e-05
11	44	1.22959e-05
10	45	1.22959e-05
108	116	-1.22952e-05
19	47	-1.21729e-05
37	45	1.20559e-05
10	16	1.19912e-05
26	63	1.19849e-05
27	62	1.19849e-05
103	115	1.19714e-05
115	117	1.18643e-05
16	37	1.18065e-05
17	36	1.18065e-05
50	115	1.18049e-05
51	114	1.18049e-05
108	149	-1.17999e-05
109	148	-1.17999e-05
13	17	1.15839e-05
27	133	1.15551e-05
49	54	1.14651e-05
48	55	1.14651e-05
51	125	1.14366e-05
93	98	1.14189e-05
92	99	1.14189e-05
133	143	1.13571e-05
45	139	-1.13153e-05
15	45	1.12958e-05
107	125	1.11284e-05
145	147	1.11099e-05
16	122	1.10321e-05
138	144	-1.07501e-05
128	132	1.07404e-05
115	124	1.0698e-05
114	125	1.0698e-05
37	97	1.06466e-05
102	138	-1.05543e-05
19	30	-1.05535e-05
18	31	-1.05535e-05
40	124	1.03536e-05
111	122	1.01835e-05
110	123	1.01835e-05
43	107	9.92435e-06
5	129	9.80652e-06
37	125	9.79552e-06
40	66	9.76802e-06
10	110	9.69621e-06
31	67	-9.50736e-06
36	67	9.43732e-06
37	66	9.43732e-06
102	120	9.27732e-06
37	106	9.22072e-06
36	107	9.22072e-06
36	136	9.21796e-06
95	107	9.21425e-06
6	40	9.145e-06
12	40	9.12318e-06
107	137	9.06942e-06
44	136	9.04549e-06
64	148	9.03068e-06
16	40	8.6557e-06
45	47	-8.61812e-06
21	28	8.5775e-06
20	29	8.5775e-06
40	97	8.48493e-06
41	96	8.48493e-06
6	69	8.38235e-06
7	68	8.38235e-06
31	47	8.28823e-06
5	139	-8.2748e-06
37	103	8.19949e-06
4	116	8.16282e-06
36	117	8.1142e-06
37	116	8.1142e-06
10	50	8.09746e-06
67	149	8.09315e-06
41	137	8.00606e-06
74	120	7.98045e-06
47	72	-7.93881e-06
46	73	-7.93881e-06
4	72	7.88618e-06
17	50	7.79052e-06
16	51	7.79052e-06
16	106	7.78732e-06
97	114	7.76058e-06
96	115	7.76058e-06
4	108	-7.74728e-06
74	102	7.71857e-06
11	136	7.67861e-06
10	137	7.67861e-06
41	50	7.63405e-06
40	51	7.63405e-06
119	149	7.58368e-06
90	128	-7.56888e-06
51	67	7.54662e-06
10	73	7.5412e-06
11	72	7.5412e-06
73	103	7.3768e-06
51	106	7.35868e-06
50	107	7.35868e-06
44	103	7.2629e-06
45	102	7.2629e-06
15	65	7.19471e-06
49	149	7.14645e-06
43	59	7.13439e-06
5	41	7.05615e-06
31	129	-7.01378e-06
86	116	-6.9978e-06
47	56	6.9537e-06
46	57	6.9537e-06
113	120	-6.93307e-06
112	121	-6.93307e-06
88	92	6.92377e-06
40	68	6.92304e-06
46	61	6.90089e-06
47	60	6.90089e-06
41	42	6.85692e-06
40	43	6.85692e-06
4	114	6.70572e-06
40	73	6.65078e-06
41	72	6.65078e-06
126	142	6.63011e-06
24	76	6.62364e-06
73	114	6.58593e-06
72	115	6.58593e-06
115	137	6.46265e-06
95	123	6.43378e-06
5	103	6.40801e-06
4	87	-6.38783e-06
5	86	-6.38783e-06
127	128	6.37457e-06
126	129	6.37457e-06
17	131	6.36003e-06
7	11	6.17278e-06
10	44	6.14793e-06
19	46	-6.08647e-06
18	47	-6.08647e-06
51	69	6.07482e-06
36	45	6.02795e-06
37	44	6.02795e-06
26	62	5.99245e-06
103	114	5.98569e-06
102	115	5.98569e-06
114	117	5.93213e-06
115	116	5.93213e-06
16	36	5.90326e-06
50	114	5.90247e-06
108	148	-5.89996e-06
21	143	5.86447e-06
13	16	5.79194e-06
12	17	5.79194e-06
26	133	5.77755e-06
27	132	5.77755e-06
7	125	5.73906e-06
48	54	5.73253e-06
50	125	5.7183e-06
51	124	5.7183e-06
92	98	5.70946e-06
133	142	5.67853e-06
132	143	5.67853e-06
45	138	-5.65764e-06
44	139	-5.65764e-06
14	45	5.64788e-06
15	44	5.64788e-06
107	124	5.56421e-06
106	125	5.56421e-06
145	146	5.55494e-06
144	147	5.55494e-06
21	107	5.53933e-06
114	124	5.349e-06
37	96	5.32331e-06
36	97	5.32331e-06
18	30	-5.27676e-06
1	143	5.19578e-06
45	115	5.10395e-06
110	122	5.09174e-06
67	109	-5.09089e-06
43	106	4.96217e-06
42	107	4.96217e-06
4	129	4.90326e-06
5	128	4.90326e-06
36	125	4.89776e-06
37	124	4.89776e-06
31	66	-4.75368e-06
30	67	-4.75368e-06
65	71	4.73371e-06
36	66	4.71866e-06
1	129	4.69798e-06
36	106	4.61036e-06
94	107	4.60712e-06
95	106	4.60712e-06
43	125	4.56769e-06
106	137	4.53471e-06
107	136	4.53471e-06
97	123	4.50313e-06
45	145	4.33286e-06
45	46	-4.30906e-06
44	47	-4.30906e-06
20	28	4.28875e-06
57	145	-4.27215e-06
51	111	4.27151e-06
40	96	4.24246e-06
45	67	4.2026e-06
107	123	4.19545e-06
6	68	4.19118e-06
30	47	4.14411e-06
31	46	4.14411e-06
5	138	-4.1374e-06
4	139	-4.1374e-06
65	137	4.10624e-06
5	57	-4.10235e-06
36	103	4.09974e-06
37	102	4.09974e-06
107	135	4.07748e-06
36	116	4.0571e-06
67	148	4.04657e-06
66	149	4.04657e-06
40	137	4.00303e-06
41	136	4.00303e-06
46	72	-3.9694e-06
89	149	3.95159e-06
37	111	3.93024e-06
16	50	3.89526e-06
96	114	3.88029e-06
10	136	3.8393e-06
40	50	3.81703e-06
119	148	3.79184e-06
118	149	3.79184e-06
103	113	-3.77915e-06
50	67	3.77331e-06
51	66	3.77331e-06
10	72	3.7706e-06
35	127	3.74577e-06
77	109	-3.74517e-06
37	149	3.74398e-06
139	143	-3.73773e-06
7	13	3.69041e-06
72	103	3.6884e-06
73	102	3.6884e-06
50	106	3.67934e-06
44	102	3.63145e-06
15	64	3.59736e-06
14	65	3.59736e-06
49	148	3.57322e-06
48	149	3.57322e-06
42	59	3.5672e-06
43	58	3.5672e-06
5	40	3.52807e-06
4	41	3.52807e-06
31	128	-3.50689e-06
30	129	-3.50689e-06
46	56	3.47685e-06
97	117	3.46849e-06
112	120	-3.46654e-06
46	60	3.45044e-06
40	42	3.42846e-06
41	111	3.42372e-06
129	137	3.38935e-06
89	101	3.38536e-06
49	111	3.35818e-06
40	72	3.32539e-06
72	114	3.29296e-06
19	139	-3.27852e-06
115	136	3.23133e-06
114	137	3.23133e-06
95	122	3.21689e-06
94	123	3.21689e-06
11	95	3.2149e-06
5	102	3.20401e-06
4	103	3.20401e-06
4	86	-3.19392e-06
126	128	3.18728e-06
17	130	3.18001e-06
16	131	3.18001e-06
59	73	3.14947e-06
7	10	3.08639e-06
6	11	3.08639e-06
75	115	3.07071e-06
18	46	-3.04323e-06
51	68	3.03741e-06
50	69	3.03741e-06
36	44	3.01397e-06
102	114	2.99284e-06
1	5	2.96814e-06
114	116	2.96606e-06
21	142	2.93223e-06
20	143	2.93223e-06
107	111	2.9054e-06
12	16	2.89597e-06
26	132	2.88878e-06
6	125	2.86953e-06
7	124	2.86953e-06
11	125	2.86533e-06
50	124	2.85915e-06
31	145	-2.85087e-06
117	149	2.84355e-06
132	142	2.83926e-06
31	37	-2.83508e-06
44	138	-2.82882e-06
14	44	2.82394e-06
106	124	2.7821e-06
144	146	2.77747e-06
21	106	2.76966e-06
20	107	2.76966e-06
17	43	2.75364e-06
51	89	2.68503e-06
67	115	2.66654e-06
36	96	2.66166e-06
49	57	-2.66136e-06
37	139	-2.62436e-06
0	143	2.59789e-06
1	142	2.59789e-06
37	43	2.57948e-06
45	114	2.55198e-06
44	115	2.55198e-06
67	108	-2.54544e-06
66	109	-2.54544e-06
107	131	2.50375e-06
42	106	2.48109e-06
4	128	2.45163e-06
36	124	2.44888e-06
43	99	2.3913e-06
31	49	-2.38266e-06
30	66	-2.37684e-06
64	71	2.36685e-06
65	70	2.36685e-06
0	129	2.34899e-06
1	128	2.34899e-06
77	89	2.33441e-06
94	106	2.30356e-06
51	93	2.29944e-06
11	97	2.2958e-06
42	125	2.28385e-06
43	124	2.28385e-06
103	135	2.27673e-06
106	136	2.26735e-06
96	123	2.25156e-06
97	122	2.25156e-06
19	115	2.22586e-06
55	71	2.21182e-06
43	123	2.19405e-06
44	145	2.16643e-06
45	144	2.16643e-06
45	117	2.15758e-06
44	46	-2.15453e-06
65	105	2.14194e-06
56	145	-2.13608e-06
57	144	-2.13608e-06
50	111	2.13576e-06
51	110	2.13576e-06
107	119	2.12612e-06
129	139	-2.11602e-06
44	67	2.1013e-06
45	66	2.1013e-06
107	122	2.09772e-06
106	123	2.09772e-06
43	149	2.09488e-06
11	117	2.07586e-06
30	46	2.07206e-06
4	138	-2.0687e-06
11	67	2.06762e-06
65	136	2.05312e-06
64	137	2.05312e-06
5	56	-2.05118e-06
4	57	-2.05118e-06
36	102	2.04987e-06
107	134	2.03874e-06
106	135	2.03874e-06
66	148	2.02329e-06
40	136	2.00151e-06
17	143	1.98435e-06
99	107	1.98107e-06
111	131	1.98028e-06
89	148	1.97579e-06
88	149	1.97579e-06
95	119	1.97142e-06
36	111	1.96512e-06
37	110	1.96512e-06
33	143	1.95978e-06
118	148	1.89592e-06
37	49	1.89208e-06
102	113	-1.88957e-06
103	112	-1.88957e-06
50	66	1.88665e-06
13	37	1.886e-06
35	126	1.87288e-06
34	127	1.87288e-06
77	108	-1.87258e-06
76	109	-1.87258e-06
37	148	1.87199e-06
36	149	1.87199e-06
139	142	-1.86886e-06
138	143	-1.86886e-06
15	147	1.8605e-06
6	13	1.8452e-06
7	12	1.8452e-06
72	102	1.8442e-06
14	64	1.79868e-06
17	73	1.78974e-06
48	148	1.78661e-06
42	58	1.7836e-06
4	40	1.76404e-06
30	128	-1.75344e-06
96	117	1.73424e-06
97	116	1.73424e-06
55	77	1.72667e-06
41	110	1.71186e-06
40	111	1.71186e-06
71	109	-1.70045e-06
55	73	1.6998e-06
129	136	1.69468e-06
128	137	1.69468e-06
89	100	1.69268e-06
88	101	1.69268e-06
7	107	1.68457e-06
48	111	1.67909e-06
49	110	1.67909e-06
19	138	-1.63926e-06
18	139	-1.63926e-06
114	136	1.61566e-06
94	122	1.60845e-06
135	149	1.60823e-06
11	94	1.60745e-06
10	95	1.60745e-06
4	102	1.602e-06
16	130	1.59001e-06
59	72	1.57474e-06
58	73	1.57474e-06
51	149	1.5707e-06
6	10	1.54319e-06
75	114	1.53536e-06
74	115	1.53536e-06
50	68	1.5187e-06
5	67	1.51524e-06
73	149	1.49381e-06
0	5	1.48407e-06
1	4	1.48407e-06
15	79	1.47456e-06
20	142	1.46612e-06
107	117	1.45397e-06
55	109	-1.45346e-06
106	111	1.4527e-06
107	110	1.4527e-06
6	124	1.43477e-06
10	125	1.43266e-06
11	124	1.43266e-06
30	145	-1.42543e-06
31	144	-1.42543e-06
117	148	1.42178e-06
116	149	1.42178e-06
15	103	1.41772e-06
51	55	1.41768e-06
30	37	-1.41754e-06
31	36	-1.41754e-06
25	51	1.41592e-06
31	149	-1.39545e-06
47	103	-1.3871e-06
20	106	1.38483e-06
17	42	1.37682e-06
16	43	1.37682e-06
50	89	1.34251e-06
51	88	1.34251e-06
66	115	1.33327e-06
67	114	1.33327e-06
21	129	1.33118e-06
48	57	-1.33068e-06
49	56	-1.33068e-06
43	117	1.32176e-06
37	138	-1.31218e-06
36	139	-1.31218e-06
11	103	1.30797e-06
0	142	1.29895e-06
37	42	1.28974e-06
36	43	1.28974e-06
55	65	1.28326e-06
44	114	1.27599e-06
66	108	-1.27272e-06
5	143	1.25546e-06
107	130	1.25187e-06
106	131	1.25187e-06
11	49	1.24264e-06
61	139	1.23913e-06
42	99	1.19565e-06
43	98	1.19565e-06
30	49	-1.19133e-06
31	48	-1.19133e-06
64	70	1.18343e-06
0	128	1.17449e-06
76	89	1.16721e-06
77	88	1.16721e-06
51	92	1.14972e-06
50	93	1.14972e-06
10	97	1.1479e-06
11	96	1.1479e-06
42	124	1.14192e-06
103	134	1.13837e-06
102	135	1.13837e-06
96	122	1.12578e-06
11	133	1.11635e-06
19	114	1.11293e-06
18	115	1.11293e-06
54	71	1.10591e-06
55	70	1.10591e-06
43	122	1.09703e-06
42	123	1.09703e-06
17	115	1.08846e-06
44	144	1.08321e-06
44	117	1.07879e-06
45	116	1.07879e-06
64	105	1.07097e-06
65	104	1.07097e-06
111	115	1.06806e-06
56	144	-1.06804e-06
50	110	1.06788e-06
107	118	1.06306e-06
106	119	1.06306e-06
129	138	-1.05801e-06
128	139	-1.05801e-06
23	27	1.0517e-06
44	66	1.05065e-06
106	122	1.04886e-06
93	119	1.04857e-06
43	148	1.04744e-06
42	149	1.04744e-06
69	99	1.0461e-06
10	117	1.03793e-06
11	116	1.03793e-06
37	123	1.0379e-06
10	67	1.03381e-06
11	66	1.03381e-06
64	136	1.02656e-06
4	56	-1.02559e-06
67	139	-1.01991e-06
106	134	1.01937e-06
69	119	1.01433e-06
21	69	1.00622e-06
121	137	9.9604e-07
17	142	9.92176e-07
16	143	9.92176e-07
98	107	9.90535e-07
99	106	9.90535e-07
110	131	9.9014e-07
111	130	9.9014e-07
25	49	9.89338e-07
88	148	9.87897e-07
94	119	9.85712e-07
95	118	9.85712e-07
36	110	9.82559e-07
32	143	9.79891e-07
33	142	9.79891e-07
43	89	9.79233e-07
55	93	9.78348e-07
47	141	9.70864e-07
49	73	9.66734e-07
51	119	9.60641e-07
61	121	-9.58538e-07
11	75	9.57242e-07
77	119	9.47996e-07
37	48	9.46038e-07
36	49	9.46038e-07
102	112	-9.44786e-07
12	37	9.43002e-07
13	36	9.43002e-07
137	149	9.41511e-07
34	126	9.36441e-07
76	108	-9.36292e-07
36	148	9.35995e-07
138	142	-9.34432e-07
15	146	9.30249e-07
14	147	9.30249e-07
6	12	9.22601e-07
37	55	9.20208e-07
97	103	9.1322e-07
95	99	9.10807e-07
13	115	9.08383e-07
41	45	9.01337e-07
16	73	8.94868e-07
17	72	8.94868e-07
37	109	-8.82949e-07
47	83	-8.74385e-07
96	116	8.67121e-07
11	123	8.65463e-07
55	76	8.63336e-07
54	77	8.63336e-07
45	79	8.60455e-07
131	139	-8.56902e-07
40	110	8.55929e-07
71	108	-8.50225e-07
70	109	-8.50225e-07
54	73	8.499e-07
55	72	8.499e-07
128	136	8.47338e-07
88	100	8.46341e-07
47	145	-8.43392e-07
7	106	8.42286e-07
6	107	8.42286e-07
48	110	8.39544e-07
15	121	8.20436e-07
18	138	-8.19631e-07
11	139	-8.14301e-07
135	148	8.04114e-07
134	149	8.04114e-07
10	94	8.03725e-07
58	72	7.87369e-07
50	149	7.85352e-07
51	148	7.85352e-07
11	13	7.7206e-07
74	114	7.67679e-07
5	66	7.57622e-07
4	67	7.57622e-07
109	121	-7.56917e-07
49	139	-7.54545e-07
73	148	7.46907e-07
72	149	7.46907e-07
49	109	-7.42293e-07
0	4	7.42035e-07
43	93	7.4197e-07
37	77	7.40145e-07
15	78	7.37281e-07
14	79	7.37281e-07
107	116	7.26985e-07
106	117	7.26985e-07
54	109	-7.26731e-07
55	108	-7.26731e-07
106	110	7.26349e-07
17	97	7.22577e-07
65	135	7.18859e-07
10	124	7.16332e-07
30	144	-7.12717e-07
116	148	7.10888e-07
15	102	7.0886e-07
14	103	7.0886e-07
51	54	7.0884e-07
50	55	7.0884e-07
30	36	-7.08771e-07
25	50	7.07958e-07
24	51	7.07958e-07
30	149	-6.97726e-07
31	148	-6.97726e-07
49	87	-6.97173e-07
47	102	-6.9355e-07
46	103	-6.9355e-07
31	143	-6.90845e-07
57	129	-6.89463e-07
16	42	6.88409e-07
37	135	6.77453e-07
50	88	6.71257e-07
66	114	6.66635e-07
20	129	6.65592e-07
21	128	6.65592e-07
48	56	-6.65341e-07
42	117	6.60878e-07
43	116	6.60878e-07
19	73	6.58947e-07
36	138	-6.5609e-07
11	102	6.53987e-07
10	103	6.53987e-07
83	107	6.46472e-07
36	42	6.4487e-07
55	64	6.41629e-07
54	65	6.41629e-07
73	111	6.37646e-07
19	45	6.35691e-07
5	142	6.27729e-07
4	143	6.27729e-07
106	130	6.25937e-07
35	129	6.22027e-07
10	49	6.21318e-07
11	48	6.21318e-07
61	138	6.19563e-07
60	139	6.19563e-07
37	75	6.18115e-07
45	107	6.07222e-07
42	98	5.97825e-07
30	48	-5.95664e-07
57	121	-5.8506e-07
76	88	5.83603e-07
50	92	5.74859e-07
10	96	5.73949e-07
102	134	5.69184e-07
55	101	5.59018e-07
11	132	5.58176e-07
10	133	5.58176e-07
18	114	5.56466e-07
54	70	5.52954e-07
42	122	5.48514e-07
17	114	5.44232e-07
16	115	5.44232e-07
44	116	5.39394e-07
64	104	5.35485e-07
111	114	5.3403e-07
110	115	5.3403e-07
106	118	5.31529e-07
128	138	-5.29006e-07
22	27	5.2585e-07
23	26	5.2585e-07
92	119	5.24283e-07
93	118	5.24283e-07
42	148	5.23719e-07
43	119	5.23514e-07
69	98	5.23049e-07
68	99	5.23049e-07
65	119	5.20975e-07
10	116	5.18964e-07
36	123	5.18949e-07
37	122	5.18949e-07
10	66	5.16904e-07
7	115	5.16454e-07
55	103	5.15912e-07
11	19	5.13261e-07
5	45	5.11809e-07
67	138	-5.09955e-07
66	139	-5.09955e-07
45	97	5.08651e-07
69	118	5.07164e-07
68	119	5.07164e-07
20	69	5.03108e-07
21	68	5.03108e-07
121	136	4.9802e-07
120	137	4.9802e-07
16	142	4.96088e-07
98	106	4.95268e-07
110	130	4.9507e-07
25	48	4.94669e-07
24	49	4.94669e-07
94	118	4.92856e-07
32	142	4.89945e-07
43	88	4.89616e-07
42	89	4.89616e-07
55	92	4.89174e-07
54	93	4.89174e-07
131	137	4.8906e-07
47	140	4.85432e-07
46	141	4.85432e-07
49	72	4.83367e-07
48	73	4.83367e-07
79	125	4.82064e-07
50	119	4.80321e-07
51	118	4.80321e-07
60	121	-4.79269e-07
61	120	-4.79269e-07
11	74	4.78621e-07
10	75	4.78621e-07
41	149	4.78348e-07
76	119	4.73998e-07
77	118	4.73998e-07
36	48	4.73019e-07
67	73	4.72339e-07
12	36	4.71501e-07
137	148	4.70756e-07
136	149	4.70756e-07
14	146	4.65125e-07
36	55	4.60104e-07
37	54	4.60104e-07
97	102	4.5661e-07
96	103	4.5661e-07
94	99	4.55403e-07
95	98	4.55403e-07
12	115	4.54191e-07
13	114	4.54191e-07
45	87	-4.51706e-07
41	44	4.50669e-07
40	45	4.50669e-07
16	72	4.47434e-07
77	135	4.45886e-07
36	109	-4.41475e-07
37	108	-4.41475e-07
46	83	-4.37192e-07
47	82	-4.37192e-07
5	17	4.36562e-07
7	37	4.34514e-07
11	122	4.32731e-07
10	123	4.32731e-07
54	76	4.31668e-07
45	78	4.30228e-07
44	79	4.30228e-07
130	139	-4.28451e-07
131	138	-4.28451e-07
70	108	-4.25112e-07
54	72	4.2495e-07
97	137	4.24445e-07
46	145	-4.21696e-07
47	144	-4.21696e-07
47	147	-4.21605e-07
6	106	4.21143e-07
121	139	-4.15052e-07
15	120	4.10218e-07
14	121	4.10218e-07
11	138	-4.0715e-07
10	139	-4.0715e-07
17	67	4.06662e-07
134	148	4.02057e-07
13	69	4.0108e-07
19	41	4.01039e-07
51	95	3.98286e-07
41	103	3.9767e-07
50	148	3.92676e-07
99	101	3.8958e-07
71	121	3.8891e-07
55	69	3.88366e-07
95	125	3.87454e-07
73	131	3.8708e-07
11	12	3.8603e-07
10	13	3.8603e-07
59	67	3.8455e-07
37	95	3.84349e-07
11	55	3.83763e-07
4	66	3.78811e-07
108	121	-3.78458e-07
109	120	-3.78458e-07
133	137	3.78169e-07
48	139	-3.77272e-07
49	138	-3.77272e-07
72	148	3.73453e-07
49	108	-3.71147e-07
48	109	-3.71147e-07
42	93	3.70985e-07
43	92	3.70985e-07
37	76	3.70073e-07
36	77	3.70073e-07
109	129	-3.70034e-07
14	78	3.6864e-07
67	79	3.64036e-07
106	116	3.63492e-07
54	108	-3.63366e-07
17	96	3.61288e-07
16	97	3.61288e-07
65	134	3.59429e-07
64	135	3.59429e-07
14	102	3.5443e-07
50	54	3.5442e-07
24	50	3.53979e-07
5	97	3.49978e-07
30	148	-3.48863e-07
48	87	-3.48587e-07
49	86	-3.48587e-07
37	129	3.47984e-07
77	103	3.47532e-07
11	143	3.47146e-07
46	102	-3.46775e-07
107	133	3.46269e-07
31	142	-3.45423e-07
30	143	-3.45423e-07
56	129	-3.44731e-07
57	128	-3.44731e-07
131	143	3.42794e-07
21	131	3.42231e-07
59	137	3.3995e-07
37	134	3.38726e-07
36	135	3.38726e-07
65	103	3.33688e-07
17	49	3.33372e-07
20	128	3.32796e-07
137	147	3.3277e-07
42	116	3.30439e-07
19	72	3.29473e-07
18	73	3.29473e-07
77	115	3.27057e-07
10	102	3.26993e-07
83	106	3.23236e-07
82	107	3.23236e-07
7	95	3.22235e-07
67	129	3.22229e-07
54	64	3.20815e-07
72	111	3.18823e-07
73	110	3.18823e-07
18	45	3.17846e-07
19	44	3.17846e-07
55	123	3.17552e-07
4	142	3.13865e-07
73	129	3.1155e-07
34	129	3.11014e-07
35	128	3.11014e-07
10	48	3.10659e-07
13	123	3.10382e-07
60	138	3.09782e-07
36	75	3.09057e-07
37	74	3.09057e-07
55	137	3.0643e-07
61	87	3.05154e-07
45	106	3.03611e-07
44	107	3.03611e-07
57	120	-2.9253e-07
56	121	-2.9253e-07
137	143	2.86421e-07
69	97	2.82897e-07
79	103	2.79676e-07
55	100	2.79509e-07
54	101	2.79509e-07
10	132	2.79088e-07
73	145	2.74113e-07
61	103	-2.73248e-07
16	114	2.72116e-07
57	103	-2.67385e-07
110	114	2.67015e-07
91	143	-2.66587e-07
115	149	2.65332e-07
111	143	2.63931e-07
43	115	2.63775e-07
22	26	2.62925e-07
92	118	2.62141e-07
43	118	2.61757e-07
42	119	2.61757e-07
68	98	2.61524e-07
64	119	2.60487e-07
65	118	2.60487e-07
87	145	-2.60143e-07
41	95	2.6004e-07
36	122	2.59475e-07
6	115	2.58227e-07
7	114	2.58227e-07
54	103	2.57956e-07
55	102	2.57956e-07
11	18	2.5663e-07
10	19	2.5663e-07
4	45	2.55904e-07
5	44	2.55904e-07
31	45	-2.55099e-07
47	109	2.55092e-07
66	138	-2.54978e-07
45	96	2.54326e-07
44	97	2.54326e-07
68	118	2.53582e-07
20	68	2.51554e-07
135	137	2.50228e-07
120	136	2.4901e-07
45	131	2.48416e-07
13	117	2.4832e-07
11	21	2.47413e-07
24	48	2.47334e-07
73	143	2.45568e-07
42	88	2.44808e-07
54	92	2.44587e-07
130	137	2.4453e-07
131	136	2.4453e-07
11	129	2.44148e-07
46	140	2.42716e-07
117	125	2.41863e-07
48	72	2.41684e-07
78	125	2.41032e-07
79	124	2.41032e-07
50	118	2.4016e-07
60	120	-2.39634e-07
10	74	2.39311e-07
41	148	2.39174e-07
40	149	2.39174e-07
121	149	2.37146e-07
76	118	2.36999e-07
15	145	2.36879e-07
67	72	2.3617e-07
66	73	2.3617e-07
136	148	2.35378e-07
131	145	2.35095e-07
67	103	2.34465e-07
101	119	2.33514e-07
41	131	2.30583e-07
5	125	2.30538e-07
36	54	2.30052e-07
41	99	2.30048e-07
65	139	-2.29987e-07
15	137	2.28576e-07
37	87	-2.28417e-07
96	102	2.28305e-07
51	99	2.27978e-07
94	98	2.27702e-07
12	114	2.27096e-07
71	79	2.26705e-07
45	86	-2.25853e-07
44	87	-2.25853e-07
40	44	2.25334e-07
71	115	2.23487e-07
103	133	2.23255e-07
77	134	2.22943e-07
76	135	2.22943e-07
36	108	-2.20737e-07
11	43	2.19766e-07
46	82	-2.18596e-07
5	16	2.18281e-07
4	17	2.18281e-07
65	67	2.1751e-07
7	36	2.17257e-07
6	37	2.17257e-07
10	122	2.16366e-07
44	78	2.15114e-07
130	138	-2.14226e-07
11	83	2.12247e-07
97	136	2.12223e-07
96	137	2.12223e-07
61	137	-2.11826e-07
65	109	-2.10876e-07
46	144	-2.10848e-07
47	146	-2.10802e-07
46	147	-2.10802e-07
137	145	2.0821e-07
120	139	-2.07526e-07
121	138	-2.07526e-07
14	120	2.05109e-07
10	138	-2.03575e-07
17	66	2.03331e-07
16	67	2.03331e-07
63	129	2.03162e-07
5	149	2.02715e-07
31	121	-2.01967e-07
13	68	2.0054e-07
12	69	2.0054e-07
19	40	2.00519e-07
18	41	2.00519e-07
50	95	1.99143e-07
51	94	1.99143e-07
89	107	1.98957e-07
40	103	1.98835e-07
41	102	1.98835e-07
98	101	1.9479e-07
99	100	1.9479e-07
71	120	1.94455e-07
70	121	1.94455e-07
55	68	1.94183e-07
54	69	1.94183e-07
95	124	1.93727e-07
94	125	1.93727e-07
72	131	1.9354e-07
73	130	1.9354e-07
139	147	-1.93108e-07
10	12	1.93015e-07
59	66	1.92275e-07
58	67	1.92275e-07
37	94	1.92175e-07
36	95	1.92175e-07
10	55	1.91882e-07
11	54	1.91882e-07
108	120	-1.89229e-07
132	137	1.89085e-07
133	136	1.89085e-07
48	138	-1.88636e-07
67	121	1.85728e-07
31	59	-1.85643e-07
48	108	-1.85573e-07
42	92	1.85493e-07
11	149	1.85468e-07
36	76	1.85036e-07
108	129	-1.85017e-07
109	128	-1.85017e-07
66	79	1.82018e-07
67	78	1.82018e-07
16	96	1.80644e-07
64	134	1.79715e-07
33	129	1.7778e-07
45	73	1.77505e-07
73	141	-1.7737e-07
71	89	1.76793e-07
63	91	-1.75567e-07
55	111	1.75007e-07
4	97	1.74989e-07
5	96	1.74989e-07
48	86	-1.74293e-07
115	123	1.74106e-07
37	128	1.73992e-07
36	129	1.73992e-07
76	103	1.73766e-07
77	102	1.73766e-07
11	142	1.73573e-07
10	143	1.73573e-07
107	132	1.73134e-07
106	133	1.73134e-07
30	142	-1.72711e-07
56	128	-1.72366e-07
130	143	1.71397e-07
131	142	1.71397e-07
20	131	1.71116e-07
21	130	1.71116e-07
58	137	1.69975e-07
59	136	1.69975e-07
36	134	1.69363e-07
11	141	-1.68823e-07
37	119	1.67535e-07
7	97	1.67145e-07
65	102	1.66844e-07
64	103	1.66844e-07
16	49	1.66686e-07
17	48	1.66686e-07
136	147	1.66385e-07
137	146	1.66385e-07
45	133	1.65394e-07
18	72	1.64737e-07
37	143	1.64251e-07
49	123	1.63853e-07
76	115	1.63529e-07
77	114	1.63529e-07
61	73	-1.63479e-07
11	135	1.62708e-07
82	106	1.61618e-07
7	94	1.61118e-07
6	95	1.61118e-07
66	129	1.61114e-07
67	128	1.61114e-07
51	101	1.60639e-07
72	110	1.59412e-07
18	44	1.58923e-07
54	123	1.58776e-07
55	122	1.58776e-07
79	149	1.5791e-07
51	135	1.57722e-07
59	139	-1.56846e-07
83	137	1.5617e-07
73	128	1.55775e-07
72	129	1.55775e-07
34	128	1.55507e-07
47	131	-1.55317e-07
13	122	1.55191e-07
12	123	1.55191e-07
36	74	1.54529e-07
7	21	1.53955e-07
54	137	1.53215e-07
55	136	1.53215e-07
60	87	1.52577e-07
61	86	1.52577e-07
44	106	1.51806e-07
115	133	1.50792e-07
49	51	1.4833e-07
37	101	1.4799e-07
56	120	-1.46265e-07
5	19	1.44582e-07
89	123	1.44198e-07
137	142	1.43211e-07
136	143	1.43211e-07
69	96	1.41448e-07
68	97	1.41448e-07
37	57	-1.41286e-07
78	103	1.39838e-07
79	102	1.39838e-07
54	100	1.39754e-07
41	119	1.39552e-07
73	144	1.37057e-07
72	145	1.37057e-07
61	102	-1.36624e-07
60	103	-1.36624e-07
69	135	1.35457e-07
71	119	1.35015e-07
77	99	1.34325e-07
56	103	-1.33693e-07
57	102	-1.33693e-07
90	143	-1.33293e-07
91	142	-1.33293e-07
115	148	1.32666e-07
114	149	1.32666e-07
55	115	1.32322e-07
110	143	1.31966e-07
111	142	1.31966e-07
42	115	1.31887e-07
43	114	1.31887e-07
77	117	1.30959e-07
42	118	1.30879e-07
57	67	-1.307e-07
37	71	1.30279e-07
64	118	1.30244e-07
87	144	-1.30071e-07
86	145	-1.30071e-07
40	95	1.3002e-07
41	94	1.3002e-07
47	113	1.29546e-07
6	114	1.29114e-07
54	102	1.28978e-07
10	18	1.28315e-07
4	44	1.27952e-07
31	44	-1.2755e-07
30	45	-1.2755e-07
47	108	1.27546e-07
46	109	1.27546e-07
44	96	1.27163e-07
117	135	1.26664e-07
79	97	1.26288e-07
79	135	1.25747e-07
134	137	1.25114e-07
135	136	1.25114e-07
1	91	-1.2421e-07
44	131	1.24208e-07
45	130	1.24208e-07
13	116	1.2416e-07
12	117	1.2416e-07
11	20	1.23707e-07
10	21	1.23707e-07
57	143	-1.22804e-07
73	142	1.22784e-07
72	143	1.22784e-07
130	136	1.22265e-07
11	128	1.22074e-07
10	129	1.22074e-07
117	124	1.20931e-07
116	125	1.20931e-07
78	124	1.20516e-07
119	123	1.19845e-07
40	148	1.19587e-07
121	148	1.18573e-07
120	149	1.18573e-07
15	144	1.1844e-07
14	145	1.1844e-07
53	59	1.1817e-07
66	72	1.18085e-07
131	144	1.17547e-07
130	145	1.17547e-07
67	102	1.17233e-07
66	103	1.17233e-07
101	118	1.16757e-07
100	119	1.16757e-07
40	131	1.15291e-07
41	130	1.15291e-07
67	131	1.15283e-07
4	125	1.15269e-07
5	124	1.15269e-07
41	98	1.15024e-07
40	99	1.15024e-07
65	138	-1.14993e-07
64	139	-1.14993e-07
19	147	1.14672e-07
15	136	1.14288e-07
14	137	1.14288e-07
36	87	-1.14209e-07
37	86	-1.14209e-07
50	99	1.13989e-07
51	98	1.13989e-07
71	78	1.13352e-07
70	79	1.13352e-07
44	86	-1.12927e-07
67	147	1.12544e-07
89	95	1.11996e-07
70	115	1.11744e-07
71	114	1.11744e-07
103	132	1.11627e-07
102	133	1.11627e-07
76	134	1.11472e-07
11	31	-1.11076e-07
11	42	1.09883e-07
10	43	1.09883e-07
45	135	1.0979e-07
4	16	1.09141e-07
5	7	1.08912e-07
95	115	1.08837e-07
64	67	1.08755e-07
65	66	1.08755e-07
6	36	1.08629e-07
29	135	1.07993e-07
5	35	1.06827e-07
10	83	1.06123e-07
11	82	1.06123e-07
96	136	1.06111e-07
71	135	1.06038e-07
59	109	-1.05998e-07
61	136	-1.05913e-07
60	137	-1.05913e-07
65	108	-1.05438e-07
64	109	-1.05438e-07
46	146	-1.05401e-07
99	123	1.0472e-07
136	145	1.04105e-07
137	144	1.04105e-07
75	137	1.0392e-07
17	129	1.03916e-07
120	138	-1.03763e-07
139	141	1.03115e-07
99	111	1.02421e-07
16	66	1.01665e-07
62	129	1.01581e-07
63	128	1.01581e-07
5	148	1.01357e-07
4	149	1.01357e-07
31	120	-1.00984e-07
30	121	-1.00984e-07
12	68	1.0027e-07
18	40	1.0026e-07
111	133	1.00145e-07
50	94	9.95716e-08
89	106	9.94785e-08
88	107	9.94785e-08
40	102	9.94176e-08
98	100	9.7395e-08
29	111	9.73091e-08
70	120	9.72275e-08
54	68	9.70915e-08
94	124	9.68636e-08
72	130	9.677e-08
139	146	-9.65542e-08
138	147	-9.65542e-08
58	66	9.61375e-08
36	94	9.60873e-08
10	54	9.59409e-08
19	67	9.57846e-08
13	21	9.568e-08
132	136	9.45423e-08
55	95	9.30268e-08
66	121	9.28638e-08
67	120	9.28638e-08
31	58	-9.28215e-08
30	59	-9.28215e-08
10	149	9.27339e-08
11	148	9.27339e-08
108	128	-9.25084e-08
37	145	9.20903e-08
66	78	9.1009e-08
103	107	9.0596e-08
47	117	-9.04922e-08
29	131	8.97248e-08
33	128	8.889e-08
32	129	8.889e-08
67	71	8.88352e-08
45	72	8.87525e-08
44	73	8.87525e-08
72	141	-8.86852e-08
73	140	-8.86852e-08
71	88	8.83966e-08
70	89	8.83966e-08
62	91	-8.77835e-08
63	90	-8.77835e-08
5	135	8.75474e-08
55	110	8.75036e-08
54	111	8.75036e-08
4	96	8.74946e-08
115	122	8.70529e-08
114	123	8.70529e-08
36	128	8.69961e-08
76	102	8.68831e-08
10	142	8.67865e-08
106	132	8.65672e-08
130	142	8.56986e-08
20	130	8.55578e-08
58	136	8.49875e-08
7	111	8.4795e-08
10	141	-8.44116e-08
11	140	-8.44116e-08
37	118	8.37676e-08
36	119	8.37676e-08
35	143	8.36402e-08
6	97	8.35725e-08
7	96	8.35725e-08
64	102	8.3422e-08
16	48	8.33429e-08
136	146	8.31924e-08
59	149	8.28747e-08
45	132	8.26969e-08
44	133	8.26969e-08
5	49	8.25747e-08
43	135	8.25738e-08
115	141	-8.2516e-08
37	142	8.21253e-08
36	143	8.21253e-08
49	122	8.19266e-08
48	123	8.19266e-08
76	114	8.17644e-08
61	72	-8.17396e-08
60	73	-8.17396e-08
117	129	8.15214e-08
103	119	8.14882e-08
11	134	8.13539e-08
10	135	8.13539e-08
103	149	8.12542e-08
89	103	8.09535e-08
6	94	8.05588e-08
66	128	8.05572e-08
50	101	8.03195e-08
51	100	8.03195e-08
11	47	-8.02805e-08
43	111	8.02635e-08
11	131	7.94211e-08
54	122	7.93879e-08
78	149	7.89549e-08
79	148	7.89549e-08
51	134	7.8861e-08
50	135	7.8861e-08
59	138	-7.8423e-08
58	139	-7.8423e-08
82	137	7.80849e-08
83	136	7.80849e-08
19	57	-7.80831e-08
72	128	7.78875e-08
46	131	-7.76587e-08
47	130	-7.76587e-08
12	122	7.75955e-08
69	133	7.72891e-08
6	21	7.69775e-08
7	20	7.69775e-08
54	136	7.66075e-08
60	86	7.62885e-08
114	133	7.53958e-08
115	132	7.53958e-08
11	61	-7.49721e-08
73	107	7.46371e-08
65	77	7.43268e-08
48	51	7.41649e-08
49	50	7.41649e-08
91	137	-7.40536e-08
37	100	7.3995e-08
36	101	7.3995e-08
21	67	7.36325e-08
117	119	7.32103e-08
61	107	-7.31965e-08
65	89	7.24357e-08
5	18	7.22908e-08
4	19	7.22908e-08
89	122	7.20991e-08
88	123	7.20991e-08
136	142	7.16053e-08
71	117	7.14242e-08
53	117	7.11084e-08
68	96	7.07242e-08
37	56	-7.0643e-08
36	57	-7.0643e-08
29	143	7.04952e-08
65	107	7.01423e-08
78	102	6.9919e-08
40	119	6.97758e-08
41	118	6.97758e-08
101	135	6.97096e-08
72	144	6.85283e-08
60	102	-6.83121e-08
69	134	6.77285e-08
68	135	6.77285e-08
87	129	-6.77079e-08
31	115	-6.765e-08
71	118	6.75073e-08
70	119	6.75073e-08
113	139	6.74952e-08
77	98	6.71625e-08
76	99	6.71625e-08
115	139	-6.68515e-08
56	102	-6.68463e-08
90	142	-6.66467e-08
114	148	6.63331e-08
55	114	6.61609e-08
54	115	6.61609e-08
23	63	6.60173e-08
110	142	6.59828e-08
42	114	6.59437e-08
77	116	6.54795e-08
76	117	6.54795e-08
56	67	-6.535e-08
57	66	-6.535e-08
37	70	6.51395e-08
36	71	6.51395e-08
86	144	-6.50357e-08
40	94	6.501e-08
47	112	6.4773e-08
46	113	6.4773e-08
17	139	-6.46045e-08
51	121	6.449e-08
113	137	-6.44429e-08
43	55	6.4256e-08
25	55	6.39683e-08
30	44	-6.37748e-08
46	108	6.3773e-08
116	135	6.3332e-08
117	134	6.3332e-08
37	113	-6.3269e-08
78	97	6.31439e-08
79	96	6.31439e-08
31	55	-6.30351e-08
78	135	6.28737e-08
79	134	6.28737e-08
134	136	6.25571e-08
1	90	-6.21049e-08
0	91	-6.21049e-08
44	130	6.21041e-08
12	116	6.20799e-08
99	149	6.20713e-08
10	20	6.18533e-08
57	142	-6.14022e-08
56	143	-6.14022e-08
72	142	6.13919e-08
29	107	6.12974e-08
10	128	6.10371e-08
97	121	6.08063e-08
41	59	6.0563e-08
116	124	6.04657e-08
43	101	6.01646e-08
118	123	5.99225e-08
119	122	5.99225e-08
120	148	5.92866e-08
14	144	5.92198e-08
53	58	5.9085e-08
52	59	5.9085e-08
130	144	5.87737e-08
87	115	-5.87123e-08
66	102	5.86164e-08
100	118	5.83784e-08
40	130	5.76456e-08
11	147	5.76421e-08
66	131	5.76413e-08
67	130	5.76413e-08
4	124	5.76345e-08
40	98	5.7512e-08
64	138	-5.74966e-08
31	65	-5.74692e-08
18	147	5.73362e-08
19	146	5.73362e-08
14	136	5.71439e-08
36	86	-5.71043e-08
50	98	5.69945e-08
70	78	5.66762e-08
17	127	5.64826e-08
67	146	5.62722e-08
66	147	5.62722e-08
89	94	5.59982e-08
88	95	5.59982e-08
19	135	5.59577e-08
70	114	5.58718e-08
102	132	5.58137e-08
19	37	5.56037e-08
51	117	5.55649e-08
10	31	-5.5538e-08
11	30	-5.5538e-08
67	143	5.55059e-08
29	69	5.53908e-08
17	145	5.51462e-08
10	42	5.49415e-08
117	147	5.49336e-08
44	135	5.4895e-08
45	134	5.4895e-08
45	65	5.48174e-08
1	127	5.47961e-08
57	61	5.45849e-08
4	7	5.4456e-08
5	6	5.4456e-08
94	115	5.44187e-08
95	114	5.44187e-08
64	66	5.43776e-08
28	135	5.39963e-08
29	134	5.39963e-08
4	35	5.34133e-08
5	34	5.34133e-08
43	77	5.30777e-08
10	82	5.30616e-08
71	134	5.30188e-08
70	135	5.30188e-08
59	108	-5.29991e-08
58	109	-5.29991e-08
60	136	-5.29566e-08
64	108	-5.27189e-08
31	35	-5.26991e-08
99	122	5.23599e-08
98	123	5.23599e-08
136	144	5.20525e-08
31	41	-5.20494e-08
75	136	5.19598e-08
74	137	5.19598e-08
16	129	5.19578e-08
17	128	5.19578e-08
138	141	5.15574e-08
139	140	5.15574e-08
109	115	-5.15315e-08
99	110	5.12107e-08
98	111	5.12107e-08
19	149	5.10111e-08
49	101	5.08042e-08
62	128	5.07904e-08
4	148	5.06787e-08
30	120	-5.04918e-08
97	143	5.04473e-08
79	101	5.03268e-08
73	135	5.01552e-08
110	133	5.00725e-08
111	132	5.00725e-08
88	106	4.97392e-08
43	69	4.88325e-08
29	110	4.86545e-08
28	111	4.86545e-08
138	146	-4.82771e-08
1	101	4.81665e-08
119	137	4.81187e-08
19	66	4.78923e-08
18	67	4.78923e-08
12	21	4.784e-08
13	20	4.784e-08
67	135	4.76461e-08
11	71	4.69834e-08
87	149	-4.69722e-08
51	103	4.68938e-08
143	145	4.65149e-08
54	95	4.65134e-08
55	94	4.65134e-08
66	120	4.64319e-08
30	58	-4.64107e-08
10	148	4.6367e-08
93	111	4.63327e-08
37	144	4.60452e-08
36	145	4.60452e-08
102	107	4.5298e-08
103	106	4.5298e-08
47	116	-4.52461e-08
46	117	-4.52461e-08
11	87	-4.50694e-08
29	130	4.48624e-08
28	131	4.48624e-08
65	101	4.46856e-08
32	128	4.4445e-08
67	70	4.44176e-08
66	71	4.44176e-08
44	72	4.43762e-08
72	140	-4.43426e-08
70	88	4.41983e-08
62	90	-4.38918e-08
4	135	4.37737e-08
5	134	4.37737e-08
5	69	4.37688e-08
54	110	4.37518e-08
114	122	4.35264e-08
103	147	4.34755e-08
51	77	4.3241e-08
65	93	4.31847e-08
11	77	4.30101e-08
97	135	4.2809e-08
37	131	4.26048e-08
7	110	4.23975e-08
6	111	4.23975e-08
10	140	-4.22058e-08
133	139	-4.19984e-08
36	118	4.18838e-08
35	142	4.18201e-08
34	143	4.18201e-08
6	96	4.17863e-08
85	105	4.17361e-08
67	77	4.16751e-08
58	149	4.14373e-08
59	148	4.14373e-08
44	132	4.13484e-08
4	49	4.12874e-08
5	48	4.12874e-08
42	135	4.12869e-08
43	134	4.12869e-08
115	140	-4.1258e-08
114	141	-4.1258e-08
36	142	4.10626e-08
48	122	4.09633e-08
60	72	-4.08698e-08
117	128	4.07607e-08
116	129	4.07607e-08
102	119	4.07441e-08
103	118	4.07441e-08
10	134	4.06769e-08
103	148	4.06271e-08
102	149	4.06271e-08
88	103	4.04768e-08
89	102	4.04768e-08
50	100	4.01597e-08
11	46	-4.01403e-08
10	47	-4.01403e-08
43	110	4.01318e-08
42	111	4.01318e-08
5	55	3.98908e-08
19	55	3.98276e-08
11	130	3.97105e-08
10	131	3.97105e-08
78	148	3.94775e-08
50	134	3.94305e-08
58	138	-3.92115e-08
82	136	3.90424e-08
18	57	-3.90415e-08
19	56	-3.90415e-08
46	130	-3.88293e-08
69	132	3.86445e-08
68	133	3.86445e-08
6	20	3.84887e-08
79	119	3.83123e-08
17	125	3.82384e-08
73	113	-3.80873e-08
25	89	3.78842e-08
93	115	3.78421e-08
114	132	3.76979e-08
13	45	3.76516e-08
49	71	3.75398e-08
11	60	-3.7486e-08
10	61	-3.7486e-08
73	106	3.73186e-08
72	107	3.73186e-08
37	147	3.71933e-08
65	76	3.71634e-08
64	77	3.71634e-08
48	50	3.70825e-08
91	136	-3.70268e-08
90	137	-3.70268e-08
15	83	3.70001e-08
36	100	3.69975e-08
21	66	3.68162e-08
20	67	3.68162e-08
17	95	3.66662e-08
27	31	-3.66221e-08
116	119	3.66051e-08
117	118	3.66051e-08
60	107	-3.65983e-08
61	106	-3.65983e-08
65	88	3.62178e-08
64	89	3.62178e-08
4	18	3.61454e-08
88	122	3.60496e-08
11	119	3.57512e-08
71	116	3.57121e-08
70	117	3.57121e-08
75	79	3.56607e-08
53	116	3.55542e-08
52	117	3.55542e-08
73	119	3.53778e-08
77	79	3.53378e-08
36	56	-3.53215e-08
67	91	-3.52607e-08
28	143	3.52476e-08
29	142	3.52476e-08
55	121	3.52185e-08
109	135	-3.51265e-08
17	117	3.51215e-08
65	106	3.50711e-08
64	107	3.50711e-08
40	118	3.48879e-08
101	134	3.48548e-08
100	135	3.48548e-08
49	115	3.48128e-08
68	134	3.38642e-08
86	129	-3.38539e-08
87	128	-3.38539e-08
31	114	-3.3825e-08
30	115	-3.3825e-08
70	118	3.37537e-08
112	139	3.37476e-08
113	138	3.37476e-08
76	98	3.35813e-08
25	115	3.35763e-08
115	138	-3.34257e-08
114	139	-3.34257e-08
115	129	3.32877e-08
54	114	3.30804e-08
13	131	3.30696e-08
21	97	3.30223e-08
23	62	3.30086e-08
22	63	3.30086e-08
76	116	3.27397e-08
57	117	-3.26951e-08
56	66	-3.2675e-08
67	83	3.26706e-08
73	91	-3.26368e-08
36	70	3.25698e-08
37	121	3.25044e-08
46	112	3.23865e-08
16	139	-3.23023e-08
17	138	-3.23023e-08
93	135	3.22921e-08
50	121	3.2245e-08
51	120	3.2245e-08
112	137	-3.22215e-08
113	136	-3.22215e-08
43	54	3.2128e-08
42	55	3.2128e-08
24	55	3.19841e-08
25	54	3.19841e-08
45	109	-3.19567e-08
117	131	3.17044e-08
116	134	3.1666e-08
36	113	-3.16345e-08
37	112	-3.16345e-08
78	96	3.1572e-08
31	54	-3.15175e-08
30	55	-3.15175e-08
103	129	3.14421e-08
78	134	3.14368e-08
89	115	3.10802e-08
0	90	-3.10524e-08
98	149	3.10356e-08
99	148	3.10356e-08
71	103	3.08987e-08
56	142	-3.07011e-08
28	107	3.06487e-08
29	106	3.06487e-08
41	123	3.05219e-08
95	111	3.0438e-08
97	120	3.04031e-08
96	121	3.04031e-08
67	123	3.03311e-08
41	58	3.02815e-08
40	59	3.02815e-08
13	79	3.01331e-08
43	100	3.00823e-08
42	101	3.00823e-08
118	122	2.99613e-08
49	137	2.99099e-08
103	141	-2.97274e-08
69	137	2.96173e-08
52	58	2.95425e-08
67	145	2.94592e-08
27	101	2.94586e-08
7	123	2.93731e-08
86	115	-2.93562e-08
87	114	-2.93562e-08
57	91	2.93303e-08
131	147	2.89102e-08
41	93	2.88386e-08
10	147	2.88211e-08
11	146	2.88211e-08
66	130	2.88206e-08
31	64	-2.87346e-08
30	65	-2.87346e-08
51	137	2.87031e-08
18	146	2.86681e-08
21	45	2.83097e-08
11	113	-2.82983e-08
16	127	2.82413e-08
17	126	2.82413e-08
66	146	2.81361e-08
17	137	2.80438e-08
88	94	2.79991e-08
19	134	2.79788e-08
18	135	2.79788e-08
18	37	2.78018e-08
19	36	2.78018e-08
50	117	2.77825e-08
51	116	2.77825e-08
10	30	-2.7769e-08
67	142	2.7753e-08
66	143	2.7753e-08
29	68	2.76954e-08
28	69	2.76954e-08
19	83	2.76347e-08
16	145	2.75731e-08
17	144	2.75731e-08
117	146	2.74668e-08
116	147	2.74668e-08
44	134	2.74475e-08
41	135	2.74195e-08
44	65	2.74087e-08
45	64	2.74087e-08
0	127	2.73981e-08
1	126	2.73981e-08
57	60	2.72924e-08
56	61	2.72924e-08
115	135	2.72683e-08
4	6	2.7228e-08
94	114	2.72094e-08
109	143	-2.71467e-08
55	87	-2.71099e-08
28	134	2.69982e-08
15	135	2.69865e-08
73	75	2.68016e-08
4	34	2.67067e-08
43	76	2.65389e-08
42	77	2.65389e-08
70	134	2.65094e-08
58	108	-2.64995e-08
31	34	-2.63495e-08
30	35	-2.63495e-08
11	29	2.62343e-08
98	122	2.618e-08
15	47	-2.61608e-08
5	107	2.61167e-08
41	55	2.60915e-08
31	40	-2.60247e-08
30	41	-2.60247e-08
74	136	2.59799e-08
16	128	2.59789e-08
21	127	2.59317e-08
138	140	2.57787e-08
108	115	-2.57658e-08
109	114	-2.57658e-08
5	127	2.56064e-08
98	110	2.56054e-08
87	113	2.55492e-08
19	148	2.55056e-08
18	149	2.55056e-08
19	61	-2.54293e-08
49	100	2.54021e-08
48	101	2.54021e-08
96	143	2.52237e-08
97	142	2.52237e-08
79	100	2.51634e-08
78	101	2.51634e-08
55	117	2.50981e-08
72	135	2.50776e-08
73	134	2.50776e-08
110	132	2.50363e-08
41	89	2.47056e-08
31	147	-2.46504e-08
101	115	2.4435e-08
42	69	2.44163e-08
43	68	2.44163e-08
41	147	2.43315e-08
28	110	2.43273e-08
65	117	2.41004e-08
0	101	2.40832e-08
1	100	2.40832e-08
118	137	2.40593e-08
119	136	2.40593e-08
55	107	2.39654e-08
18	66	2.39461e-08
12	20	2.392e-08
65	73	2.38666e-08
67	134	2.38231e-08
66	135	2.38231e-08
10	71	2.34917e-08
11	70	2.34917e-08
86	149	-2.34861e-08
87	148	-2.34861e-08
51	102	2.34469e-08
50	103	2.34469e-08
27	137	2.33399e-08
31	91	2.33019e-08
142	145	2.32575e-08
143	144	2.32575e-08
54	94	2.32567e-08
93	110	2.31663e-08
92	111	2.31663e-08
115	143	2.31148e-08
121	125	2.31023e-08
36	144	2.30226e-08
109	145	-2.29612e-08
79	89	2.29589e-08
139	149	-2.28065e-08
102	106	2.2649e-08
11	101	2.26485e-08
46	116	-2.2623e-08
10	87	-2.25347e-08
11	86	-2.25347e-08
28	130	2.24312e-08
17	21	2.24052e-08
37	133	2.23516e-08
64	101	2.23428e-08
65	100	2.23428e-08
25	27	2.23052e-08
57	113	2.22875e-08
69	89	2.22109e-08
66	70	2.22088e-08
77	125	2.21546e-08
41	139	-2.21113e-08
51	73	2.19065e-08
4	134	2.18869e-08
4	69	2.18844e-08
5	68	2.18844e-08
29	55	2.1765e-08
102	147	2.17378e-08
103	146	2.17378e-08
51	76	2.16205e-08
50	77	2.16205e-08
64	93	2.15923e-08
65	92	2.15923e-08
10	77	2.1505e-08
11	76	2.1505e-08
96	135	2.14045e-08
97	134	2.14045e-08
17	31	-2.13438e-08
67	87	-2.13153e-08
36	131	2.13024e-08
37	130	2.13024e-08
6	110	2.11987e-08
133	138	-2.09992e-08
132	139	-2.09992e-08
34	142	2.091e-08
1	31	-2.08724e-08
85	104	2.0868e-08
84	105	2.0868e-08
35	109	-2.0849e-08
66	77	2.08375e-08
67	76	2.08375e-08
15	139	-2.07776e-08
58	148	2.07187e-08
4	48	2.06437e-08
42	134	2.06435e-08
114	140	-2.0629e-08
116	128	2.03804e-08
102	118	2.0372e-08
102	148	2.03136e-08
88	102	2.02384e-08
59	87	-2.01902e-08
10	46	-2.00701e-08
42	110	2.00659e-08
5	51	2.00167e-08
4	55	1.99454e-08
5	54	1.99454e-08
19	54	1.99138e-08
18	55	1.99138e-08
31	97	-1.9891e-08
10	130	1.98553e-08
18	56	-1.95208e-08
68	132	1.93223e-08
78	119	1.91561e-08
79	118	1.91561e-08
17	124	1.91192e-08
16	125	1.91192e-08
72	113	-1.90437e-08
73	112	-1.90437e-08
75	117	1.89464e-08
25	88	1.89421e-08
24	89	1.89421e-08
92	115	1.89211e-08
93	114	1.89211e-08
117	143	1.89126e-08
13	44	1.88258e-08
12	45	1.88258e-08
48	71	1.87699e-08
49	70	1.87699e-08
10	60	-1.8743e-08
57	65	-1.87088e-08
11	109	-1.87062e-08
72	106	1.86593e-08
37	146	1.85967e-08
36	147	1.85967e-08
45	57	-1.859e-08
64	76	1.85817e-08
90	136	-1.85134e-08
14	83	1.85001e-08
15	82	1.85001e-08
20	66	1.84081e-08
37	83	1.83491e-08
17	94	1.83331e-08
16	95	1.83331e-08
26	31	-1.83111e-08
27	30	-1.83111e-08
116	118	1.83026e-08
60	106	-1.82991e-08
64	88	1.81089e-08
97	149	1.80133e-08
133	135	1.80003e-08
65	75	1.7985e-08
69	125	1.79693e-08
10	119	1.78756e-08
11	118	1.78756e-08
70	116	1.7856e-08
75	78	1.78304e-08
74	79	1.78304e-08
52	116	1.77771e-08
51	79	1.77152e-08
73	118	1.76889e-08
72	119	1.76889e-08
15	31	-1.76801e-08
77	78	1.76689e-08
76	79	1.76689e-08
103	143	1.76622e-08
67	90	-1.76304e-08
66	91	-1.76304e-08
28	142	1.76238e-08
55	120	1.76093e-08
54	121	1.76093e-08
109	134	-1.75632e-08
108	135	-1.75632e-08
16	117	1.75607e-08
17	116	1.75607e-08
64	106	1.75356e-08
71	75	1.74484e-08
100	134	1.74274e-08
48	115	1.74064e-08
49	114	1.74064e-08
7	51	1.73097e-08
97	131	1.70385e-08
86	128	-1.6927e-08
30	114	-1.69125e-08
112	138	1.68738e-08
79	145	1.68001e-08
25	114	1.67881e-08
24	115	1.67881e-08
49	121	1.67146e-08
114	138	-1.67129e-08
13	149	1.66808e-08
114	129	1.66439e-08
115	128	1.66439e-08
97	129	1.65757e-08
13	130	1.65348e-08
12	131	1.65348e-08
20	97	1.65111e-08
21	96	1.65111e-08
22	62	1.65043e-08
27	67	1.6437e-08
57	116	-1.63475e-08
56	117	-1.63475e-08
75	125	1.63385e-08
67	82	1.63353e-08
66	83	1.63353e-08
72	91	-1.63184e-08
73	90	-1.63184e-08
36	121	1.62522e-08
37	120	1.62522e-08
16	138	-1.61511e-08
92	135	1.6146e-08
93	134	1.6146e-08
50	120	1.61225e-08
112	136	-1.61107e-08
42	54	1.6064e-08
113	115	-1.59992e-08
24	54	1.59921e-08
45	108	-1.59784e-08
44	109	-1.59784e-08
117	130	1.58522e-08
116	131	1.58522e-08
115	147	1.58495e-08
36	112	-1.58172e-08
25	111	1.5792e-08
30	54	-1.57588e-08
25	41	1.57539e-08
102	129	1.57211e-08
103	128	1.57211e-08
63	143	1.5687e-08
5	111	1.56627e-08
87	141	1.55908e-08
43	131	1.5555e-08
88	115	1.55401e-08
89	114	1.55401e-08
71	125	1.5528e-08
98	148	1.55178e-08
70	103	1.54493e-08
71	102	1.54493e-08
28	106	1.53243e-08
41	122	1.5261e-08
40	123	1.5261e-08
125	149	1.52545e-08
11	57	-1.5232e-08
95	110	1.5219e-08
94	111	1.5219e-08
96	120	1.52016e-08
67	122	1.51655e-08
66	123	1.51655e-08
40	58	1.51408e-08
15	107	1.5094e-08
12	79	1.50666e-08
13	78	1.50666e-08
42	100	1.50412e-08
49	136	1.49549e-08
48	137	1.49549e-08
21	27	1.49021e-08
103	140	-1.48637e-08
102	141	-1.48637e-08
69	136	1.48087e-08
68	137	1.48087e-08
11	25	1.48037e-08
75	107	1.47737e-08
29	139	-1.47296e-08
67	144	1.47296e-08
66	145	1.47296e-08
26	101	1.47293e-08
27	100	1.47293e-08
6	123	1.46865e-08
7	122	1.46865e-08
19	107	1.46786e-08
86	114	-1.46781e-08
57	90	1.46652e-08
56	91	1.46652e-08
37	93	1.45211e-08
43	95	1.44906e-08
130	147	1.44551e-08
131	146	1.44551e-08
40	93	1.44193e-08
41	92	1.44193e-08
10	146	1.44105e-08
30	64	-1.43673e-08
50	137	1.43515e-08
51	136	1.43515e-08
21	44	1.41549e-08
20	45	1.41549e-08
10	113	-1.41492e-08
11	112	-1.41492e-08
16	126	1.41207e-08
71	73	1.4041e-08
17	136	1.40219e-08
16	137	1.40219e-08
18	134	1.39894e-08
18	36	1.39009e-08
50	116	1.38912e-08
66	142	1.38765e-08
11	145	1.38758e-08
28	68	1.38477e-08
25	119	1.38422e-08
19	82	1.38173e-08
18	83	1.38173e-08
69	73	1.38039e-08
101	129	1.37904e-08
16	144	1.37866e-08
116	146	1.37334e-08
40	135	1.37098e-08
41	134	1.37098e-08
44	64	1.37043e-08
0	126	1.3699e-08
107	139	-1.368e-08
56	60	1.36462e-08
75	109	-1.36424e-08
33	35	1.36356e-08
115	134	1.36342e-08
114	135	1.36342e-08
108	143	-1.35733e-08
109	142	-1.35733e-08
54	87	-1.35549e-08
55	86	-1.35549e-08
14	135	1.34933e-08
15	134	1.34933e-08
55	139	-1.34757e-08
73	74	1.34008e-08
72	75	1.34008e-08
103	125	1.3391e-08
61	115	-1.33899e-08
83	131	1.33522e-08
97	119	1.33198e-08
42	76	1.32694e-08
41	109	-1.32174e-08
30	34	-1.31748e-08
11	28	1.31171e-08
10	29	1.31171e-08
14	47	-1.30804e-08
15	46	-1.30804e-08
4	107	1.30583e-08
5	106	1.30583e-08
119	125	1.30541e-08
41	54	1.30457e-08
40	55	1.30457e-08
30	40	-1.30123e-08
21	126	1.29658e-08
20	127	1.29658e-08
108	114	-1.28829e-08
37	89	1.2873e-08
69	143	1.28437e-08
111	129	1.28048e-08
4	127	1.28032e-08
5	126	1.28032e-08
87	112	1.27746e-08
86	113	1.27746e-08
29	129	1.27694e-08
18	148	1.27528e-08
19	60	-1.27146e-08
18	61	-1.27146e-08
48	100	1.27011e-08
89	111	1.26795e-08
37	79	1.26396e-08
96	142	1.26118e-08
78	100	1.25817e-08
21	95	1.25614e-08
55	116	1.25491e-08
54	117	1.25491e-08
72	134	1.25388e-08
40	89	1.23528e-08
41	88	1.23528e-08
37	141	-1.2344e-08
31	146	-1.23252e-08
30	147	-1.23252e-08
100	115	1.22175e-08
101	114	1.22175e-08
42	68	1.22081e-08
40	147	1.21658e-08
41	146	1.21658e-08
19	59	1.21248e-08
61	117	-1.21132e-08
64	117	1.20502e-08
65	116	1.20502e-08
13	137	1.20491e-08
0	100	1.20416e-08
118	136	1.20297e-08
54	107	1.19827e-08
55	106	1.19827e-08
1	25	1.19466e-08
64	73	1.19333e-08
65	72	1.19333e-08
67	119	1.19266e-08
66	134	1.19115e-08
49	145	1.18563e-08
1	93	1.18556e-08
101	109	-1.18227e-08
67	75	1.17667e-08
10	70	1.17458e-08
86	148	-1.17431e-08
50	102	1.17235e-08
27	136	1.167e-08
26	137	1.167e-08
30	91	1.16509e-08
31	90	1.16509e-08
142	144	1.16287e-08
115	119	1.1607e-08
19	97	1.15855e-08
92	110	1.15832e-08
115	142	1.15574e-08
114	143	1.15574e-08
120	125	1.15512e-08
121	124	1.15512e-08
97	113	-1.15039e-08
108	145	-1.14806e-08
109	144	-1.14806e-08
78	89	1.14794e-08
79	88	1.14794e-08
5	123	1.14483e-08
29	73	1.14353e-08
139	148	-1.14033e-08
138	149	-1.14033e-08
91	133	-1.1392e-08
107	113	-1.13813e-08
21	137	1.13447e-08
11	100	1.13243e-08
10	101	1.13243e-08
137	141	-1.12997e-08
10	86	-1.12674e-08
16	21	1.12026e-08
17	20	1.12026e-08
111	139	-1.11838e-08
27	109	-1.11793e-08
37	132	1.11758e-08
36	133	1.11758e-08
64	100	1.11714e-08
24	27	1.11526e-08
25	26	1.11526e-08
56	113	1.11438e-08
57	112	1.11438e-08
49	77	1.11056e-08
69	88	1.11055e-08
68	89	1.11055e-08
97	109	-1.10973e-08
76	125	1.10773e-08
77	124	1.10773e-08
41	138	-1.10557e-08
40	139	-1.10557e-08
51	72	1.09533e-08
50	73	1.09533e-08
4	68	1.09422e-08
121	141	-1.09418e-08
109	119	-1.09338e-08
5	77	1.09042e-08
28	55	1.08825e-08
29	54	1.08825e-08
102	146	1.08689e-08
45	51	1.08223e-08
50	76	1.08103e-08
64	92	1.07962e-08
29	137	1.07597e-08
63	133	1.07543e-08
10	76	1.07525e-08
96	134	1.07023e-08
1	97	1.06929e-08
87	121	-1.06865e-08
17	30	-1.06719e-08
16	31	-1.06719e-08
67	86	-1.06577e-08
66	87	-1.06577e-08
36	130	1.06512e-08
11	121	1.06099e-08
45	121	1.05209e-08
132	138	-1.04996e-08
51	83	1.04659e-08
1	30	-1.04362e-08
0	31	-1.04362e-08
84	104	1.0434e-08
25	37	1.04319e-08
34	109	-1.04245e-08
35	108	-1.04245e-08
66	76	1.04188e-08
65	87	-1.04025e-08
15	138	-1.03888e-08
14	139	-1.03888e-08
27	37	1.03888e-08
131	133	1.02455e-08
13	95	1.02226e-08
107	121	1.0209e-08
41	75	1.01626e-08
87	143	-1.01364e-08
35	91	-1.00975e-08
58	87	-1.00951e-08
59	86	-1.00951e-08
17	99	1.00246e-08
89	97	1.00114e-08
5	50	1.00084e-08
4	51	1.00084e-08
