0	1	2
42	43	2
44	45	2
46	47	2
48	49	2
50	51	2
52	53	2
146	147	2
54	55	2
58	59	2
60	61	2
62	63	2
64	65	2
66	67	2
68	69	2
56	57	2
40	41	2
38	39	2
36	37	2
6	7	2
8	9	2
10	11	2
12	13	2
14	15	2
16	17	2
18	19	2
20	21	2
22	23	2
24	25	2
26	27	2
28	29	2
30	31	2
32	33	2
34	35	2
70	71	2
72	73	2
74	75	2
76	77	2
116	117	2
118	119	2
120	121	2
122	123	2
124	125	2
126	127	2
128	129	2
130	131	2
132	133	2
134	135	2
136	137	2
138	139	2
140	141	2
142	143	2
144	145	2
114	115	2
4	5	2
112	113	2
108	109	2
78	79	2
80	81	2
82	83	2
84	85	2
86	87	2
88	89	2
90	91	2
92	93	2
94	95	2
96	97	2
98	99	2
100	101	2
102	103	2
104	105	2
106	107	2
110	111	2
2	3	2
148	149	2
121	125	1.49894
120	125	0.749469
121	124	0.749469
91	95	0.532342
15	89	0.444451
27	45	0.421875
45	67	0.401727
120	124	0.374735
33	57	0.284047
91	94	0.266171
90	95	0.266171
7	47	0.232685
39	63	0.228764
117	139	0.223062
14	89	0.222226
15	88	0.222226
27	44	0.210938
26	45	0.210938
44	67	0.200864
45	66	0.200864
19	119	0.192801
47	73	0.158749
7	73	0.151203
33	135	0.142981
33	56	0.142024
32	57	0.142024
57	135	0.135993
79	121	0.135933
90	94	0.133085
145	147	0.127758
7	46	0.116342
6	47	0.116342
39	62	0.114382
38	63	0.114382
117	138	0.111531
116	139	0.111531
14	88	0.111113
35	67	0.108254
26	44	0.105469
44	66	0.100432
19	118	0.0964007
18	119	0.0964007
69	71	0.090015
47	72	0.0793743
46	73	0.0793743
77	129	0.0779078
7	72	0.0756013
6	73	0.0756013
33	134	0.0714904
32	135	0.0714904
32	56	0.0710119
57	134	0.0679966
56	135	0.0679966
78	121	0.0679663
79	120	0.0679663
79	125	0.0663404
144	147	0.063879
145	146	0.063879
6	46	0.0581712
38	62	0.0571911
116	138	0.0557656
34	67	0.0541271
35	66	0.0541271
61	97	0.0512555
49	135	0.049539
17	47	0.0494356
18	118	0.0482003
93	95	0.0465947
37	71	0.0460006
68	71	0.0450075
69	70	0.0450075
46	72	0.0396872
77	128	0.0389539
76	129	0.0389539
6	72	0.0378006
7	17	0.036672
32	134	0.0357452
91	93	0.0356206
56	134	0.0339983
78	120	0.0339831
78	125	0.0331702
79	124	0.0331702
144	146	0.0319395
35	45	0.02845
34	66	0.0270636
33	49	0.0264071
60	97	0.0256277
61	96	0.0256277
48	135	0.0247695
49	134	0.0247695
16	47	0.0247178
17	46	0.0247178
93	94	0.0232973
92	95	0.0232973
27	67	0.023041
37	70	0.0230003
36	71	0.0230003
68	70	0.0225037
39	131	0.0224895
91	113	-0.0211819
76	128	0.019477
6	17	0.018336
7	16	0.018336
91	92	0.0178103
90	93	0.0178103
5	135	0.0170924
78	124	0.0165851
21	53	0.0160544
39	129	0.0149037
35	44	0.014225
34	45	0.014225
33	48	0.0132035
32	49	0.0132035
7	43	0.0130788
60	96	0.0128139
43	73	0.0125473
48	134	0.0123847
16	46	0.0123589
92	94	0.0116487
27	66	0.0115205
26	67	0.0115205
36	70	0.0115002
39	130	0.0112448
38	131	0.0112448
49	57	0.0108122
91	112	-0.010591
90	113	-0.010591
7	69	0.00972976
6	16	0.00916801
1	57	0.00912744
90	92	0.00890515
4	135	0.00854621
5	134	0.00854621
93	113	-0.00830292
21	52	0.0080272
20	53	0.0080272
3	135	0.00801154
29	145	0.00786146
38	129	0.00745187
39	128	0.00745187
34	44	0.0071125
39	145	0.00672181
61	119	0.00664937
32	48	0.00660176
6	43	0.00653941
7	42	0.00653941
49	85	0.00637752
42	73	0.00627363
43	72	0.00627363
26	66	0.00576026
38	130	0.00562238
49	56	0.0054061
48	57	0.0054061
90	112	-0.00529548
6	69	0.00486488
7	68	0.00486488
29	147	0.00486311
97	119	0.00457743
1	56	0.00456372
0	57	0.00456372
27	35	0.00456167
1	33	0.00432608
4	134	0.0042731
92	113	-0.00415146
93	112	-0.00415146
39	77	0.00405333
20	52	0.0040136
95	113	-0.00400667
2	135	0.00400577
3	134	0.00400577
1	63	0.00397618
28	145	0.00393073
29	144	0.00393073
131	145	0.00385658
63	131	0.00376066
38	128	0.00372594
129	147	0.003444
129	131	0.0033835
39	144	0.0033609
38	145	0.0033609
61	118	0.00332468
60	119	0.00332468
6	42	0.0032697
48	85	0.00318876
49	84	0.00318876
17	73	0.0031677
42	72	0.00313682
19	97	0.00311332
48	56	0.00270305
17	69	0.00254931
19	61	0.0025075
6	68	0.00243244
29	146	0.00243156
28	147	0.00243156
63	129	0.00232363
97	118	0.00228872
96	119	0.00228872
13	73	0.00228552
0	56	0.00228186
27	34	0.00228083
26	35	0.00228083
135	149	0.00222917
1	32	0.00216304
0	33	0.00216304
92	112	-0.00207573
39	76	0.00202667
38	77	0.00202667
94	113	-0.00200333
95	112	-0.00200333
2	134	0.00200288
1	62	0.00198809
0	63	0.00198809
28	144	0.00196537
85	135	0.0019421
131	144	0.00192829
130	145	0.00192829
63	130	0.00188033
62	131	0.00188033
3	49	0.00180162
128	147	0.001722
129	146	0.001722
115	143	0.00169559
128	131	0.00169175
129	130	0.00169175
38	144	0.00168045
60	118	0.00166234
131	147	0.00164526
1	135	0.00164012
48	84	0.00159438
17	72	0.00158385
16	73	0.00158385
19	96	0.00155666
18	97	0.00155666
7	117	0.00146802
17	68	0.00127465
16	69	0.00127465
19	60	0.00125375
18	61	0.00125375
11	95	-0.00123364
28	146	0.00121578
63	128	0.00116182
62	129	0.00116182
97	127	0.00114887
96	118	0.00114436
13	72	0.00114276
12	73	0.00114276
26	34	0.00114042
134	149	0.00111459
135	148	0.00111459
35	101	0.00111291
33	85	0.00108265
0	32	0.00108152
11	93	-0.00107596
39	147	0.00102235
3	57	0.00101889
38	76	0.00101333
73	117	0.00101027
94	112	-0.00100167
0	62	0.000994045
7	13	0.000983114
85	134	0.00097105
84	135	0.00097105
77	131	0.000964437
130	144	0.000964145
62	130	0.000940166
129	145	0.000907672
3	48	0.000900808
2	49	0.000900808
3	5	0.000897759
37	69	0.000880534
43	69	0.000865856
128	146	0.000861001
115	142	0.000847796
114	143	0.000847796
128	130	0.000845874
131	146	0.000822629
130	147	0.000822629
1	134	0.000820059
0	135	0.000820059
16	72	0.000791925
18	96	0.000778331
15	41	0.000759549
47	117	0.000738294
6	117	0.000734009
7	116	0.000734009
11	113	0.000673156
63	77	0.000656904
69	105	0.000643694
16	68	0.000637327
18	60	0.000626876
1	49	0.000619421
10	95	-0.00061682
11	94	-0.00061682
62	128	0.000580908
97	126	0.000574434
96	127	0.000574434
12	72	0.00057138
134	148	0.000557293
34	101	0.000556457
35	100	0.000556457
19	75	0.000553332
33	84	0.000541323
32	85	0.000541323
11	92	-0.000537982
10	93	-0.000537982
38	147	0.000511177
39	146	0.000511177
2	57	0.000509446
3	56	0.000509446
73	116	0.000505133
72	117	0.000505133
7	12	0.000491557
6	13	0.000491557
84	134	0.000485525
76	131	0.000482218
77	130	0.000482218
49	149	0.000475926
129	144	0.000453836
128	145	0.000453836
2	48	0.000450404
2	5	0.000448879
3	4	0.000448879
37	68	0.000440267
36	69	0.000440267
43	68	0.000432928
42	69	0.000432928
29	77	0.000428116
114	142	0.000423898
130	146	0.000411315
0	134	0.00041003
69	73	0.000409426
43	139	0.000395743
1	39	0.000392504
29	131	0.000386941
15	40	0.000379775
14	41	0.000379775
29	129	0.000371937
47	116	0.000369147
46	117	0.000369147
6	116	0.000367005
57	85	0.000338596
11	112	0.000336578
10	113	0.000336578
47	69	0.000336575
63	145	0.00033622
63	76	0.000328452
62	77	0.000328452
68	105	0.000321847
69	104	0.000321847
41	89	0.000316163
1	48	0.000309711
0	49	0.000309711
10	94	-0.00030841
53	59	0.000298008
7	139	0.000288501
1	131	0.000287849
96	126	0.000287217
34	100	0.000278228
18	75	0.000276666
19	74	0.000276666
21	59	0.000275015
5	49	0.000270894
32	84	0.000270661
10	92	-0.000268991
93	115	-0.000258161
38	146	0.000255589
2	56	0.000254723
72	116	0.000252567
37	123	0.000249607
63	147	0.000249548
6	12	0.000245778
76	130	0.000241109
48	149	0.000237963
49	148	0.000237963
43	71	0.000228124
128	144	0.000226918
11	91	-0.000226304
2	4	0.00022444
36	68	0.000220133
42	68	0.000216464
28	77	0.000214058
29	76	0.000214058
68	73	0.000204713
69	72	0.000204713
11	115	0.000200879
42	139	0.000197871
43	138	0.000197871
0	39	0.000196252
1	38	0.000196252
28	131	0.00019347
29	130	0.00019347
14	40	0.000189887
37	43	0.000187285
29	128	0.000185969
28	129	0.000185969
46	116	0.000184574
43	47	0.000179336
5	149	0.00017734
5	57	0.000170538
57	84	0.000169298
56	85	0.000169298
10	112	0.000168289
47	68	0.000168287
46	69	0.000168287
63	144	0.00016811
62	145	0.00016811
62	76	0.000164226
75	89	-0.000163033
68	104	0.000160924
40	89	0.000158081
41	88	0.000158081
0	48	0.000154855
53	58	0.000149004
52	59	0.000149004
3	149	0.00014561
7	138	0.000144251
6	139	0.000144251
0	131	0.000143925
1	130	0.000143925
18	74	0.000138333
21	58	0.000137508
20	59	0.000137508
4	49	0.000135447
5	48	0.000135447
43	117	0.000131435
92	115	-0.000129081
93	114	-0.000129081
9	129	0.000127191
37	122	0.000124803
36	123	0.000124803
63	146	0.000124774
62	147	0.000124774
5	33	0.000123389
48	148	0.000118982
42	71	0.000114062
43	70	0.000114062
10	91	-0.000113152
11	90	-0.000113152
45	101	0.000110129
3	33	0.000108605
28	76	0.000107029
41	75	-0.000106284
13	43	0.000105396
7	71	0.000104814
68	72	0.000102357
13	47	0.000101931
11	114	0.00010044
10	115	0.00010044
11	105	9.95783e-05
42	138	9.89357e-05
0	38	9.81259e-05
28	130	9.67352e-05
36	43	9.36424e-05
37	42	9.36424e-05
28	128	9.29843e-05
13	17	9.29579e-05
42	47	8.96681e-05
43	46	8.96681e-05
9	147	8.86788e-05
5	148	8.86702e-05
4	149	8.86702e-05
125	129	8.7283e-05
4	57	8.5269e-05
5	56	8.5269e-05
56	84	8.46491e-05
67	101	8.46079e-05
46	68	8.41437e-05
62	144	8.40551e-05
71	73	8.16548e-05
75	88	-8.15164e-05
74	89	-8.15164e-05
115	133	8.01659e-05
40	88	7.90406e-05
52	58	7.45019e-05
13	133	7.31746e-05
3	148	7.28049e-05
2	149	7.28049e-05
6	138	7.21253e-05
27	91	-7.1986e-05
0	130	7.19623e-05
71	123	6.91589e-05
20	58	6.87538e-05
4	48	6.77234e-05
29	39	6.73178e-05
43	116	6.57173e-05
42	117	6.57173e-05
92	114	-6.45403e-05
8	129	6.35954e-05
9	128	6.35954e-05
36	122	6.24017e-05
105	113	6.24013e-05
62	146	6.2387e-05
95	105	-6.17386e-05
4	33	6.16944e-05
5	32	6.16944e-05
3	85	6.15326e-05
42	70	5.70309e-05
10	90	-5.65759e-05
9	63	5.62234e-05
45	100	5.50647e-05
44	101	5.50647e-05
113	133	5.48764e-05
3	32	5.43024e-05
2	33	5.43024e-05
125	131	5.34231e-05
41	74	-5.3142e-05
40	75	-5.3142e-05
13	42	5.2698e-05
12	43	5.2698e-05
6	71	5.24069e-05
7	70	5.24069e-05
27	95	-5.18535e-05
67	95	-5.12945e-05
12	47	5.09654e-05
13	46	5.09654e-05
10	114	5.02198e-05
10	105	4.97892e-05
11	104	4.97892e-05
45	133	4.9765e-05
36	42	4.68212e-05
1	129	4.67963e-05
13	16	4.6479e-05
12	17	4.6479e-05
42	46	4.4834e-05
9	146	4.43394e-05
8	147	4.43394e-05
4	148	4.43351e-05
124	129	4.36415e-05
125	128	4.36415e-05
4	56	4.26345e-05
67	100	4.23039e-05
66	101	4.23039e-05
93	143	-4.1104e-05
71	72	4.08274e-05
70	73	4.08274e-05
74	88	-4.07582e-05
115	132	4.00829e-05
114	133	4.00829e-05
67	133	4.00673e-05
12	133	3.65873e-05
13	132	3.65873e-05
2	148	3.64025e-05
27	90	-3.5993e-05
26	91	-3.5993e-05
13	107	3.5246e-05
71	122	3.45794e-05
70	123	3.45794e-05
57	119	3.45148e-05
29	38	3.36589e-05
28	39	3.36589e-05
42	116	3.28587e-05
27	133	3.25849e-05
63	125	3.18102e-05
8	128	3.17977e-05
104	113	3.12007e-05
105	112	3.12007e-05
94	105	-3.08693e-05
95	104	-3.08693e-05
4	32	3.08472e-05
3	84	3.07663e-05
2	85	3.07663e-05
1	145	3.03748e-05
19	57	3.03723e-05
9	21	3.00928e-05
15	75	-3.00695e-05
17	131	3.00431e-05
73	139	2.86526e-05
17	71	2.81367e-05
9	62	2.81117e-05
8	63	2.81117e-05
44	100	2.75323e-05
112	133	2.74382e-05
113	132	2.74382e-05
33	119	2.71912e-05
2	32	2.71512e-05
13	69	2.71121e-05
125	130	2.67116e-05
124	131	2.67116e-05
89	115	-2.65819e-05
40	74	-2.6571e-05
12	42	2.6349e-05
6	70	2.62035e-05
113	115	2.61056e-05
27	94	-2.59268e-05
26	95	-2.59268e-05
45	95	-2.58933e-05
67	94	-2.56473e-05
66	95	-2.56473e-05
12	46	2.54827e-05
10	104	2.48946e-05
44	133	2.48825e-05
45	132	2.48825e-05
9	145	2.35209e-05
1	128	2.33982e-05
0	129	2.33982e-05
12	16	2.32395e-05
77	125	2.26408e-05
8	146	2.21697e-05
95	125	-2.20156e-05
124	128	2.18207e-05
66	100	2.1152e-05
17	105	2.09878e-05
121	129	2.09056e-05
92	143	-2.0552e-05
93	142	-2.0552e-05
70	72	2.04137e-05
21	121	2.03509e-05
41	109	2.03482e-05
69	123	2.01335e-05
114	132	2.00415e-05
67	132	2.00337e-05
66	133	2.00337e-05
11	69	1.98955e-05
77	145	1.98531e-05
71	105	1.94812e-05
37	73	1.91046e-05
12	132	1.82936e-05
95	115	-1.82527e-05
1	77	1.80547e-05
113	143	1.80272e-05
26	90	-1.79965e-05
9	39	1.78896e-05
13	106	1.7623e-05
12	107	1.7623e-05
73	131	1.73454e-05
63	119	1.73097e-05
70	122	1.72897e-05
56	119	1.72574e-05
57	118	1.72574e-05
47	139	1.7209e-05
28	38	1.68295e-05
77	147	1.64805e-05
26	133	1.62924e-05
27	132	1.62924e-05
63	124	1.59051e-05
62	125	1.59051e-05
104	112	1.56003e-05
21	125	1.54769e-05
94	104	-1.54347e-05
2	84	1.53831e-05
1	144	1.51874e-05
0	145	1.51874e-05
19	56	1.51861e-05
18	57	1.51861e-05
9	20	1.50464e-05
8	21	1.50464e-05
15	74	-1.50347e-05
14	75	-1.50347e-05
17	130	1.50215e-05
16	131	1.50215e-05
72	139	1.43263e-05
73	138	1.43263e-05
17	70	1.40684e-05
16	71	1.40684e-05
8	62	1.40558e-05
9	69	1.39909e-05
59	79	1.38424e-05
112	132	1.37191e-05
33	118	1.35956e-05
32	119	1.35956e-05
13	68	1.3556e-05
12	69	1.3556e-05
124	130	1.33558e-05
88	115	-1.32909e-05
89	114	-1.32909e-05
113	114	1.30528e-05
112	115	1.30528e-05
26	94	-1.29634e-05
45	94	-1.29467e-05
44	95	-1.29467e-05
66	94	-1.28236e-05
11	27	1.27178e-05
44	132	1.24413e-05
57	143	1.24122e-05
27	31	1.22551e-05
33	149	1.20652e-05
85	149	1.20136e-05
75	119	1.20052e-05
27	113	1.18554e-05
8	145	1.17604e-05
9	144	1.17604e-05
83	123	1.17106e-05
0	128	1.16991e-05
77	124	1.13204e-05
76	125	1.13204e-05
19	33	1.10866e-05
94	125	-1.10078e-05
95	124	-1.10078e-05
33	143	1.0923e-05
77	79	1.08646e-05
55	111	1.06659e-05
103	111	1.05799e-05
17	104	1.04939e-05
16	105	1.04939e-05
121	128	1.04528e-05
120	129	1.04528e-05
121	131	1.03557e-05
92	142	-1.0276e-05
20	121	1.01754e-05
21	120	1.01754e-05
40	109	1.01741e-05
41	108	1.01741e-05
68	123	1.00667e-05
69	122	1.00667e-05
66	132	1.00168e-05
10	69	9.94775e-06
11	68	9.94775e-06
76	145	9.92656e-06
77	144	9.92656e-06
9	131	9.83731e-06
70	105	9.74058e-06
71	104	9.74058e-06
1	119	9.62019e-06
7	105	9.55714e-06
37	72	9.55229e-06
36	73	9.55229e-06
35	133	9.35497e-06
17	43	9.19742e-06
95	114	-9.12635e-06
94	115	-9.12635e-06
135	143	9.10944e-06
79	131	9.0968e-06
13	105	9.05264e-06
1	76	9.02734e-06
0	77	9.02734e-06
113	142	9.0136e-06
112	143	9.0136e-06
27	93	-8.96627e-06
95	121	-8.94618e-06
9	38	8.9448e-06
8	39	8.9448e-06
49	123	8.92216e-06
69	95	-8.90032e-06
39	125	8.85967e-06
12	106	8.81149e-06
33	131	8.78495e-06
55	83	8.69378e-06
72	131	8.67271e-06
73	130	8.67271e-06
63	118	8.65487e-06
62	119	8.65487e-06
56	118	8.62871e-06
46	139	8.60449e-06
47	138	8.60449e-06
89	109	8.44013e-06
63	69	8.39714e-06
5	85	8.24273e-06
77	146	8.24026e-06
76	147	8.24026e-06
26	132	8.14622e-06
1	29	8.08783e-06
13	137	8.01437e-06
62	124	7.95255e-06
21	124	7.73846e-06
20	125	7.73846e-06
9	13	7.72171e-06
0	144	7.59371e-06
18	56	7.59307e-06
8	20	7.5232e-06
14	74	-7.51737e-06
16	130	7.51076e-06
13	131	7.25408e-06
1	147	7.24951e-06
72	138	7.16314e-06
39	119	7.07623e-06
16	70	7.03419e-06
11	45	7.01171e-06
8	69	6.99547e-06
9	68	6.99547e-06
59	78	6.92118e-06
58	79	6.92118e-06
32	118	6.79781e-06
12	68	6.77802e-06
88	114	-6.64547e-06
57	149	6.61296e-06
112	114	6.52641e-06
93	125	-6.47534e-06
44	94	-6.47334e-06
53	73	6.39493e-06
11	26	6.35888e-06
10	27	6.35888e-06
21	123	6.32231e-06
67	93	-6.31951e-06
13	113	6.2975e-06
29	63	6.23132e-06
56	143	6.20612e-06
57	142	6.20612e-06
27	30	6.12756e-06
26	31	6.12756e-06
15	115	-6.12294e-06
47	71	6.07829e-06
32	149	6.0326e-06
33	148	6.0326e-06
84	149	6.0068e-06
85	148	6.0068e-06
74	119	6.00262e-06
75	118	6.00262e-06
27	112	5.92768e-06
26	113	5.92768e-06
8	144	5.88021e-06
82	123	5.8553e-06
83	122	5.8553e-06
76	124	5.66019e-06
85	111	5.56705e-06
19	32	5.54332e-06
18	33	5.54332e-06
94	124	-5.5039e-06
32	143	5.46149e-06
33	142	5.46149e-06
76	79	5.43229e-06
77	78	5.43229e-06
11	121	5.40345e-06
61	127	5.38675e-06
54	111	5.33295e-06
55	110	5.33295e-06
7	37	5.3224e-06
102	111	5.28997e-06
103	110	5.28997e-06
69	117	5.26621e-06
16	104	5.24696e-06
120	128	5.22641e-06
121	130	5.17783e-06
120	131	5.17783e-06
33	115	5.11385e-06
20	120	5.08772e-06
40	108	5.08704e-06
68	122	5.03336e-06
10	68	4.97388e-06
76	144	4.96328e-06
8	131	4.91865e-06
9	130	4.91865e-06
57	63	4.90667e-06
70	104	4.87029e-06
91	105	-4.82608e-06
1	118	4.81009e-06
0	119	4.81009e-06
1	5	4.78941e-06
6	105	4.77857e-06
7	104	4.77857e-06
36	72	4.77614e-06
11	143	4.73368e-06
35	132	4.67748e-06
34	133	4.67748e-06
17	42	4.59871e-06
16	43	4.59871e-06
71	95	-4.59134e-06
94	114	-4.56318e-06
135	142	4.55472e-06
134	143	4.55472e-06
79	130	4.5484e-06
78	131	4.5484e-06
59	71	4.54778e-06
12	105	4.52632e-06
13	104	4.52632e-06
0	76	4.51367e-06
53	123	4.50741e-06
112	142	4.5068e-06
35	71	4.49434e-06
26	93	-4.48313e-06
27	92	-4.48313e-06
95	120	-4.47309e-06
94	121	-4.47309e-06
8	38	4.4724e-06
11	71	4.46519e-06
49	122	4.46108e-06
48	123	4.46108e-06
68	95	-4.45016e-06
69	94	-4.45016e-06
38	125	4.42984e-06
39	124	4.42984e-06
43	107	4.39327e-06
33	130	4.39247e-06
32	131	4.39247e-06
13	117	4.37968e-06
54	83	4.34689e-06
55	82	4.34689e-06
7	111	4.34057e-06
72	130	4.33636e-06
79	129	4.33544e-06
62	118	4.32744e-06
46	138	4.30225e-06
37	59	4.27504e-06
35	95	-4.27404e-06
88	109	4.22007e-06
89	108	4.22007e-06
9	53	4.21263e-06
135	145	4.20595e-06
62	69	4.19857e-06
63	68	4.19857e-06
53	63	4.12638e-06
4	85	4.12137e-06
5	84	4.12137e-06
76	146	4.12013e-06
117	123	4.0614e-06
0	29	4.04392e-06
1	28	4.04392e-06
13	136	4.00719e-06
12	137	4.00719e-06
21	71	3.98687e-06
45	91	-3.96308e-06
33	63	3.87736e-06
20	124	3.86923e-06
8	13	3.86086e-06
9	12	3.86086e-06
63	121	3.81205e-06
49	145	3.79597e-06
87	93	-3.77306e-06
123	139	3.62944e-06
53	131	3.62794e-06
12	131	3.62704e-06
13	130	3.62704e-06
1	146	3.62475e-06
0	147	3.62475e-06
111	117	3.58913e-06
37	139	3.56876e-06
38	119	3.53812e-06
39	118	3.53812e-06
1	143	3.52119e-06
43	123	3.51982e-06
10	45	3.50585e-06
11	44	3.50585e-06
67	71	3.50437e-06
8	68	3.49774e-06
11	125	3.48771e-06
25	47	3.4845e-06
58	78	3.46059e-06
57	131	3.39849e-06
56	149	3.30648e-06
57	148	3.30648e-06
53	71	3.30108e-06
133	143	3.29985e-06
45	71	3.27844e-06
77	121	3.27025e-06
92	125	-3.23767e-06
93	124	-3.23767e-06
13	27	3.23576e-06
52	73	3.19747e-06
53	72	3.19747e-06
10	26	3.17944e-06
20	123	3.16116e-06
21	122	3.16116e-06
66	93	-3.15975e-06
67	92	-3.15975e-06
13	112	3.14875e-06
12	113	3.14875e-06
27	105	3.14576e-06
29	62	3.11566e-06
28	63	3.11566e-06
56	142	3.10306e-06
1	53	3.08586e-06
26	30	3.06378e-06
14	115	-3.06147e-06
15	114	-3.06147e-06
46	71	3.03914e-06
47	70	3.03914e-06
32	148	3.0163e-06
84	148	3.0034e-06
74	118	3.00131e-06
13	21	3.00027e-06
53	79	2.99122e-06
91	115	-2.97889e-06
26	112	2.96384e-06
13	71	2.93952e-06
82	122	2.92765e-06
11	67	2.85925e-06
9	77	2.80489e-06
84	111	2.78352e-06
85	110	2.78352e-06
18	32	2.77166e-06
32	142	2.73074e-06
27	101	2.72869e-06
76	78	2.71614e-06
11	120	2.70172e-06
10	121	2.70172e-06
107	137	2.6999e-06
60	127	2.69337e-06
61	126	2.69337e-06
54	110	2.66648e-06
45	93	-2.66527e-06
6	37	2.6612e-06
7	36	2.6612e-06
102	110	2.64499e-06
68	117	2.6331e-06
69	116	2.6331e-06
27	71	2.6252e-06
37	117	2.61766e-06
1	19	2.6148e-06
1	3	2.61342e-06
120	130	2.58892e-06
33	114	2.55692e-06
32	115	2.55692e-06
119	143	2.55317e-06
13	139	2.49515e-06
57	97	2.47504e-06
8	130	2.45933e-06
67	91	-2.45878e-06
57	62	2.45333e-06
56	63	2.45333e-06
93	133	-2.43196e-06
90	105	-2.41304e-06
91	104	-2.41304e-06
43	53	2.40547e-06
11	133	2.40516e-06
0	118	2.40505e-06
0	5	2.39471e-06
1	4	2.39471e-06
6	104	2.38928e-06
63	143	2.37026e-06
10	143	2.36684e-06
11	142	2.36684e-06
34	132	2.33874e-06
17	25	2.33522e-06
16	42	2.29935e-06
71	94	-2.29567e-06
70	95	-2.29567e-06
49	143	2.29394e-06
134	142	2.27736e-06
78	130	2.2742e-06
59	70	2.27389e-06
58	71	2.27389e-06
49	63	2.2658e-06
12	104	2.26316e-06
52	123	2.2537e-06
53	122	2.2537e-06
35	70	2.24717e-06
34	71	2.24717e-06
26	92	-2.24157e-06
69	111	2.23659e-06
94	120	-2.23654e-06
10	71	2.2326e-06
11	70	2.2326e-06
48	122	2.23054e-06
71	117	2.22789e-06
68	94	-2.22508e-06
39	143	2.21551e-06
38	124	2.21492e-06
43	106	2.19664e-06
42	107	2.19664e-06
32	130	2.19624e-06
12	117	2.18984e-06
13	116	2.18984e-06
39	121	2.17795e-06
54	82	2.17345e-06
129	143	2.17101e-06
7	110	2.17029e-06
6	111	2.17029e-06
78	129	2.16772e-06
79	128	2.16772e-06
37	58	2.13752e-06
36	59	2.13752e-06
34	95	-2.13702e-06
35	94	-2.13702e-06
88	108	2.11003e-06
9	52	2.10631e-06
8	53	2.10631e-06
134	145	2.10297e-06
135	144	2.10297e-06
62	68	2.09928e-06
53	62	2.06319e-06
52	63	2.06319e-06
4	84	2.06068e-06
99	137	2.03529e-06
116	123	2.0307e-06
117	122	2.0307e-06
0	28	2.02196e-06
15	95	2.01863e-06
12	136	2.00359e-06
20	71	1.99343e-06
21	70	1.99343e-06
44	91	-1.98154e-06
45	90	-1.98154e-06
39	57	1.96071e-06
15	109	1.93931e-06
33	62	1.93868e-06
32	63	1.93868e-06
71	131	1.93678e-06
69	103	1.93261e-06
8	12	1.93043e-06
63	79	1.92022e-06
33	61	1.9079e-06
63	120	1.90603e-06
62	121	1.90603e-06
49	144	1.89799e-06
48	145	1.89799e-06
1	85	1.89719e-06
86	93	-1.88653e-06
87	92	-1.88653e-06
21	133	1.84403e-06
103	105	1.82452e-06
123	138	1.81472e-06
122	139	1.81472e-06
52	131	1.81397e-06
53	130	1.81397e-06
12	130	1.81352e-06
0	146	1.81238e-06
39	79	1.80362e-06
110	117	1.79456e-06
111	116	1.79456e-06
36	139	1.78438e-06
37	138	1.78438e-06
38	118	1.76906e-06
1	142	1.7606e-06
0	143	1.7606e-06
42	123	1.75991e-06
43	122	1.75991e-06
10	44	1.75293e-06
67	70	1.75218e-06
66	71	1.75218e-06
11	124	1.74385e-06
10	125	1.74385e-06
24	47	1.74225e-06
25	46	1.74225e-06
31	45	1.73961e-06
19	63	1.70811e-06
1	115	1.70156e-06
57	130	1.69925e-06
56	131	1.69925e-06
19	39	1.69509e-06
1	125	1.69387e-06
53	121	1.66788e-06
13	37	1.66317e-06
56	148	1.65324e-06
52	71	1.65054e-06
53	70	1.65054e-06
132	143	1.64993e-06
133	142	1.64993e-06
44	71	1.63922e-06
45	70	1.63922e-06
77	120	1.63512e-06
76	121	1.63512e-06
49	115	1.63386e-06
92	124	-1.61884e-06
13	26	1.61788e-06
12	27	1.61788e-06
115	119	1.60914e-06
113	129	1.60521e-06
52	72	1.59873e-06
20	122	1.58058e-06
66	92	-1.57988e-06
12	112	1.57438e-06
26	105	1.57288e-06
27	104	1.57288e-06
69	139	1.55866e-06
28	62	1.55783e-06
1	52	1.54293e-06
0	53	1.54293e-06
14	114	-1.53073e-06
93	105	-1.52401e-06
46	70	1.51957e-06
12	21	1.50014e-06
13	20	1.50014e-06
52	79	1.49561e-06
53	78	1.49561e-06
91	114	-1.48945e-06
90	115	-1.48945e-06
12	71	1.46976e-06
13	70	1.46976e-06
10	67	1.42962e-06
11	66	1.42962e-06
95	129	-1.4174e-06
9	76	1.40245e-06
8	77	1.40245e-06
93	121	-1.40068e-06
69	91	-1.39509e-06
31	113	1.39437e-06
84	110	1.39176e-06
21	115	1.37564e-06
91	129	-1.37145e-06
27	100	1.36435e-06
26	101	1.36435e-06
10	120	1.35086e-06
106	137	1.34995e-06
107	136	1.34995e-06
60	126	1.34669e-06
21	129	1.33732e-06
45	92	-1.33264e-06
44	93	-1.33264e-06
6	36	1.3306e-06
59	121	1.32513e-06
123	135	1.32406e-06
21	69	1.31937e-06
68	116	1.31655e-06
26	71	1.3126e-06
27	70	1.3126e-06
36	117	1.30883e-06
37	116	1.30883e-06
0	19	1.3074e-06
1	18	1.3074e-06
1	2	1.30671e-06
0	3	1.30671e-06
59	123	1.30139e-06
103	133	1.29394e-06
21	79	1.28833e-06
69	113	1.28064e-06
32	114	1.27846e-06
118	143	1.27659e-06
119	142	1.27659e-06
45	113	1.25678e-06
12	139	1.24757e-06
13	138	1.24757e-06
57	96	1.23752e-06
56	97	1.23752e-06
11	35	1.23005e-06
66	91	-1.22939e-06
67	90	-1.22939e-06
69	131	1.22715e-06
56	62	1.22667e-06
92	133	-1.21598e-06
93	132	-1.21598e-06
90	104	-1.20652e-06
53	125	1.20328e-06
42	53	1.20273e-06
43	52	1.20273e-06
11	132	1.20258e-06
10	133	1.20258e-06
11	17	1.20247e-06
0	4	1.19735e-06
63	142	1.18513e-06
62	143	1.18513e-06
15	93	1.18388e-06
10	142	1.18342e-06
57	61	1.16981e-06
17	24	1.16761e-06
16	25	1.16761e-06
119	129	1.16721e-06
131	135	1.15686e-06
39	53	1.15475e-06
47	131	1.15171e-06
70	94	-1.14783e-06
48	143	1.14697e-06
49	142	1.14697e-06
58	70	1.13694e-06
49	62	1.1329e-06
48	63	1.1329e-06
13	91	-1.13198e-06
52	122	1.12685e-06
34	70	1.12359e-06
68	111	1.11829e-06
69	110	1.11829e-06
10	70	1.1163e-06
70	117	1.11395e-06
71	116	1.11395e-06
39	142	1.10775e-06
38	143	1.10775e-06
42	106	1.09832e-06
12	116	1.09492e-06
39	120	1.08898e-06
38	121	1.08898e-06
129	142	1.0855e-06
128	143	1.0855e-06
6	110	1.08514e-06
78	128	1.08386e-06
36	58	1.06876e-06
34	94	-1.06851e-06
85	97	1.06549e-06
33	123	1.0535e-06
8	52	1.05316e-06
134	144	1.05149e-06
52	62	1.0316e-06
85	133	1.03091e-06
21	131	1.01908e-06
98	137	1.01764e-06
99	136	1.01764e-06
116	122	1.01535e-06
33	97	1.01097e-06
15	94	1.00932e-06
14	95	1.00932e-06
20	70	9.96717e-07
41	125	-9.96615e-07
44	90	-9.9077e-07
143	145	9.83702e-07
39	56	9.80354e-07
38	57	9.80354e-07
15	108	9.69657e-07
14	109	9.69657e-07
32	62	9.69339e-07
70	131	9.68392e-07
71	130	9.68392e-07
13	53	9.68311e-07
69	102	9.66307e-07
68	103	9.66307e-07
57	123	9.60195e-07
63	78	9.60111e-07
62	79	9.60111e-07
37	53	9.55348e-07
33	60	9.53948e-07
32	61	9.53948e-07
62	120	9.53013e-07
48	144	9.48993e-07
0	85	9.48594e-07
1	84	9.48594e-07
86	92	-9.43264e-07
19	143	9.31747e-07
33	71	9.31194e-07
53	115	9.22305e-07
21	132	9.22014e-07
20	133	9.22014e-07
103	104	9.12262e-07
102	105	9.12262e-07
67	115	9.11025e-07
122	138	9.07359e-07
52	130	9.06985e-07
39	78	9.01808e-07
38	79	9.01808e-07
110	116	8.97282e-07
45	105	8.93646e-07
36	138	8.92191e-07
27	69	8.81897e-07
0	142	8.80298e-07
42	122	8.79954e-07
7	131	8.7903e-07
67	113	8.78564e-07
66	70	8.76092e-07
131	143	8.75067e-07
10	124	8.71927e-07
24	46	8.71124e-07
31	44	8.69804e-07
30	45	8.69804e-07
57	145	8.5672e-07
18	63	8.54054e-07
19	62	8.54054e-07
0	115	8.5078e-07
1	114	8.5078e-07
21	147	8.50464e-07
56	130	8.49623e-07
19	38	8.47545e-07
18	39	8.47545e-07
1	124	8.46937e-07
0	125	8.46937e-07
49	113	8.42238e-07
63	115	8.38985e-07
53	120	8.33938e-07
52	121	8.33938e-07
13	36	8.31585e-07
12	37	8.31585e-07
52	70	8.25271e-07
132	142	8.24963e-07
44	70	8.1961e-07
76	120	8.17562e-07
49	114	8.16932e-07
48	115	8.16932e-07
97	115	8.10998e-07
12	26	8.08941e-07
115	118	8.04569e-07
114	119	8.04569e-07
113	128	8.02607e-07
112	129	8.02607e-07
49	111	7.99174e-07
26	104	7.8644e-07
17	125	7.84665e-07
68	139	7.7933e-07
69	138	7.7933e-07
19	135	7.77335e-07
0	52	7.71464e-07
92	105	-7.62004e-07
93	104	-7.62004e-07
1	21	7.60526e-07
57	115	7.60504e-07
115	125	7.6045e-07
91	125	-7.51685e-07
12	20	7.50068e-07
52	78	7.47806e-07
90	114	-7.44723e-07
5	123	7.39421e-07
12	70	7.3488e-07
33	37	7.15157e-07
10	66	7.14812e-07
95	128	-7.08699e-07
94	129	-7.08699e-07
8	76	7.01223e-07
92	121	-7.00342e-07
93	120	-7.00342e-07
1	123	6.98188e-07
69	90	-6.97546e-07
68	91	-6.97546e-07
30	113	6.97187e-07
31	112	6.97187e-07
20	115	6.87821e-07
21	114	6.87821e-07
90	129	-6.85724e-07
91	128	-6.85724e-07
26	100	6.82173e-07
63	71	6.76393e-07
106	136	6.74974e-07
20	129	6.68662e-07
21	128	6.68662e-07
44	92	-6.66318e-07
59	120	6.62564e-07
58	121	6.62564e-07
123	134	6.6203e-07
122	135	6.6203e-07
63	113	6.60724e-07
9	29	6.60526e-07
21	68	6.59685e-07
20	69	6.59685e-07
26	70	6.563e-07
49	131	6.56132e-07
17	63	6.5457e-07
36	116	6.54415e-07
0	18	6.537e-07
0	2	6.53355e-07
17	95	-6.53011e-07
59	122	6.50696e-07
58	123	6.50696e-07
102	133	6.4697e-07
103	132	6.4697e-07
21	78	6.44164e-07
20	79	6.44164e-07
68	113	6.40321e-07
69	112	6.40321e-07
118	142	6.38294e-07
95	133	-6.37777e-07
95	143	-6.32417e-07
91	133	-6.30983e-07
45	112	6.28392e-07
44	113	6.28392e-07
12	138	6.23787e-07
56	96	6.1876e-07
17	113	6.16585e-07
10	35	6.15026e-07
11	34	6.15026e-07
66	90	-6.14695e-07
68	131	6.13577e-07
69	130	6.13577e-07
92	132	-6.07989e-07
17	49	6.05147e-07
53	124	6.0164e-07
52	125	6.0164e-07
42	52	6.01367e-07
10	132	6.0129e-07
11	16	6.01233e-07
10	17	6.01233e-07
62	142	5.92566e-07
113	125	5.92384e-07
15	92	5.9194e-07
14	93	5.9194e-07
57	60	5.84905e-07
56	61	5.84905e-07
16	24	5.83805e-07
119	128	5.83603e-07
118	129	5.83603e-07
21	63	5.82223e-07
131	134	5.78432e-07
130	135	5.78432e-07
115	135	5.77898e-07
39	52	5.77376e-07
38	53	5.77376e-07
11	79	5.76163e-07
46	131	5.75857e-07
47	130	5.75857e-07
48	142	5.73484e-07
49	69	5.72624e-07
63	135	5.71362e-07
48	62	5.6645e-07
13	90	-5.65992e-07
12	91	-5.65992e-07
68	110	5.59147e-07
21	73	5.57337e-07
70	116	5.56973e-07
38	142	5.53877e-07
38	120	5.44488e-07
1	97	5.44087e-07
73	123	5.43225e-07
128	142	5.42752e-07
59	125	5.34785e-07
85	96	5.32746e-07
84	97	5.32746e-07
13	99	5.29071e-07
73	107	5.27882e-07
32	123	5.26751e-07
33	122	5.26751e-07
3	123	5.20784e-07
9	37	5.17248e-07
84	133	5.15454e-07
85	132	5.15454e-07
21	130	5.0954e-07
20	131	5.0954e-07
98	136	5.08822e-07
89	93	5.07101e-07
33	96	5.05484e-07
32	97	5.05484e-07
11	21	5.04763e-07
14	94	5.04659e-07
93	129	-4.99882e-07
41	124	-4.98308e-07
40	125	-4.98308e-07
142	145	4.91851e-07
143	144	4.91851e-07
38	56	4.90177e-07
63	95	-4.86026e-07
47	55	4.85063e-07
14	108	4.84828e-07
70	130	4.84196e-07
13	52	4.84155e-07
12	53	4.84155e-07
68	102	4.83153e-07
57	122	4.80098e-07
56	123	4.80098e-07
62	78	4.80056e-07
36	53	4.77674e-07
37	52	4.77674e-07
32	60	4.76974e-07
105	115	4.76482e-07
0	84	4.74297e-07
53	69	4.70503e-07
19	142	4.65874e-07
18	143	4.65874e-07
32	71	4.65597e-07
33	70	4.65597e-07
47	111	4.65471e-07
52	115	4.61153e-07
53	114	4.61153e-07
20	132	4.61007e-07
102	104	4.56131e-07
67	114	4.55513e-07
66	115	4.55513e-07
113	121	4.54409e-07
7	123	4.52143e-07
87	113	4.51943e-07
38	78	4.50904e-07
1	121	4.50075e-07
17	117	4.47651e-07
45	104	4.46823e-07
44	105	4.46823e-07
75	97	4.44228e-07
27	68	4.40948e-07
26	69	4.40948e-07
6	131	4.39515e-07
7	130	4.39515e-07
67	112	4.39282e-07
66	113	4.39282e-07
131	142	4.37533e-07
130	143	4.37533e-07
30	44	4.34902e-07
111	139	4.32993e-07
57	144	4.2836e-07
56	145	4.2836e-07
18	62	4.27027e-07
0	114	4.2539e-07
20	147	4.25232e-07
21	146	4.25232e-07
9	133	4.24855e-07
21	33	4.24819e-07
18	38	4.23772e-07
0	124	4.23469e-07
75	115	4.22551e-07
49	112	4.21119e-07
48	113	4.21119e-07
63	114	4.19492e-07
62	115	4.19492e-07
52	120	4.16969e-07
33	39	4.16098e-07
12	36	4.15793e-07
55	123	4.14984e-07
9	71	4.11472e-07
48	114	4.08466e-07
97	114	4.05499e-07
96	115	4.05499e-07
114	118	4.02284e-07
112	128	4.01303e-07
49	147	4.00894e-07
49	110	3.99587e-07
48	111	3.99587e-07
16	125	3.92332e-07
17	124	3.92332e-07
13	45	3.90238e-07
68	138	3.89665e-07
19	134	3.88668e-07
18	135	3.88668e-07
47	105	3.85751e-07
133	141	3.82532e-07
55	117	3.81221e-07
92	104	-3.81002e-07
1	20	3.80263e-07
0	21	3.80263e-07
56	115	3.80252e-07
57	114	3.80252e-07
114	125	3.80225e-07
115	124	3.80225e-07
33	145	3.79302e-07
90	125	-3.75843e-07
91	124	-3.75843e-07
5	122	3.69711e-07
4	123	3.69711e-07
53	77	3.66221e-07
115	131	3.63201e-07
7	55	3.61637e-07
32	37	3.57579e-07
33	36	3.57579e-07
115	121	3.56248e-07
11	49	3.54803e-07
94	128	-3.5435e-07
105	133	3.53238e-07
92	120	-3.50171e-07
0	123	3.49094e-07
1	122	3.49094e-07
68	90	-3.48773e-07
30	112	3.48593e-07
67	105	3.48275e-07
87	133	3.48079e-07
45	115	3.47736e-07
17	121	3.45147e-07
20	114	3.4391e-07
90	128	-3.42862e-07
63	70	3.38197e-07
62	71	3.38197e-07
20	128	3.34331e-07
58	120	3.31282e-07
122	134	3.31015e-07
63	112	3.30362e-07
62	113	3.30362e-07
9	28	3.30263e-07
8	29	3.30263e-07
20	68	3.29842e-07
49	130	3.28066e-07
48	131	3.28066e-07
17	62	3.27285e-07
16	63	3.27285e-07
16	95	-3.26506e-07
17	94	-3.26506e-07
58	122	3.25348e-07
102	132	3.23485e-07
20	78	3.22082e-07
143	147	3.20772e-07
68	112	3.2016e-07
94	133	-3.18888e-07
95	132	-3.18888e-07
95	142	-3.16208e-07
94	143	-3.16208e-07
91	132	-3.15492e-07
90	133	-3.15492e-07
53	117	3.14295e-07
44	112	3.14196e-07
13	95	-3.0955e-07
16	113	3.08292e-07
17	112	3.08292e-07
10	34	3.07513e-07
68	130	3.06788e-07
71	139	3.02622e-07
17	48	3.02574e-07
16	49	3.02574e-07
17	91	-3.01335e-07
52	124	3.0082e-07
10	16	3.00617e-07
9	99	2.97633e-07
9	91	-2.97069e-07
112	125	2.96192e-07
113	124	2.96192e-07
14	92	2.9597e-07
56	60	2.92453e-07
118	128	2.91801e-07
21	62	2.91111e-07
20	63	2.91111e-07
130	134	2.89216e-07
115	134	2.88949e-07
114	135	2.88949e-07
38	52	2.88688e-07
97	135	2.88519e-07
10	79	2.88082e-07
11	78	2.88082e-07
46	130	2.87929e-07
48	69	2.86312e-07
49	68	2.86312e-07
53	147	2.8574e-07
63	134	2.85681e-07
62	135	2.85681e-07
21	107	2.83695e-07
12	90	-2.82996e-07
7	63	2.78771e-07
21	72	2.78669e-07
20	73	2.78669e-07
7	9	2.76762e-07
19	85	2.75948e-07
105	125	2.72836e-07
0	97	2.72044e-07
1	96	2.72044e-07
37	47	2.71682e-07
72	123	2.71612e-07
73	122	2.71612e-07
91	121	-2.70824e-07
19	115	2.69819e-07
59	124	2.67393e-07
58	125	2.67393e-07
84	96	2.66373e-07
12	99	2.64536e-07
13	98	2.64536e-07
72	107	2.63941e-07
73	106	2.63941e-07
32	122	2.63376e-07
125	143	2.62555e-07
3	122	2.60392e-07
2	123	2.60392e-07
9	36	2.58624e-07
8	37	2.58624e-07
84	132	2.57727e-07
20	130	2.5477e-07
88	93	2.5355e-07
89	92	2.5355e-07
39	135	2.53076e-07
32	96	2.52742e-07
11	20	2.52381e-07
10	21	2.52381e-07
121	143	2.51702e-07
49	61	2.51313e-07
93	128	-2.49941e-07
92	129	-2.49941e-07
40	124	-2.49154e-07
39	75	2.46618e-07
142	144	2.45925e-07
62	95	-2.43013e-07
63	94	-2.43013e-07
9	73	2.4289e-07
47	54	2.42532e-07
46	55	2.42532e-07
12	52	2.42078e-07
27	115	2.40898e-07
56	122	2.40049e-07
36	52	2.38837e-07
104	115	2.38241e-07
105	114	2.38241e-07
89	95	2.37996e-07
52	69	2.35252e-07
53	68	2.35252e-07
18	142	2.32937e-07
32	70	2.32798e-07
46	111	2.32736e-07
47	110	2.32736e-07
52	114	2.30576e-07
95	131	-2.30566e-07
49	71	2.27799e-07
66	114	2.27756e-07
61	85	2.27473e-07
113	120	2.27205e-07
112	121	2.27205e-07
35	93	-2.27172e-07
97	143	2.26989e-07
7	122	2.26072e-07
6	123	2.26072e-07
87	112	2.25971e-07
86	113	2.25971e-07
0	121	2.25038e-07
1	120	2.25038e-07
1	71	2.24899e-07
16	117	2.23826e-07
17	116	2.23826e-07
44	104	2.23412e-07
69	125	2.23185e-07
85	115	2.23184e-07
74	97	2.22114e-07
75	96	2.22114e-07
26	68	2.20474e-07
6	130	2.19757e-07
66	112	2.19641e-07
130	142	2.18767e-07
110	139	2.16497e-07
111	138	2.16497e-07
119	131	2.15729e-07
61	135	2.14918e-07
56	144	2.1418e-07
20	146	2.12616e-07
8	133	2.12428e-07
9	132	2.12428e-07
20	33	2.1241e-07
21	32	2.1241e-07
1	79	2.11938e-07
75	114	2.11276e-07
74	115	2.11276e-07
48	112	2.1056e-07
9	113	2.10444e-07
39	69	2.10379e-07
62	114	2.09746e-07
33	38	2.08049e-07
32	39	2.08049e-07
54	123	2.07492e-07
55	122	2.07492e-07
9	70	2.05736e-07
8	71	2.05736e-07
96	114	2.02749e-07
49	119	2.02511e-07
73	111	2.0069e-07
48	147	2.00447e-07
49	146	2.00447e-07
48	110	1.99794e-07
95	119	-1.99102e-07
53	133	1.98737e-07
9	115	1.9723e-07
16	124	1.96166e-07
12	45	1.95119e-07
13	44	1.95119e-07
18	134	1.94334e-07
85	145	1.93858e-07
13	49	1.9343e-07
46	105	1.92876e-07
47	104	1.92876e-07
133	140	1.91266e-07
132	141	1.91266e-07
55	116	1.90611e-07
54	117	1.90611e-07
0	20	1.90131e-07
56	114	1.90126e-07
114	124	1.90113e-07
99	107	1.90011e-07
32	145	1.89651e-07
33	144	1.89651e-07
90	124	-1.87921e-07
47	63	1.87919e-07
79	95	-1.8509e-07
89	119	-1.85005e-07
4	122	1.84855e-07
52	77	1.83111e-07
53	76	1.83111e-07
71	125	1.82092e-07
114	131	1.816e-07
115	130	1.816e-07
7	54	1.80819e-07
6	55	1.80819e-07
32	36	1.78789e-07
115	120	1.78124e-07
114	121	1.78124e-07
10	49	1.77401e-07
11	48	1.77401e-07
104	133	1.76619e-07
105	132	1.76619e-07
21	43	1.7656e-07
0	122	1.74547e-07
63	75	1.74139e-07
66	105	1.74138e-07
67	104	1.74138e-07
86	133	1.74039e-07
87	132	1.74039e-07
44	115	1.73868e-07
45	114	1.73868e-07
17	27	1.73118e-07
16	121	1.72573e-07
17	120	1.72573e-07
62	70	1.69098e-07
62	112	1.65181e-07
8	28	1.65131e-07
48	130	1.64033e-07
85	119	1.64011e-07
16	62	1.63643e-07
16	94	-1.63253e-07
71	111	1.63036e-07
7	27	1.62601e-07
1	113	1.62139e-07
143	146	1.60386e-07
142	147	1.60386e-07
94	132	-1.59444e-07
94	142	-1.58104e-07
90	132	-1.57746e-07
53	116	1.57147e-07
52	117	1.57147e-07
17	37	1.57103e-07
59	69	1.56755e-07
39	115	1.55748e-07
12	95	-1.54775e-07
13	94	-1.54775e-07
7	113	1.54359e-07
16	112	1.54146e-07
21	37	1.52855e-07
11	13	1.52344e-07
71	138	1.51311e-07
70	139	1.51311e-07
16	48	1.51287e-07
17	90	-1.50667e-07
16	91	-1.50667e-07
63	91	-1.50132e-07
11	87	1.49753e-07
8	99	1.48817e-07
9	98	1.48817e-07
8	91	-1.48535e-07
9	90	-1.48535e-07
112	124	1.48096e-07
49	87	1.47909e-07
1	9	1.46692e-07
61	145	1.4604e-07
20	62	1.45556e-07
114	134	1.44474e-07
97	134	1.4426e-07
96	135	1.4426e-07
10	78	1.44041e-07
48	68	1.43156e-07
52	147	1.4287e-07
53	146	1.4287e-07
62	134	1.42841e-07
21	106	1.41848e-07
20	107	1.41848e-07
43	59	1.4062e-07
1	117	1.39999e-07
6	63	1.39385e-07
7	62	1.39385e-07
20	72	1.39334e-07
19	89	-1.38872e-07
7	8	1.38381e-07
6	9	1.38381e-07
35	105	1.38295e-07
119	135	1.38039e-07
19	84	1.37974e-07
18	85	1.37974e-07
41	95	1.37272e-07
104	125	1.36418e-07
105	124	1.36418e-07
0	96	1.36022e-07
7	107	1.35951e-07
37	46	1.35841e-07
36	47	1.35841e-07
72	122	1.35806e-07
90	121	-1.35412e-07
91	120	-1.35412e-07
19	114	1.34909e-07
18	115	1.34909e-07
58	124	1.33696e-07
12	98	1.32268e-07
72	106	1.31971e-07
125	142	1.31278e-07
124	143	1.31278e-07
85	123	1.31147e-07
2	122	1.30196e-07
8	36	1.29312e-07
88	92	1.26775e-07
38	135	1.26538e-07
39	134	1.26538e-07
10	20	1.26191e-07
55	69	1.2589e-07
47	125	1.2589e-07
120	143	1.25851e-07
121	142	1.25851e-07
49	60	1.25657e-07
48	61	1.25657e-07
92	128	-1.2497e-07
37	111	1.24958e-07
17	145	1.24156e-07
38	75	1.23309e-07
39	74	1.23309e-07
9	17	1.22572e-07
62	94	-1.21507e-07
9	72	1.21445e-07
8	73	1.21445e-07
46	54	1.21266e-07
85	143	1.21118e-07
27	114	1.20449e-07
26	115	1.20449e-07
104	114	1.1912e-07
88	95	1.18998e-07
89	94	1.18998e-07
52	68	1.17626e-07
46	110	1.16368e-07
39	49	1.16231e-07
94	131	-1.15283e-07
95	130	-1.15283e-07
21	145	1.14869e-07
53	129	1.14531e-07
49	70	1.13899e-07
48	71	1.13899e-07
61	84	1.13737e-07
60	85	1.13737e-07
112	120	1.13602e-07
35	92	-1.13586e-07
34	93	-1.13586e-07
97	142	1.13494e-07
96	143	1.13494e-07
6	122	1.13036e-07
61	147	1.13015e-07
86	112	1.12986e-07
91	143	-1.12667e-07
0	120	1.12519e-07
0	71	1.12449e-07
1	70	1.12449e-07
19	49	1.12111e-07
16	116	1.11913e-07
69	124	1.11593e-07
68	125	1.11593e-07
84	115	1.11592e-07
85	114	1.11592e-07
17	21	1.111e-07
74	96	1.11057e-07
31	91	-1.10702e-07
119	145	1.09607e-07
71	91	-1.09592e-07
111	123	1.09565e-07
69	121	1.08975e-07
110	138	1.08248e-07
71	121	1.0819e-07
119	130	1.07864e-07
118	131	1.07864e-07
17	111	1.07573e-07
91	131	-1.07523e-07
61	134	1.07459e-07
60	135	1.07459e-07
7	103	1.07178e-07
49	117	1.06816e-07
8	132	1.06214e-07
20	32	1.06205e-07
1	78	1.05969e-07
0	79	1.05969e-07
87	115	1.05719e-07
19	145	1.05682e-07
74	114	1.05638e-07
9	112	1.05222e-07
8	113	1.05222e-07
39	68	1.0519e-07
38	69	1.0519e-07
53	145	1.04271e-07
32	38	1.04024e-07
54	122	1.03746e-07
1	61	1.03522e-07
8	70	1.02868e-07
11	63	1.02685e-07
41	93	1.0258e-07
17	39	1.02276e-07
47	123	1.02116e-07
21	117	1.01694e-07
49	118	1.01255e-07
48	119	1.01255e-07
73	110	1.00345e-07
72	111	1.00345e-07
48	146	1.00223e-07
94	119	-9.95508e-08
95	118	-9.95508e-08
53	132	9.93687e-08
52	133	9.93687e-08
35	91	-9.93625e-08
8	115	9.86152e-08
9	114	9.86152e-08
1	37	9.84605e-08
13	115	9.77997e-08
12	44	9.75594e-08
15	125	-9.70535e-08
85	144	9.69291e-08
84	145	9.69291e-08
13	48	9.67151e-08
12	49	9.67151e-08
46	104	9.64378e-08
13	103	9.61443e-08
132	140	9.5633e-08
54	116	9.53053e-08
98	107	9.50055e-08
99	106	9.50055e-08
32	144	9.48255e-08
63	111	9.4732e-08
46	63	9.39595e-08
47	62	9.39595e-08
37	49	9.29726e-08
78	95	-9.2545e-08
79	94	-9.2545e-08
89	118	-9.25025e-08
88	119	-9.25025e-08
33	69	9.15871e-08
52	76	9.15553e-08
63	73	9.10534e-08
71	124	9.10462e-08
70	125	9.10462e-08
21	47	9.10063e-08
114	130	9.08001e-08
6	54	9.04093e-08
45	69	8.98295e-08
114	120	8.90619e-08
10	48	8.87007e-08
7	95	-8.86713e-08
104	132	8.83095e-08
20	43	8.82802e-08
21	42	8.82802e-08
71	115	8.78032e-08
62	75	8.70697e-08
63	74	8.70697e-08
66	104	8.70689e-08
86	132	8.70197e-08
44	114	8.69339e-08
16	27	8.65588e-08
17	26	8.65588e-08
16	120	8.62867e-08
13	123	8.60457e-08
21	77	8.5994e-08
105	121	8.54718e-08
79	93	-8.52003e-08
9	59	8.25001e-08
21	39	8.22724e-08
84	119	8.20057e-08
85	118	8.20057e-08
71	110	8.15182e-08
70	111	8.15182e-08
6	27	8.13005e-08
7	26	8.13005e-08
1	112	8.10694e-08
0	113	8.10694e-08
11	119	8.09476e-08
33	53	8.07646e-08
89	143	-8.03523e-08
142	146	8.0193e-08
111	149	7.96521e-08
52	116	7.85737e-08
17	36	7.85517e-08
16	37	7.85517e-08
59	68	7.83776e-08
58	69	7.83776e-08
39	114	7.78738e-08
38	115	7.78738e-08
63	93	-7.77909e-08
113	131	7.77792e-08
12	94	-7.73875e-08
7	112	7.71795e-08
6	113	7.71795e-08
20	37	7.64275e-08
21	36	7.64275e-08
11	12	7.61721e-08
10	13	7.61721e-08
19	131	7.58643e-08
70	138	7.56555e-08
16	90	-7.53337e-08
62	91	-7.50662e-08
63	90	-7.50662e-08
125	147	7.49624e-08
11	86	7.48766e-08
10	87	7.48766e-08
53	107	7.45658e-08
8	98	7.44083e-08
11	53	7.43956e-08
8	90	-7.42674e-08
48	87	7.39547e-08
49	86	7.39547e-08
31	93	-7.3605e-08
0	9	7.33458e-08
1	8	7.33458e-08
61	144	7.30202e-08
60	145	7.30202e-08
47	53	7.23115e-08
96	134	7.21299e-08
52	146	7.14351e-08
97	145	7.1348e-08
21	45	7.12137e-08
20	106	7.09239e-08
31	133	7.07575e-08
47	83	7.06923e-08
43	58	7.031e-08
42	59	7.031e-08
29	73	7.01792e-08
1	116	6.99993e-08
0	117	6.99993e-08
6	62	6.96927e-08
19	88	-6.94358e-08
18	89	-6.94358e-08
6	8	6.91904e-08
35	104	6.91477e-08
34	105	6.91477e-08
118	135	6.90197e-08
119	134	6.90197e-08
18	84	6.8987e-08
41	94	6.86359e-08
40	95	6.86359e-08
104	124	6.82089e-08
7	106	6.79755e-08
6	107	6.79755e-08
36	46	6.79205e-08
73	77	6.77979e-08
90	120	-6.77061e-08
18	114	6.74547e-08
59	115	6.63782e-08
107	139	6.60498e-08
11	131	6.57575e-08
124	142	6.56388e-08
85	122	6.55736e-08
84	123	6.55736e-08
69	129	6.50058e-08
3	145	6.46051e-08
73	105	6.39483e-08
5	145	6.34762e-08
38	134	6.3269e-08
7	53	6.32592e-08
54	69	6.2945e-08
55	68	6.2945e-08
47	124	6.29449e-08
46	125	6.29449e-08
120	142	6.29255e-08
39	95	-6.28602e-08
48	60	6.28283e-08
37	110	6.24789e-08
36	111	6.24789e-08
17	144	6.2078e-08
16	145	6.2078e-08
107	133	6.16561e-08
38	74	6.16545e-08
8	17	6.12861e-08
9	16	6.12861e-08
5	37	6.10198e-08
47	121	6.07325e-08
8	72	6.07225e-08
21	105	6.06302e-08
85	142	6.05592e-08
84	143	6.05592e-08
115	129	6.02661e-08
26	114	6.02245e-08
88	94	5.94991e-08
103	147	5.94283e-08
85	103	5.93894e-08
13	33	5.8178e-08
38	49	5.81153e-08
39	48	5.81153e-08
61	143	5.8035e-08
94	130	-5.76416e-08
49	133	5.75427e-08
21	144	5.74343e-08
20	145	5.74343e-08
7	91	-5.73088e-08
52	129	5.72653e-08
53	128	5.72653e-08
49	97	5.7249e-08
48	70	5.69497e-08
60	84	5.68683e-08
34	92	-5.67929e-08
96	142	5.67472e-08
61	146	5.65077e-08
60	147	5.65077e-08
91	142	-5.63334e-08
90	143	-5.63334e-08
13	129	5.62717e-08
7	21	5.62632e-08
0	70	5.62247e-08
18	49	5.60556e-08
19	48	5.60556e-08
68	124	5.57963e-08
84	114	5.57959e-08
9	87	5.56414e-08
21	95	-5.56003e-08
17	20	5.55499e-08
16	21	5.55499e-08
31	90	-5.53512e-08
30	91	-5.53512e-08
119	144	5.48033e-08
118	145	5.48033e-08
70	91	-5.47962e-08
71	90	-5.47962e-08
111	122	5.47826e-08
110	123	5.47826e-08
41	105	-5.46903e-08
68	121	5.44873e-08
69	120	5.44873e-08
70	121	5.4095e-08
71	120	5.4095e-08
118	130	5.39321e-08
17	110	5.37863e-08
16	111	5.37863e-08
90	131	-5.37617e-08
91	130	-5.37617e-08
60	134	5.37295e-08
6	103	5.3589e-08
7	102	5.3589e-08
49	116	5.34082e-08
48	117	5.34082e-08
0	78	5.29846e-08
86	115	5.28597e-08
87	114	5.28597e-08
19	144	5.28409e-08
18	145	5.28409e-08
8	112	5.2611e-08
38	68	5.25948e-08
1	69	5.23225e-08
39	97	5.2211e-08
53	144	5.21357e-08
52	145	5.21357e-08
0	61	5.17611e-08
1	60	5.17611e-08
27	131	5.16035e-08
11	62	5.13427e-08
10	63	5.13427e-08
41	92	5.129e-08
40	93	5.129e-08
17	38	5.11382e-08
16	39	5.11382e-08
46	123	5.10578e-08
47	122	5.10578e-08
20	117	5.08472e-08
21	116	5.08472e-08
48	118	5.06277e-08
57	71	5.04973e-08
72	110	5.01726e-08
119	147	4.99943e-08
94	118	-4.97754e-08
52	132	4.96844e-08
35	90	-4.96813e-08
34	91	-4.96813e-08
8	114	4.93076e-08
1	36	4.92303e-08
0	37	4.92303e-08
21	35	4.90263e-08
12	115	4.88999e-08
13	114	4.88999e-08
14	125	-4.85268e-08
15	124	-4.85268e-08
84	144	4.84645e-08
12	48	4.83576e-08
43	105	4.80993e-08
13	102	4.80722e-08
12	103	4.80722e-08
27	73	4.78004e-08
73	79	4.75498e-08
98	106	4.75028e-08
62	111	4.7366e-08
63	110	4.7366e-08
85	127	4.72019e-08
46	62	4.69797e-08
36	49	4.64863e-08
37	48	4.64863e-08
78	94	-4.62725e-08
88	118	-4.62513e-08
32	69	4.57935e-08
33	68	4.57935e-08
1	73	4.56277e-08
63	72	4.55267e-08
62	73	4.55267e-08
70	124	4.55231e-08
21	46	4.55032e-08
20	47	4.55032e-08
45	68	4.49148e-08
44	69	4.49148e-08
39	113	4.46925e-08
1	13	4.46209e-08
7	94	-4.43357e-08
6	95	-4.43357e-08
20	42	4.41401e-08
71	114	4.39016e-08
70	115	4.39016e-08
13	85	4.35586e-08
62	74	4.35348e-08
21	135	4.33109e-08
9	95	-4.32862e-08
16	26	4.32794e-08
12	123	4.30228e-08
13	122	4.30228e-08
21	76	4.2997e-08
20	77	4.2997e-08
13	67	4.2859e-08
11	33	4.28189e-08
104	121	4.27359e-08
105	120	4.27359e-08
13	111	4.26284e-08
79	92	-4.26001e-08
78	93	-4.26001e-08
9	125	4.25891e-08
11	57	4.19873e-08
21	67	4.15612e-08
11	31	4.15505e-08
17	147	4.14947e-08
9	58	4.12501e-08
8	59	4.12501e-08
21	38	4.11362e-08
20	39	4.11362e-08
84	118	4.10028e-08
17	33	4.09978e-08
121	147	4.08703e-08
70	110	4.07591e-08
6	26	4.06503e-08
135	147	4.05657e-08
0	112	4.05347e-08
73	125	4.05034e-08
11	118	4.04738e-08
10	119	4.04738e-08
32	53	4.03823e-08
33	52	4.03823e-08
89	142	-4.01762e-08
88	143	-4.01762e-08
111	148	3.9826e-08
110	149	3.9826e-08
69	133	3.94914e-08
7	49	3.94529e-08
71	133	3.93824e-08
16	36	3.92759e-08
58	68	3.91888e-08
21	49	3.91398e-08
89	125	-3.89641e-08
38	114	3.89369e-08
63	92	-3.88954e-08
62	93	-3.88954e-08
112	131	3.88896e-08
113	130	3.88896e-08
6	112	3.85898e-08
47	79	3.84444e-08
20	36	3.82138e-08
10	12	3.80861e-08
7	11	3.80662e-08
18	131	3.79321e-08
19	130	3.79321e-08
62	90	-3.75331e-08
7	25	3.74892e-08
125	146	3.74812e-08
124	147	3.74812e-08
10	86	3.74383e-08
53	106	3.72829e-08
52	107	3.72829e-08
11	52	3.71978e-08
10	53	3.71978e-08
48	86	3.69774e-08
37	135	3.69626e-08
31	92	-3.68025e-08
30	93	-3.68025e-08
0	8	3.66729e-08
60	144	3.65101e-08
9	47	3.62321e-08
33	147	3.61901e-08
46	53	3.61557e-08
47	52	3.61557e-08
59	83	3.60784e-08
75	143	3.60133e-08
41	121	-3.58281e-08
96	145	3.5674e-08
97	144	3.5674e-08
21	44	3.56069e-08
20	45	3.56069e-08
13	121	3.55966e-08
115	145	3.54632e-08
31	132	3.53787e-08
30	133	3.53787e-08
13	31	3.53782e-08
46	83	3.53462e-08
47	82	3.53462e-08
42	58	3.5155e-08
59	73	3.51174e-08
29	72	3.50896e-08
28	73	3.50896e-08
0	116	3.49996e-08
13	147	3.48772e-08
18	88	-3.47179e-08
34	104	3.45738e-08
118	134	3.45099e-08
71	113	3.43316e-08
40	94	3.4318e-08
13	125	3.42249e-08
55	73	3.42139e-08
3	143	3.40945e-08
105	143	3.40045e-08
6	106	3.39877e-08
73	76	3.38989e-08
72	77	3.38989e-08
53	135	3.387e-08
109	125	-3.35846e-08
21	27	3.32799e-08
71	135	3.32744e-08
15	105	-3.32122e-08
59	114	3.31891e-08
58	115	3.31891e-08
111	135	3.31509e-08
29	97	3.31179e-08
107	138	3.30249e-08
106	139	3.30249e-08
11	130	3.28787e-08
10	131	3.28787e-08
84	122	3.27868e-08
29	53	3.2637e-08
69	128	3.25029e-08
68	129	3.25029e-08
2	145	3.23026e-08
3	144	3.23026e-08
47	95	-3.2176e-08
73	104	3.19742e-08
72	105	3.19742e-08
47	107	3.18385e-08
35	115	3.17678e-08
4	145	3.17381e-08
5	144	3.17381e-08
7	52	3.16296e-08
6	53	3.16296e-08
54	68	3.14725e-08
46	124	3.14725e-08
39	94	-3.14301e-08
38	95	-3.14301e-08
11	85	3.13978e-08
36	110	3.12394e-08
16	144	3.1039e-08
106	133	3.0828e-08
107	132	3.0828e-08
8	16	3.0643e-08
4	37	3.05099e-08
5	36	3.05099e-08
46	121	3.03663e-08
47	120	3.03663e-08
21	104	3.03151e-08
20	105	3.03151e-08
84	142	3.02796e-08
114	129	3.0133e-08
115	128	3.0133e-08
15	119	-3.0062e-08
13	35	2.9982e-08
33	113	2.98126e-08
85	117	2.97574e-08
103	146	2.97142e-08
102	147	2.97142e-08
85	102	2.96947e-08
84	103	2.96947e-08
35	69	2.94057e-08
67	125	2.90927e-08
13	32	2.9089e-08
12	33	2.9089e-08
38	48	2.90577e-08
60	143	2.90175e-08
61	142	2.90175e-08
53	139	2.90006e-08
48	133	2.87713e-08
49	132	2.87713e-08
73	147	2.87364e-08
20	144	2.87172e-08
7	90	-2.86544e-08
6	91	-2.86544e-08
52	128	2.86327e-08
49	96	2.86245e-08
48	97	2.86245e-08
75	93	-2.85837e-08
105	129	2.84231e-08
27	47	2.83405e-08
60	146	2.82538e-08
93	119	-2.81846e-08
90	142	-2.81667e-08
12	129	2.81359e-08
13	128	2.81359e-08
7	20	2.81316e-08
6	21	2.81316e-08
18	48	2.80278e-08
45	97	2.7918e-08
8	87	2.78207e-08
9	86	2.78207e-08
20	95	-2.78001e-08
21	94	-2.78001e-08
16	20	2.7775e-08
30	90	-2.76756e-08
97	131	2.76754e-08
15	69	-2.75986e-08
47	113	2.74372e-08
39	71	2.74221e-08
118	144	2.74016e-08
70	90	-2.73981e-08
110	122	2.73913e-08
41	104	-2.73452e-08
40	105	-2.73452e-08
53	85	2.73408e-08
68	120	2.72437e-08
67	131	2.72141e-08
70	120	2.70475e-08
31	95	-2.70429e-08
37	131	2.70194e-08
16	110	2.68932e-08
90	130	-2.68808e-08
6	102	2.67945e-08
48	116	2.67041e-08
7	125	2.66584e-08
11	123	2.6604e-08
67	143	2.65143e-08
86	114	2.64299e-08
18	144	2.64205e-08
0	69	2.61612e-08
1	68	2.61612e-08
38	97	2.61055e-08
39	96	2.61055e-08
27	97	2.60929e-08
52	144	2.60678e-08
1	17	2.59201e-08
0	60	2.58806e-08
27	130	2.58018e-08
26	131	2.58018e-08
27	37	2.57578e-08
10	62	2.56713e-08
40	92	2.5645e-08
21	57	2.55779e-08
16	38	2.55691e-08
73	121	2.55438e-08
46	122	2.55289e-08
20	116	2.54236e-08
1	47	2.54165e-08
33	133	2.52774e-08
57	70	2.52486e-08
56	71	2.52486e-08
91	119	-2.52425e-08
17	85	2.52364e-08
85	147	2.51548e-08
118	147	2.49972e-08
119	146	2.49972e-08
34	90	-2.48406e-08
0	36	2.46151e-08
21	34	2.45131e-08
20	35	2.45131e-08
12	114	2.44499e-08
49	105	2.44477e-08
14	124	-2.42634e-08
42	105	2.40497e-08
43	104	2.40497e-08
12	102	2.40361e-08
26	73	2.39002e-08
27	72	2.39002e-08
125	145	2.38598e-08
73	78	2.37749e-08
72	79	2.37749e-08
41	115	-2.37362e-08
62	110	2.3683e-08
49	55	2.36758e-08
85	126	2.3601e-08
84	127	2.3601e-08
127	145	2.34111e-08
31	67	2.32598e-08
127	147	2.32522e-08
36	48	2.32431e-08
17	55	2.32037e-08
32	68	2.28968e-08
35	113	2.28674e-08
1	72	2.28139e-08
0	73	2.28139e-08
9	43	2.28048e-08
62	72	2.27633e-08
20	46	2.27516e-08
33	59	2.27334e-08
73	137	2.27163e-08
121	145	2.2596e-08
44	68	2.24574e-08
57	147	2.24302e-08
38	113	2.23463e-08
39	112	2.23463e-08
1	12	2.23104e-08
0	13	2.23104e-08
6	94	-2.21678e-08
87	143	2.21675e-08
29	127	2.21251e-08
15	91	2.2082e-08
93	109	2.19782e-08
70	114	2.19508e-08
55	139	2.18364e-08
69	93	-2.17855e-08
13	84	2.17793e-08
12	85	2.17793e-08
21	134	2.16555e-08
20	135	2.16555e-08
8	95	-2.16431e-08
9	94	-2.16431e-08
9	105	2.15699e-08
85	131	2.15185e-08
12	122	2.15114e-08
20	76	2.14985e-08
69	83	2.14462e-08
13	66	2.14295e-08
12	67	2.14295e-08
11	32	2.14094e-08
10	33	2.14094e-08
104	120	2.1368e-08
12	111	2.13142e-08
13	110	2.13142e-08
78	92	-2.13001e-08
9	124	2.12945e-08
8	125	2.12945e-08
11	56	2.09937e-08
10	57	2.09937e-08
145	149	2.09708e-08
29	49	2.09238e-08
20	67	2.07806e-08
21	66	2.07806e-08
11	30	2.07753e-08
10	31	2.07753e-08
17	146	2.07473e-08
16	147	2.07473e-08
8	58	2.0625e-08
20	38	2.05681e-08
17	32	2.04989e-08
16	33	2.04989e-08
121	146	2.04351e-08
120	147	2.04351e-08
134	147	2.02828e-08
135	146	2.02828e-08
72	125	2.02517e-08
73	124	2.02517e-08
10	118	2.02369e-08
32	52	2.01912e-08
88	142	-2.00881e-08
110	148	1.9913e-08
1	149	1.97962e-08
15	63	-1.97761e-08
68	133	1.97457e-08
69	132	1.97457e-08
7	48	1.97265e-08
6	49	1.97265e-08
70	133	1.96912e-08
71	132	1.96912e-08
21	48	1.95699e-08
20	49	1.95699e-08
47	91	-1.95044e-08
88	125	-1.9482e-08
89	124	-1.9482e-08
62	92	-1.94477e-08
112	130	1.94448e-08
21	119	1.93589e-08
75	109	-1.93322e-08
46	79	1.92222e-08
47	78	1.92222e-08
133	135	1.9184e-08
6	11	1.90331e-08
7	10	1.90331e-08
27	85	1.9026e-08
18	130	1.89661e-08
19	129	1.88139e-08
6	25	1.87446e-08
7	24	1.87446e-08
124	146	1.87406e-08
52	106	1.86415e-08
10	52	1.85989e-08
36	135	1.84813e-08
37	134	1.84813e-08
73	145	1.84424e-08
30	92	-1.84013e-08
37	57	1.8389e-08
33	45	1.83842e-08
13	145	1.83492e-08
19	127	1.82988e-08
63	97	1.81219e-08
9	46	1.81161e-08
8	47	1.81161e-08
32	147	1.8095e-08
33	146	1.8095e-08
46	52	1.80779e-08
59	82	1.80392e-08
58	83	1.80392e-08
74	143	1.80066e-08
75	142	1.80066e-08
40	121	-1.79141e-08
41	120	-1.79141e-08
33	129	1.78484e-08
96	144	1.7837e-08
20	44	1.78034e-08
12	121	1.77983e-08
13	120	1.77983e-08
115	144	1.77316e-08
114	145	1.77316e-08
101	133	1.77204e-08
30	132	1.76894e-08
13	30	1.76891e-08
12	31	1.76891e-08
46	82	1.76731e-08
105	131	1.75853e-08
29	57	1.75775e-08
59	72	1.75587e-08
58	73	1.75587e-08
3	61	1.75474e-08
28	72	1.75448e-08
12	147	1.74386e-08
13	146	1.74386e-08
71	112	1.71658e-08
70	113	1.71658e-08
17	129	1.71136e-08
12	125	1.71125e-08
13	124	1.71125e-08
55	72	1.7107e-08
54	73	1.7107e-08
2	143	1.70472e-08
3	142	1.70472e-08
104	143	1.70023e-08
105	142	1.70023e-08
72	76	1.69495e-08
53	134	1.6935e-08
52	135	1.6935e-08
109	124	-1.67923e-08
108	125	-1.67923e-08
33	35	1.6719e-08
11	47	1.66994e-08
20	27	1.66399e-08
21	26	1.66399e-08
71	134	1.66372e-08
70	135	1.66372e-08
15	104	-1.66061e-08
14	105	-1.66061e-08
58	114	1.65945e-08
110	135	1.65754e-08
111	134	1.65754e-08
17	149	1.65629e-08
28	97	1.6559e-08
29	96	1.6559e-08
63	89	-1.65161e-08
106	138	1.65125e-08
10	130	1.64394e-08
28	53	1.63185e-08
29	52	1.63185e-08
68	128	1.62514e-08
17	103	1.62017e-08
2	144	1.61513e-08
47	94	-1.6088e-08
46	95	-1.6088e-08
75	77	1.6062e-08
72	104	1.59871e-08
41	63	-1.59562e-08
47	106	1.59193e-08
46	107	1.59193e-08
34	115	1.58839e-08
35	114	1.58839e-08
4	144	1.5869e-08
69	147	1.58571e-08
6	52	1.58148e-08
1	11	1.57358e-08
38	94	-1.5715e-08
11	84	1.56989e-08
10	85	1.56989e-08
13	93	-1.5629e-08
33	111	1.55085e-08
39	61	1.54652e-08
111	145	1.54612e-08
106	132	1.5414e-08
1	7	1.52905e-08
41	79	-1.52644e-08
4	36	1.5255e-08
35	85	1.51868e-08
46	120	1.51831e-08
20	104	1.51576e-08
114	128	1.50665e-08
14	119	-1.5031e-08
15	118	-1.5031e-08
57	129	1.5006e-08
67	97	1.50023e-08
13	34	1.4991e-08
12	35	1.4991e-08
59	133	1.49093e-08
32	113	1.49063e-08
33	112	1.49063e-08
85	116	1.48787e-08
84	117	1.48787e-08
102	146	1.48571e-08
84	102	1.48474e-08
39	91	-1.47634e-08
11	41	-1.47486e-08
87	105	1.47272e-08
34	69	1.47029e-08
35	68	1.47029e-08
59	131	1.45812e-08
66	125	1.45463e-08
67	124	1.45463e-08
12	32	1.45445e-08
60	142	1.45087e-08
52	139	1.45003e-08
53	138	1.45003e-08
27	87	1.44722e-08
61	63	1.44494e-08
53	57	1.4388e-08
48	132	1.43857e-08
72	147	1.43682e-08
73	146	1.43682e-08
6	90	-1.43272e-08
48	96	1.43123e-08
75	92	-1.42918e-08
74	93	-1.42918e-08
105	128	1.42115e-08
104	129	1.42115e-08
26	47	1.41702e-08
27	46	1.41702e-08
47	49	1.41381e-08
92	119	-1.40923e-08
93	118	-1.40923e-08
12	128	1.40679e-08
6	20	1.40658e-08
19	41	-1.40627e-08
21	113	1.40153e-08
17	139	1.39766e-08
44	97	1.3959e-08
45	96	1.3959e-08
39	73	1.39587e-08
8	86	1.39104e-08
20	94	-1.39001e-08
77	119	1.38913e-08
75	131	1.38637e-08
96	131	1.38377e-08
97	130	1.38377e-08
14	69	-1.37993e-08
15	68	-1.37993e-08
27	53	1.37618e-08
47	112	1.37186e-08
46	113	1.37186e-08
39	70	1.37111e-08
38	71	1.37111e-08
40	104	-1.36726e-08
53	84	1.36704e-08
52	85	1.36704e-08
9	49	1.36423e-08
17	79	1.363e-08
67	130	1.36071e-08
66	131	1.36071e-08
27	33	1.35925e-08
31	94	-1.35214e-08
30	95	-1.35214e-08
36	131	1.35097e-08
37	130	1.35097e-08
3	111	1.34377e-08
31	35	1.33753e-08
7	124	1.33292e-08
6	125	1.33292e-08
11	122	1.3302e-08
10	123	1.3302e-08
67	142	1.32571e-08
66	143	1.32571e-08
59	135	1.3088e-08
0	68	1.30806e-08
38	96	1.30527e-08
27	96	1.30465e-08
26	97	1.30465e-08
49	73	1.29663e-08
0	17	1.29601e-08
1	16	1.29601e-08
26	130	1.29009e-08
109	143	-1.28931e-08
27	36	1.28789e-08
26	37	1.28789e-08
21	85	1.28521e-08
87	91	-1.28017e-08
123	149	1.27983e-08
21	56	1.2789e-08
20	57	1.2789e-08
72	121	1.27719e-08
73	120	1.27719e-08
17	83	1.27237e-08
1	46	1.27083e-08
0	47	1.27083e-08
32	133	1.26387e-08
33	132	1.26387e-08
56	70	1.26243e-08
91	118	-1.26213e-08
90	119	-1.26213e-08
17	84	1.26182e-08
16	85	1.26182e-08
84	147	1.25774e-08
85	146	1.25774e-08
118	146	1.24986e-08
17	123	1.24659e-08
97	147	1.24236e-08
1	111	1.2417e-08
45	53	1.2368e-08
67	121	1.23196e-08
111	133	1.23093e-08
67	69	1.2271e-08
20	34	1.22566e-08
77	95	-1.22347e-08
75	95	-1.22245e-08
49	104	1.22239e-08
48	105	1.22239e-08
79	115	1.21804e-08
42	104	1.20248e-08
39	93	-1.20217e-08
26	72	1.19501e-08
124	145	1.19299e-08
125	144	1.19299e-08
3	83	1.18992e-08
72	78	1.18875e-08
41	114	-1.18681e-08
40	115	-1.18681e-08
49	54	1.18379e-08
48	55	1.18379e-08
84	126	1.18005e-08
127	144	1.17056e-08
126	145	1.17056e-08
41	119	-1.16818e-08
7	45	1.16548e-08
31	66	1.16299e-08
30	67	1.16299e-08
126	147	1.16261e-08
127	146	1.16261e-08
17	54	1.16018e-08
16	55	1.16018e-08
75	127	1.15992e-08
9	111	1.1519e-08
9	103	1.14427e-08
34	113	1.14337e-08
35	112	1.14337e-08
11	129	1.1423e-08
0	72	1.14069e-08
9	42	1.14024e-08
8	43	1.14024e-08
33	58	1.13667e-08
32	59	1.13667e-08
73	136	1.13582e-08
72	137	1.13582e-08
121	144	1.1298e-08
120	145	1.1298e-08
56	147	1.12151e-08
57	146	1.12151e-08
38	112	1.11731e-08
0	12	1.11552e-08
71	79	1.11412e-08
95	109	1.11149e-08
87	142	1.10837e-08
86	143	1.10837e-08
29	126	1.10625e-08
28	127	1.10625e-08
15	90	1.1041e-08
14	91	1.1041e-08
93	108	1.09891e-08
92	109	1.09891e-08
17	45	1.09565e-08
57	75	1.0953e-08
37	63	1.09342e-08
54	139	1.09182e-08
55	138	1.09182e-08
1	93	-1.09169e-08
69	92	-1.08927e-08
68	93	-1.08927e-08
12	84	1.08897e-08
20	134	1.08277e-08
8	94	-1.08216e-08
9	104	1.07849e-08
8	105	1.07849e-08
21	29	1.07848e-08
84	131	1.07592e-08
85	130	1.07592e-08
29	61	1.07271e-08
69	82	1.07231e-08
68	83	1.07231e-08
12	66	1.07148e-08
10	32	1.07047e-08
47	147	1.06991e-08
12	110	1.06571e-08
8	124	1.06473e-08
13	29	1.06079e-08
7	121	1.05878e-08
35	143	1.05082e-08
10	56	1.04968e-08
145	148	1.04854e-08
144	149	1.04854e-08
29	135	1.04842e-08
29	48	1.04619e-08
28	49	1.04619e-08
69	115	1.04477e-08
20	66	1.03903e-08
10	30	1.03876e-08
16	146	1.03737e-08
25	69	1.03542e-08
16	32	1.02494e-08
120	146	1.02176e-08
134	146	1.01414e-08
72	124	1.01258e-08
21	93	-1.01035e-08
105	117	1.00156e-08
87	103	1.00115e-08
