34	35	222.259
3	33	179.464
7	11	176.492
32	33	166.512
23	37	146.515
10	11	143.207
7	21	139.365
11	25	139.266
19	37	137.673
31	33	136.481
6	7	135.265
20	21	129.194
19	23	126.926
33	37	126.223
23	33	122.232
5	33	121.965
7	25	116.798
13	19	108.157
25	33	107.885
11	35	-107.423
13	23	104.938
21	25	104.5
2	3	104.04
21	33	103.773
9	13	101.977
11	21	100.428
15	29	100.376
15	31	98.7576
13	33	97.0197
27	29	93.7822
5	13	92.4841
24	25	91.9457
17	27	91.3717
9	33	91.0231
3	5	90.4362
19	33	90.3883
36	37	90.383
2	33	89.7322
3	32	89.7322
7	10	88.246
6	11	88.246
13	37	87.573
3	9	87.2621
5	21	86.4934
1	5	85.9876
25	29	85.9706
31	37	85.2379
1	33	84.5956
25	31	83.5832
5	17	82.6518
21	27	82.6319
3	21	81.8726
11	19	-81.2236
1	31	80.7744
28	29	80.5453
30	31	80.4596
4	5	80.1138
5	9	79.58
7	31	79.2156
23	31	78.9359
15	35	78.7117
9	23	78.4887
3	13	78.1094
5	31	77.7209
3	31	77.372
17	21	76.9889
22	23	76.3035
5	25	76.1635
9	19	75.0394
1	21	74.9257
7	33	74.0768
3	23	73.9953
1	3	73.6528
22	37	73.2577
23	36	73.2577
9	21	73.1676
15	37	72.8951
18	19	72.7482
15	25	71.4387
14	15	71.3066
5	23	70.3794
31	35	69.955
6	21	69.6823
7	20	69.6823
1	9	69.6696
11	24	69.6331
10	25	69.6331
26	27	69.2305
18	37	68.8365
19	36	68.8365
33	35	68.7318
11	29	68.4437
30	33	68.2403
31	32	68.2403
15	33	67.3989
25	27	67.3364
8	9	67.0112
7	19	-66.7501
12	13	65.6867
19	35	64.4853
17	25	64.3338
5	19	64.0959
19	22	63.4631
18	23	63.4631
32	37	63.1113
33	36	63.1113
16	17	62.0886
17	29	61.2054
23	32	61.116
22	33	61.116
5	32	60.9827
4	33	60.9827
9	37	59.8709
1	35	58.5796
6	25	58.3992
7	24	58.3992
9	35	58.1842
3	37	57.7173
19	31	57.5534
13	31	57.5217
21	31	57.4509
11	37	-57.3981
7	35	-57.2798
35	37	56.6387
5	35	56.1403
13	17	55.7295
15	23	55.4721
15	19	54.9283
1	13	54.8179
7	15	54.7536
23	25	54.5066
12	19	54.0786
13	18	54.0786
24	33	53.9426
25	32	53.9426
9	31	53.801
11	34	-53.7114
10	35	-53.7114
0	1	53.6997
29	37	53.5628
21	29	53.5063
5	37	53.3867
1	23	52.7451
9	17	52.7367
12	23	52.4691
13	22	52.4691
29	31	52.462
21	24	52.2498
20	25	52.2498
17	19	52.0967
21	32	51.8865
20	33	51.8865
8	13	50.9883
9	12	50.9883
11	20	50.2139
10	21	50.2139
15	28	50.1879
14	29	50.1879
3	35	49.7768
14	31	49.3788
15	30	49.3788
29	33	49.1737
12	33	48.5099
13	32	48.5099
11	23	-48.4307
1	25	48.2997
11	27	48.0916
13	25	48.039
15	27	47.5901
5	27	47.4839
7	29	46.8921
27	28	46.8911
26	29	46.8911
7	37	-46.7216
5	12	46.242
4	13	46.242
23	29	45.7129
16	27	45.6858
17	26	45.6858
9	32	45.5115
8	33	45.5115
2	5	45.2181
3	4	45.2181
19	32	45.1942
18	33	45.1942
2	32	44.8661
1	17	44.8026
7	23	-44.5297
13	35	44.4528
23	35	44.2379
6	10	44.123
12	37	43.7865
13	36	43.7865
2	9	43.6311
3	8	43.6311
1	37	43.2933
5	20	43.2467
4	21	43.2467
11	33	43.1755
0	5	42.9938
1	4	42.9938
25	28	42.9853
24	29	42.9853
31	36	42.6189
30	37	42.6189
25	37	42.4978
0	33	42.2978
1	32	42.2978
15	17	42.1814
24	31	41.7916
25	30	41.7916
1	19	41.4122
4	17	41.3259
5	16	41.3259
20	27	41.316
21	26	41.316
1	7	41.1217
2	21	40.9363
3	20	40.9363
11	18	-40.6118
10	19	-40.6118
1	30	40.3872
0	31	40.3872
5	8	39.79
4	9	39.79
7	30	39.6078
6	31	39.6078
19	29	39.5658
3	25	39.5583
22	31	39.468
23	30	39.468
15	34	39.3559
14	35	39.3559
9	22	39.2443
8	23	39.2443
2	13	39.0547
3	12	39.0547
5	30	38.8605
4	31	38.8605
2	31	38.686
3	30	38.686
16	21	38.4944
17	20	38.4944
4	25	38.0818
5	24	38.0818
8	19	37.5197
9	18	37.5197
0	21	37.4629
1	20	37.4629
3	19	37.2315
6	33	37.0384
7	32	37.0384
3	22	36.9977
2	23	36.9977
0	3	36.8264
1	2	36.8264
15	21	36.72
22	36	36.6288
8	21	36.5838
9	20	36.5838
15	36	36.4476
14	37	36.4476
13	21	35.9289
1	27	35.8964
14	25	35.7193
15	24	35.7193
11	17	35.2055
4	23	35.1897
5	22	35.1897
1	15	35.1362
13	27	35.1264
17	23	35.0312
30	35	34.9775
31	34	34.9775
17	35	34.8614
6	20	34.8412
9	25	34.8388
0	9	34.8348
1	8	34.8348
10	24	34.8165
18	36	34.4183
33	34	34.3659
32	35	34.3659
10	29	34.2219
11	28	34.2219
30	32	34.1202
17	33	34.0379
14	33	33.6994
15	32	33.6994
24	27	33.6682
25	26	33.6682
7	13	-33.6386
6	19	-33.3751
7	18	-33.3751
19	34	32.2426
18	35	32.2426
16	25	32.1669
17	24	32.1669
4	19	32.048
5	18	32.048
19	27	31.9518
18	22	31.7316
23	27	31.6623
32	36	31.5557
5	11	31.3177
17	28	30.6027
16	29	30.6027
22	32	30.558
7	27	30.5373
4	32	30.4913
25	35	-30.4142
8	37	29.9354
9	36	29.9354
17	37	29.8793
11	13	-29.817
0	35	29.2898
1	34	29.2898
5	7	29.2474
6	24	29.1996
9	34	29.0921
8	35	29.0921
2	37	28.8587
3	36	28.8587
18	31	28.7767
19	30	28.7767
12	31	28.7608
13	30	28.7608
21	30	28.7255
20	31	28.7255
11	36	-28.6991
10	37	-28.6991
7	34	-28.6399
6	35	-28.6399
35	36	28.3193
34	37	28.3193
21	35	-28.1908
5	34	28.0702
4	35	28.0702
13	16	27.8648
12	17	27.8648
14	23	27.7361
15	22	27.7361
9	27	27.6023
15	18	27.4641
14	19	27.4641
1	12	27.409
0	13	27.409
6	15	27.3768
7	14	27.3768
23	24	27.2533
22	25	27.2533
12	18	27.0393
24	32	26.9713
13	29	26.937
21	23	26.9066
9	30	26.9005
8	31	26.9005
10	34	-26.8557
29	36	26.7814
28	37	26.7814
20	29	26.7532
21	28	26.7532
5	36	26.6933
4	37	26.6933
19	25	26.6457
0	23	26.3725
1	22	26.3725
8	17	26.3683
9	16	26.3683
12	22	26.2346
28	31	26.231
29	30	26.231
20	24	26.1249
16	19	26.0484
17	18	26.0484
20	32	25.9432
9	11	-25.5729
8	12	25.4942
13	15	25.238
10	20	25.107
14	28	25.0939
3	34	24.8884
2	35	24.8884
14	30	24.6894
28	33	24.5869
29	32	24.5869
5	15	24.5691
12	32	24.2549
5	29	24.2459
10	23	-24.2154
11	22	-24.2154
1	24	24.1499
0	25	24.1499
9	29	24.0647
10	27	24.0458
11	26	24.0458
13	24	24.0195
12	25	24.0195
15	26	23.7951
14	27	23.7951
5	26	23.7419
4	27	23.7419
6	29	23.446
7	28	23.446
26	28	23.4455
17	31	23.4381
7	36	-23.3608
6	37	-23.3608
4	12	23.121
22	29	22.8564
23	28	22.8564
16	26	22.8429
8	32	22.7558
2	4	22.609
18	32	22.5971
1	16	22.4013
0	17	22.4013
6	23	-22.2649
7	22	-22.2649
13	34	22.2264
12	35	22.2264
22	35	22.119
23	34	22.119
12	36	21.8933
2	8	21.8155
0	37	21.6467
1	36	21.6467
4	20	21.6234
11	32	21.5877
10	33	21.5877
0	4	21.4969
24	28	21.4926
30	36	21.3095
24	37	21.2489
25	36	21.2489
3	11	21.2401
0	32	21.1489
14	17	21.0907
15	16	21.0907
24	30	20.8958
1	18	20.7061
0	19	20.7061
4	16	20.663
20	26	20.658
0	7	20.5608
1	6	20.5608
2	20	20.4682
27	37	20.3159
10	18	-20.3059
0	30	20.1936
4	8	19.895
6	30	19.8039
18	29	19.7829
19	28	19.7829
3	24	19.7791
2	25	19.7791
22	30	19.734
14	34	19.6779
3	27	-19.6488
8	22	19.6222
2	12	19.5273
4	30	19.4302
2	30	19.343
16	20	19.2472
4	24	19.0409
11	15	19.0274
8	18	18.7598
0	20	18.7314
3	18	18.6158
2	19	18.6158
6	32	18.5192
2	22	18.4988
0	2	18.4132
14	21	18.36
15	20	18.36
8	20	18.2919
14	36	18.2238
13	20	17.9645
12	21	17.9645
0	27	17.9482
1	26	17.9482
14	24	17.8597
10	17	17.6028
11	16	17.6028
4	22	17.5949
0	15	17.5681
1	14	17.5681
13	26	17.5632
12	27	17.5632
16	23	17.5156
17	22	17.5156
30	34	17.4888
3	29	-17.4782
16	35	17.4307
17	34	17.4307
9	24	17.4194
8	25	17.4194
0	8	17.4174
32	34	17.1829
10	28	17.1109
17	32	17.0189
16	33	17.0189
14	32	16.8497
24	26	16.8341
6	13	-16.8193
7	12	-16.8193
6	18	-16.6875
27	35	-16.3755
18	34	16.1213
16	24	16.0834
4	18	16.024
18	27	15.9759
19	26	15.9759
23	26	15.8311
22	27	15.8311
4	11	15.6588
5	10	15.6588
16	28	15.3014
6	27	15.2686
7	26	15.2686
25	34	-15.2071
24	35	-15.2071
9	15	15.1202
8	36	14.9677
17	36	14.9397
16	37	14.9397
10	13	-14.9085
11	12	-14.9085
0	34	14.6449
5	6	14.6237
4	7	14.6237
8	34	14.5461
2	36	14.4293
18	30	14.3884
12	30	14.3804
20	30	14.3627
10	36	-14.3495
6	34	-14.3199
11	31	14.2256
34	36	14.1597
21	34	-14.0954
20	35	-14.0954
4	34	14.0351
12	16	13.9324
14	22	13.868
9	26	13.8011
8	27	13.8011
14	18	13.7321
3	17	13.732
0	12	13.7045
6	14	13.6884
22	24	13.6267
13	28	13.4685
12	29	13.4685
20	23	13.4533
21	22	13.4533
8	30	13.4502
28	36	13.3907
20	28	13.3766
4	36	13.3467
18	25	13.3229
19	24	13.3229
0	22	13.1863
8	16	13.1842
7	9	-13.1561
28	30	13.1155
16	18	13.0242
29	35	12.8288
8	11	-12.7864
9	10	-12.7864
13	14	12.619
12	15	12.619
2	34	12.4442
28	32	12.2934
4	15	12.2845
5	14	12.2845
4	29	12.1229
5	28	12.1229
10	22	-12.1077
0	24	12.0749
8	29	12.0323
9	28	12.0323
10	26	12.0229
12	24	12.0098
14	26	11.8975
4	26	11.871
6	28	11.723
16	31	11.719
17	30	11.719
6	36	-11.6804
22	28	11.4282
0	16	11.2006
6	22	-11.1324
12	34	11.1132
21	37	11.0959
22	34	11.0595
0	36	10.8233
10	32	10.7939
24	36	10.6245
2	11	10.62
3	10	10.62
14	16	10.5454
0	18	10.353
0	6	10.2804
26	37	10.1579
27	36	10.1579
18	28	9.89145
2	24	9.88956
3	26	-9.82438
2	27	-9.82438
11	14	9.51368
10	15	9.51368
2	18	9.30788
14	20	9.18
12	20	8.98223
0	26	8.97409
10	16	8.80138
0	14	8.78404
12	26	8.78161
19	21	8.77424
16	22	8.75781
2	29	-8.7391
3	28	-8.7391
16	34	8.71536
8	24	8.70969
1	29	8.62722
16	32	8.50946
6	12	-8.40964
26	35	-8.18774
27	34	-8.18774
18	26	7.98794
22	26	7.91557
4	10	7.82942
6	26	7.63432
24	34	-7.60356
9	14	7.56012
8	15	7.56012
16	36	7.46983
10	12	-7.45425
4	6	7.31184
11	30	7.11282
10	31	7.11282
20	34	-7.04769
8	26	6.90057
2	17	6.86601
3	16	6.86601
12	28	6.73425
20	22	6.72664
18	24	6.66143
7	8	-6.57806
6	9	-6.57806
28	35	6.41439
29	34	6.41439
8	10	-6.39321
12	14	6.30949
4	14	6.14227
4	28	6.06147
8	28	6.01616
16	30	5.85951
27	33	-5.61162
27	31	5.55549
21	36	5.54794
20	37	5.54794
2	10	5.31002
26	36	5.07897
2	26	-4.91219
10	14	4.75684
7	17	4.73505
3	7	4.53032
18	21	4.38712
19	20	4.38712
2	28	-4.36955
0	29	4.31361
1	28	4.31361
26	34	-4.09387
1	11	-3.99267
8	14	3.78006
10	30	3.55641
2	16	3.433
6	8	-3.28903
28	34	3.2072
27	32	-2.80581
26	33	-2.80581
27	30	2.77774
26	31	2.77774
20	36	2.77397
6	17	2.36752
7	16	2.36752
3	6	2.26516
2	7	2.26516
18	20	2.19356
0	28	2.15681
0	11	-1.99634
1	10	-1.99634
3	15	1.68272
26	32	-1.4029
26	30	1.38887
6	16	1.18376
2	6	1.13258
0	10	-0.998168
3	14	0.841358
2	15	0.841358
2	14	0.420679
