0	1	2
46	47	2
48	49	2
50	51	2
52	53	2
54	55	2
56	57	2
44	45	2
58	59	2
62	63	2
64	65	2
66	67	2
68	69	2
70	71	2
72	73	2
60	61	2
74	75	2
42	43	2
38	39	2
10	11	2
12	13	2
14	15	2
16	17	2
18	19	2
20	21	2
40	41	2
22	23	2
26	27	2
28	29	2
30	31	2
32	33	2
34	35	2
36	37	2
24	25	2
76	77	2
78	79	2
80	81	2
120	121	2
122	123	2
124	125	2
126	127	2
128	129	2
130	131	2
118	119	2
132	133	2
136	137	2
138	139	2
140	141	2
142	143	2
144	145	2
146	147	2
134	135	2
116	117	2
114	115	2
112	113	2
82	83	2
84	85	2
86	87	2
88	89	2
90	91	2
92	93	2
94	95	2
96	97	2
98	99	2
100	101	2
102	103	2
104	105	2
106	107	2
108	109	2
110	111	2
8	9	2
6	7	2
148	149	2
2	3	2
4	5	2
99	127	0.199326
5	63	0.181703
23	83	0.144582
29	41	0.134372
17	69	0.127652
13	81	0.120667
98	127	0.0996629
99	126	0.0996629
4	63	0.0908517
5	62	0.0908517
1	21	0.0771414
17	145	0.0760526
23	82	0.0722908
22	83	0.0722908
119	143	0.0686397
28	41	0.0671862
29	40	0.0671862
17	68	0.0638262
16	69	0.0638262
12	81	0.0603335
13	80	0.0603335
7	57	0.058601
69	145	0.0565641
7	17	0.0528294
98	126	0.0498314
4	62	0.0454258
25	61	0.0402099
0	21	0.0385707
1	20	0.0385707
107	113	0.0383499
17	144	0.0380263
16	145	0.0380263
63	113	0.0375719
17	29	0.0364871
22	82	0.0361454
118	143	0.0343198
119	142	0.0343198
28	40	0.0335931
16	68	0.0319131
27	91	0.0310877
12	80	0.0301667
7	56	0.0293005
6	57	0.0293005
69	144	0.028282
68	145	0.028282
63	107	0.0280537
6	17	0.0264147
7	16	0.0264147
113	133	0.0240137
24	61	0.0201049
25	60	0.0201049
0	20	0.0192853
107	112	0.0191749
106	113	0.0191749
16	144	0.0190131
62	113	0.018786
63	112	0.018786
16	29	0.0182435
17	28	0.0182435
51	65	0.0180056
118	142	0.0171599
26	91	0.0155438
27	90	0.0155438
6	56	0.0146502
68	144	0.014141
63	106	0.0140269
62	107	0.0140269
17	57	0.0140018
5	113	0.0133411
29	57	0.0132607
29	145	0.0132575
6	16	0.0132074
112	133	0.0120069
113	132	0.0120069
41	57	0.0112962
24	60	0.0100525
106	112	0.00958747
62	112	0.00939299
16	28	0.00912177
51	64	0.00900281
50	65	0.00900281
5	107	0.00828716
115	127	0.00784308
26	90	0.00777192
31	123	0.007551
62	106	0.00701343
16	57	0.00700089
17	56	0.00700089
4	113	0.00667054
5	112	0.00667054
29	56	0.00663034
28	57	0.00663034
28	145	0.00662874
29	144	0.00662874
112	132	0.00600343
40	57	0.00564808
41	56	0.00564808
5	133	0.00503597
7	29	0.00462877
50	64	0.0045014
4	107	0.00414358
5	106	0.00414358
114	127	0.00392154
115	126	0.00392154
17	41	0.0038684
31	122	0.0037755
30	123	0.0037755
9	33	0.00360734
21	105	0.00355821
16	56	0.00350045
55	79	0.00347385
63	133	0.00346906
4	112	0.00333527
28	56	0.00331517
28	144	0.00331437
131	141	0.00309536
40	56	0.00282404
107	133	0.00268919
13	67	0.00257111
5	132	0.00251798
4	133	0.00251798
6	29	0.00231439
7	28	0.00231439
33	47	0.00228785
53	129	0.00223634
4	106	0.00207179
81	105	0.00200307
114	126	0.00196077
17	40	0.0019342
16	41	0.0019342
30	122	0.00188775
8	33	0.00180367
9	32	0.00180367
21	104	0.0017791
20	105	0.0017791
54	79	0.00173693
55	78	0.00173693
63	132	0.00173453
62	133	0.00173453
47	79	0.00172563
131	140	0.00154768
130	141	0.00154768
7	41	0.00139977
79	87	0.00137245
106	133	0.0013446
107	132	0.0013446
12	67	0.00128555
13	66	0.00128555
4	132	0.00125899
13	105	0.00124609
6	28	0.00115719
33	46	0.00114393
32	47	0.00114393
107	139	0.00111971
53	128	0.00111817
52	129	0.00111817
35	111	0.00110826
47	55	0.00108535
81	104	0.00100154
80	105	0.00100154
16	40	0.0009671
117	147	0.000922505
8	32	0.000901835
20	104	0.000889552
54	78	0.000868463
62	132	0.000867265
47	78	0.000862815
46	79	0.000862815
7	69	0.000835804
29	69	0.000809461
130	140	0.00077384
1	67	0.000742257
41	145	0.000720972
6	41	0.000699883
7	40	0.000699883
21	67	0.000699061
78	87	0.000686226
79	86	0.000686226
106	132	0.000672298
12	66	0.000642777
99	115	0.000638634
13	104	0.000623046
12	105	0.000623046
32	46	0.000571963
107	138	0.000559856
106	139	0.000559856
52	128	0.000559086
34	111	0.000554129
35	110	0.000554129
46	55	0.000542675
47	54	0.000542675
23	113	0.00053366
80	104	0.000500768
116	147	0.000461253
117	146	0.000461253
47	87	0.000452886
46	78	0.000431408
7	68	0.000417902
6	69	0.000417902
29	68	0.000404731
28	69	0.000404731
0	67	0.000371128
1	66	0.000371128
40	145	0.000360486
41	144	0.000360486
6	40	0.000349942
20	67	0.00034953
21	66	0.00034953
78	86	0.000343113
98	115	0.000319317
99	114	0.000319317
109	131	0.000314678
12	104	0.000311523
55	103	0.000280994
106	138	0.000279928
34	110	0.000277064
7	145	0.000272537
77	81	-0.000272337
46	54	0.000271338
23	112	0.00026683
22	113	0.00026683
55	87	0.000261237
19	25	0.000240668
49	113	-0.000235957
87	109	0.000233696
116	146	0.000230626
47	86	0.000226443
46	87	0.000226443
45	79	0.000216185
33	129	0.000210325
6	68	0.000208951
123	147	0.000207262
28	68	0.000202365
95	117	0.000201794
33	53	0.000199053
0	66	0.000185564
40	144	0.000180243
33	89	0.000180145
20	66	0.000174765
13	73	-0.000170779
67	135	-0.000164659
98	114	0.000159659
45	129	0.000158
108	131	0.000157339
109	130	0.000157339
9	123	0.000145565
5	23	0.000143979
29	53	0.000143885
73	81	-0.000141436
54	103	0.000140497
55	102	0.000140497
83	113	0.000138601
6	145	0.000136269
7	144	0.000136269
76	81	-0.000136169
77	80	-0.000136169
22	112	0.000133415
54	87	0.000130619
55	86	0.000130619
19	61	0.000129595
37	93	0.000127437
13	147	-0.000124132
18	25	0.000120334
19	24	0.000120334
23	63	0.000119408
57	145	0.000118429
49	112	-0.000117979
48	113	-0.000117979
87	108	0.000116848
86	109	0.000116848
55	141	0.00011678
49	107	-0.000116553
46	86	0.000113221
41	133	0.000112417
13	49	0.000111568
23	107	0.00010879
23	133	0.000108481
45	78	0.000108092
44	79	0.000108092
45	53	0.000106984
33	128	0.000105163
32	129	0.000105163
122	147	0.000103631
123	146	0.000103631
1	105	0.000102968
94	117	0.000100897
95	116	0.000100897
32	53	9.95264e-05
33	52	9.95264e-05
95	147	9.87294e-05
73	105	-9.52336e-05
79	109	9.13697e-05
33	88	9.00723e-05
32	89	9.00723e-05
89	103	8.94736e-05
117	123	8.564e-05
13	72	-8.53896e-05
12	73	-8.53896e-05
66	135	-8.23297e-05
67	134	-8.23297e-05
49	147	-8.16202e-05
25	71	8.08754e-05
123	129	7.99456e-05
44	129	7.90002e-05
45	128	7.90002e-05
108	130	7.86695e-05
49	105	7.65688e-05
8	123	7.27825e-05
9	122	7.27825e-05
4	23	7.19895e-05
5	22	7.19895e-05
29	52	7.19426e-05
28	53	7.19426e-05
72	81	-7.07179e-05
73	80	-7.07179e-05
49	63	-7.04009e-05
49	81	7.03186e-05
54	102	7.02486e-05
83	112	6.93007e-05
82	113	6.93007e-05
133	143	6.82017e-05
6	144	6.81343e-05
76	80	-6.80843e-05
33	79	6.66174e-05
54	86	6.53093e-05
19	60	6.47975e-05
18	61	6.47975e-05
57	69	6.41348e-05
77	121	6.3888e-05
37	92	6.37185e-05
36	93	6.37185e-05
83	133	6.2699e-05
12	147	-6.20661e-05
13	146	-6.20661e-05
18	24	6.0167e-05
22	63	5.9704e-05
23	62	5.9704e-05
57	144	5.92147e-05
56	145	5.92147e-05
48	112	-5.89893e-05
5	101	5.85882e-05
86	108	5.8424e-05
55	140	5.83902e-05
54	141	5.83902e-05
48	107	-5.82765e-05
49	106	-5.82765e-05
40	133	5.62087e-05
41	132	5.62087e-05
45	139	5.61737e-05
13	48	5.57842e-05
12	49	5.57842e-05
45	123	5.56125e-05
101	133	5.49151e-05
133	139	5.45133e-05
22	107	5.43949e-05
23	106	5.43949e-05
22	133	5.42403e-05
23	132	5.42403e-05
44	78	5.40462e-05
77	149	5.36464e-05
44	53	5.34921e-05
45	52	5.34921e-05
13	135	-5.3284e-05
32	128	5.25814e-05
122	146	5.18155e-05
0	105	5.14839e-05
1	104	5.14839e-05
94	116	5.04486e-05
32	52	4.97632e-05
5	83	4.9663e-05
41	69	4.95158e-05
95	146	4.93647e-05
94	147	4.93647e-05
33	123	4.82527e-05
72	105	-4.76168e-05
73	104	-4.76168e-05
137	149	4.74544e-05
25	77	4.69996e-05
101	113	4.69528e-05
7	133	4.63308e-05
101	107	4.63008e-05
109	141	4.62239e-05
78	109	4.56849e-05
79	108	4.56849e-05
32	88	4.50361e-05
89	102	4.47368e-05
88	103	4.47368e-05
67	105	4.39773e-05
117	122	4.282e-05
116	123	4.282e-05
12	72	-4.26948e-05
66	134	-4.11649e-05
48	147	-4.08101e-05
49	146	-4.08101e-05
25	70	4.04377e-05
24	71	4.04377e-05
77	95	4.02633e-05
123	128	3.99728e-05
122	129	3.99728e-05
89	123	3.95439e-05
44	128	3.95001e-05
55	131	3.87976e-05
29	129	3.87131e-05
77	147	3.83505e-05
48	105	3.82844e-05
49	104	3.82844e-05
13	77	-3.81084e-05
8	122	3.63912e-05
4	22	3.59948e-05
28	52	3.59713e-05
72	80	-3.5359e-05
48	63	-3.52004e-05
49	62	-3.52004e-05
49	80	3.51593e-05
48	81	3.51593e-05
82	112	3.46503e-05
29	45	3.45868e-05
133	142	3.41008e-05
132	143	3.41008e-05
107	147	3.34676e-05
32	79	3.33087e-05
33	78	3.33087e-05
18	60	3.23988e-05
56	69	3.20674e-05
57	68	3.20674e-05
77	120	3.1944e-05
76	121	3.1944e-05
36	92	3.18592e-05
83	132	3.13495e-05
82	133	3.13495e-05
12	146	-3.10331e-05
47	89	3.04282e-05
47	103	3.03713e-05
107	123	3.01969e-05
39	117	2.98775e-05
22	62	2.9852e-05
56	144	2.96073e-05
4	101	2.92941e-05
5	100	2.92941e-05
54	140	2.91951e-05
48	106	-2.91383e-05
40	132	2.81044e-05
44	139	2.80868e-05
45	138	2.80868e-05
12	48	2.78921e-05
45	122	2.78062e-05
44	123	2.78062e-05
81	109	-2.76452e-05
27	77	2.74748e-05
77	109	2.74631e-05
100	133	2.74575e-05
101	132	2.74575e-05
132	139	2.72567e-05
133	138	2.72567e-05
22	106	2.71974e-05
22	132	2.71201e-05
77	148	2.68232e-05
76	149	2.68232e-05
44	52	2.6746e-05
13	134	-2.6642e-05
12	135	-2.6642e-05
57	133	2.63423e-05
9	129	2.59917e-05
0	104	2.57419e-05
81	147	-2.52748e-05
4	83	2.48315e-05
5	82	2.48315e-05
41	68	2.47579e-05
40	69	2.47579e-05
94	146	2.46824e-05
71	77	2.45909e-05
77	87	2.42338e-05
33	122	2.41264e-05
32	123	2.41264e-05
31	45	2.40748e-05
72	104	-2.38084e-05
137	148	2.37272e-05
136	149	2.37272e-05
24	77	2.34998e-05
25	76	2.34998e-05
101	112	2.34764e-05
100	113	2.34764e-05
7	132	2.31654e-05
6	133	2.31654e-05
100	107	2.31504e-05
101	106	2.31504e-05
108	141	2.31119e-05
109	140	2.31119e-05
78	108	2.28424e-05
121	147	2.27522e-05
88	102	2.23684e-05
66	105	2.19886e-05
67	104	2.19886e-05
116	122	2.141e-05
41	129	2.12617e-05
25	117	2.11223e-05
48	146	-2.0405e-05
24	70	2.02188e-05
77	94	2.01317e-05
76	95	2.01317e-05
122	128	1.99864e-05
89	122	1.9772e-05
88	123	1.9772e-05
55	130	1.93988e-05
54	131	1.93988e-05
29	128	1.93566e-05
28	129	1.93566e-05
76	147	1.91752e-05
77	146	1.91752e-05
48	104	1.91422e-05
12	77	-1.90542e-05
13	76	-1.90542e-05
53	123	1.86025e-05
48	62	-1.76002e-05
48	80	1.75797e-05
77	79	1.75655e-05
28	45	1.72934e-05
29	44	1.72934e-05
132	142	1.70504e-05
107	146	1.67338e-05
106	147	1.67338e-05
25	147	1.66859e-05
32	78	1.66544e-05
56	68	1.60337e-05
76	120	1.5972e-05
83	107	1.58955e-05
71	93	1.57397e-05
82	132	1.56748e-05
47	88	1.52141e-05
46	89	1.52141e-05
46	103	1.51857e-05
47	102	1.51857e-05
106	123	1.50985e-05
107	122	1.50985e-05
38	117	1.49388e-05
39	116	1.49388e-05
73	113	1.4913e-05
45	55	1.47859e-05
63	83	1.46608e-05
4	100	1.4647e-05
44	138	1.40434e-05
79	141	1.39553e-05
44	122	1.39031e-05
9	31	1.38367e-05
80	109	-1.38226e-05
81	108	-1.38226e-05
26	77	1.37374e-05
27	76	1.37374e-05
76	109	1.37315e-05
77	108	1.37315e-05
100	132	1.37288e-05
132	138	1.36283e-05
76	148	1.34116e-05
12	134	-1.3321e-05
56	133	1.31712e-05
57	132	1.31712e-05
73	133	1.31598e-05
71	81	-1.29971e-05
8	129	1.29959e-05
9	128	1.29959e-05
101	137	1.26395e-05
81	146	-1.26374e-05
80	147	-1.26374e-05
77	91	1.24532e-05
4	82	1.24157e-05
45	87	1.2384e-05
40	68	1.2379e-05
71	76	1.22954e-05
70	77	1.22954e-05
76	87	1.21169e-05
77	86	1.21169e-05
32	122	1.20632e-05
30	45	1.20374e-05
31	44	1.20374e-05
63	101	1.197e-05
136	148	1.18636e-05
33	55	1.18171e-05
24	76	1.17499e-05
100	112	1.17382e-05
6	132	1.15827e-05
100	106	1.15752e-05
108	140	1.1556e-05
120	147	1.13761e-05
121	146	1.13761e-05
66	104	1.09943e-05
49	77	-1.09585e-05
29	133	1.08119e-05
121	149	1.07649e-05
40	129	1.06308e-05
41	128	1.06308e-05
24	117	1.05611e-05
25	116	1.05611e-05
79	131	1.04457e-05
76	94	1.00658e-05
88	122	9.88599e-06
19	71	9.76682e-06
54	130	9.69941e-06
28	128	9.67828e-06
37	131	9.66726e-06
76	146	9.58762e-06
12	76	-9.5271e-06
109	117	9.42109e-06
49	101	-9.35066e-06
53	122	9.30127e-06
52	123	9.30127e-06
31	147	9.13459e-06
25	109	8.92912e-06
77	78	8.78274e-06
76	79	8.78274e-06
28	44	8.64671e-06
106	146	8.36691e-06
24	147	8.34293e-06
25	146	8.34293e-06
83	106	7.94773e-06
82	107	7.94773e-06
70	93	7.86983e-06
71	92	7.86983e-06
13	95	-7.6906e-06
46	88	7.60704e-06
46	102	7.59284e-06
106	122	7.54923e-06
38	116	7.46938e-06
73	112	7.4565e-06
72	113	7.4565e-06
44	55	7.39296e-06
45	54	7.39296e-06
62	83	7.33041e-06
63	82	7.33041e-06
33	45	7.187e-06
47	53	7.11214e-06
78	141	6.97764e-06
79	140	6.97764e-06
9	30	6.91835e-06
8	31	6.91835e-06
95	121	6.91529e-06
80	108	-6.91129e-06
26	76	6.8687e-06
76	108	6.86577e-06
27	149	6.81271e-06
103	131	6.68787e-06
7	95	6.63838e-06
56	132	6.58559e-06
72	133	6.5799e-06
73	132	6.5799e-06
71	80	-6.49855e-06
70	81	-6.49855e-06
8	128	6.49793e-06
67	81	6.41557e-06
77	101	6.32622e-06
101	136	6.31976e-06
100	137	6.31976e-06
80	146	-6.31869e-06
76	91	6.2266e-06
77	90	6.2266e-06
44	87	6.19202e-06
45	86	6.19202e-06
33	87	6.16488e-06
70	76	6.14772e-06
19	77	6.14213e-06
31	117	6.12418e-06
76	86	6.05846e-06
113	147	6.0293e-06
30	44	6.0187e-06
62	101	5.98498e-06
63	100	5.98498e-06
31	107	5.97769e-06
13	109	-5.95553e-06
33	54	5.90854e-06
32	55	5.90854e-06
49	95	-5.79523e-06
61	81	-5.7895e-06
120	146	5.68805e-06
57	129	5.65413e-06
87	123	5.4813e-06
49	76	-5.47926e-06
48	77	-5.47926e-06
45	117	5.46691e-06
29	132	5.40594e-06
28	133	5.40594e-06
121	148	5.38247e-06
120	149	5.38247e-06
129	139	5.36447e-06
40	128	5.31541e-06
5	139	5.30469e-06
24	116	5.28057e-06
63	147	5.27155e-06
49	133	-5.26106e-06
78	131	5.22284e-06
79	130	5.22284e-06
71	109	5.2156e-06
97	147	5.21351e-06
5	143	5.11432e-06
19	70	4.88341e-06
18	71	4.88341e-06
36	131	4.83363e-06
37	130	4.83363e-06
71	117	4.80769e-06
35	47	4.79582e-06
109	116	4.71055e-06
108	117	4.71055e-06
48	101	-4.67533e-06
49	100	-4.67533e-06
52	122	4.65063e-06
41	107	4.62411e-06
30	147	4.5673e-06
31	146	4.5673e-06
33	57	4.54032e-06
77	137	4.52431e-06
24	109	4.46456e-06
25	108	4.46456e-06
76	78	4.39137e-06
45	99	4.34345e-06
13	25	-4.31899e-06
23	111	4.31744e-06
119	133	4.30637e-06
9	45	4.3021e-06
25	81	-4.26454e-06
123	139	4.26386e-06
61	99	4.17925e-06
24	146	4.17147e-06
45	141	4.12137e-06
82	106	3.97387e-06
87	103	3.96126e-06
70	92	3.93492e-06
89	139	3.88723e-06
13	94	-3.8453e-06
12	95	-3.8453e-06
37	89	3.79118e-06
53	55	3.75929e-06
9	89	3.74691e-06
72	112	3.72825e-06
44	54	3.69648e-06
62	82	3.6652e-06
32	45	3.5935e-06
33	44	3.5935e-06
46	53	3.55607e-06
47	52	3.55607e-06
41	53	3.50186e-06
41	45	3.49518e-06
78	140	3.48882e-06
8	30	3.45917e-06
94	121	3.45764e-06
95	120	3.45764e-06
133	147	3.43489e-06
103	141	3.41577e-06
27	148	3.40636e-06
26	149	3.40636e-06
71	147	3.40211e-06
103	130	3.34393e-06
102	131	3.34393e-06
13	61	-3.3228e-06
6	95	3.31919e-06
7	94	3.31919e-06
7	33	3.3125e-06
87	117	3.30126e-06
72	132	3.28995e-06
70	80	-3.24927e-06
113	139	3.2246e-06
66	81	3.20779e-06
67	80	3.20779e-06
77	100	3.16311e-06
76	101	3.16311e-06
100	136	3.15988e-06
76	90	3.1133e-06
44	86	3.09601e-06
33	86	3.08244e-06
32	87	3.08244e-06
18	77	3.07106e-06
19	76	3.07106e-06
31	116	3.06209e-06
30	117	3.06209e-06
112	147	3.01465e-06
113	146	3.01465e-06
62	100	2.99249e-06
30	107	2.98884e-06
31	106	2.98884e-06
13	108	-2.97777e-06
12	109	-2.97777e-06
32	54	2.95427e-06
49	94	-2.89762e-06
48	95	-2.89762e-06
61	80	-2.89475e-06
60	81	-2.89475e-06
56	129	2.82706e-06
57	128	2.82706e-06
86	123	2.74065e-06
87	122	2.74065e-06
48	76	-2.73963e-06
44	117	2.73345e-06
45	116	2.73345e-06
28	132	2.70297e-06
95	129	2.69422e-06
120	148	2.69123e-06
129	138	2.68224e-06
128	139	2.68224e-06
5	138	2.65234e-06
4	139	2.65234e-06
62	147	2.63578e-06
63	146	2.63578e-06
49	132	-2.63053e-06
48	133	-2.63053e-06
13	21	2.62371e-06
29	33	2.62369e-06
78	130	2.61142e-06
70	109	2.6078e-06
71	108	2.6078e-06
97	146	2.60676e-06
96	147	2.60676e-06
5	142	2.55716e-06
4	143	2.55716e-06
67	73	-2.48676e-06
18	70	2.44171e-06
47	77	2.43491e-06
36	130	2.41681e-06
70	117	2.40385e-06
71	116	2.40385e-06
35	46	2.39791e-06
34	47	2.39791e-06
7	129	2.39649e-06
108	116	2.35527e-06
48	100	-2.33767e-06
35	79	2.33615e-06
41	106	2.31206e-06
40	107	2.31206e-06
30	146	2.28365e-06
33	41	2.27438e-06
33	56	2.27016e-06
32	57	2.27016e-06
77	136	2.26215e-06
76	137	2.26215e-06
24	108	2.23228e-06
45	98	2.17173e-06
44	99	2.17173e-06
13	24	-2.15949e-06
12	25	-2.15949e-06
23	110	2.15872e-06
22	111	2.15872e-06
118	133	2.15319e-06
119	132	2.15319e-06
8	45	2.15105e-06
9	44	2.15105e-06
25	80	-2.13227e-06
24	81	-2.13227e-06
123	138	2.13193e-06
122	139	2.13193e-06
99	109	2.12958e-06
60	99	2.08963e-06
61	98	2.08963e-06
81	95	-2.06642e-06
45	140	2.06069e-06
44	141	2.06069e-06
55	109	2.0476e-06
13	117	-2.01732e-06
45	47	1.98445e-06
86	103	1.98063e-06
87	102	1.98063e-06
77	117	1.96079e-06
5	49	-1.95064e-06
63	143	1.9464e-06
88	139	1.94361e-06
89	138	1.94361e-06
12	94	-1.92265e-06
63	95	1.91508e-06
37	88	1.89559e-06
36	89	1.89559e-06
52	55	1.87964e-06
53	54	1.87964e-06
8	89	1.87346e-06
9	88	1.87346e-06
32	44	1.79675e-06
46	52	1.77803e-06
41	52	1.75093e-06
40	53	1.75093e-06
40	45	1.74759e-06
41	44	1.74759e-06
53	79	1.74388e-06
49	71	-1.73621e-06
94	120	1.72882e-06
31	89	1.7227e-06
132	147	1.71744e-06
133	146	1.71744e-06
102	141	1.70788e-06
103	140	1.70788e-06
26	148	1.70318e-06
71	146	1.70105e-06
70	147	1.70105e-06
102	130	1.67197e-06
12	61	-1.6614e-06
13	60	-1.6614e-06
6	94	1.65959e-06
7	32	1.65625e-06
6	33	1.65625e-06
41	63	1.65069e-06
86	117	1.65063e-06
87	116	1.65063e-06
57	147	1.64386e-06
15	25	1.63423e-06
113	138	1.6123e-06
112	139	1.6123e-06
66	80	1.60389e-06
61	71	1.60188e-06
17	133	1.59869e-06
76	100	1.58155e-06
32	86	1.54122e-06
18	76	1.53553e-06
30	116	1.53105e-06
112	146	1.50733e-06
30	106	1.49442e-06
12	108	-1.48888e-06
41	113	1.47794e-06
29	107	1.47789e-06
53	117	1.46511e-06
48	94	-1.44881e-06
60	80	-1.44737e-06
61	77	1.44316e-06
56	128	1.41353e-06
63	139	1.39378e-06
39	95	1.38936e-06
109	147	1.38312e-06
79	149	1.37284e-06
86	122	1.37033e-06
44	116	1.36673e-06
95	128	1.34711e-06
94	129	1.34711e-06
128	138	1.34112e-06
4	138	1.32617e-06
62	146	1.31789e-06
113	123	1.31748e-06
48	132	-1.31527e-06
13	20	1.31185e-06
12	21	1.31185e-06
28	33	1.31185e-06
29	32	1.31185e-06
70	108	1.3039e-06
96	146	1.30338e-06
19	81	-1.28859e-06
4	142	1.27858e-06
79	123	1.26109e-06
67	72	-1.24338e-06
66	73	-1.24338e-06
33	77	1.22942e-06
46	77	1.21745e-06
47	76	1.21745e-06
83	101	1.21317e-06
37	71	1.2091e-06
70	116	1.20192e-06
34	46	1.19896e-06
7	128	1.19824e-06
6	129	1.19824e-06
79	129	1.18414e-06
17	129	1.17643e-06
35	78	1.16807e-06
34	79	1.16807e-06
40	106	1.15603e-06
33	40	1.13719e-06
32	41	1.13719e-06
32	56	1.13508e-06
76	136	1.13108e-06
51	137	-1.10581e-06
44	98	1.08586e-06
12	24	-1.07975e-06
22	110	1.07936e-06
118	132	1.07659e-06
8	44	1.07553e-06
24	80	-1.06614e-06
122	138	1.06596e-06
99	108	1.06479e-06
98	109	1.06479e-06
31	139	1.053e-06
87	149	1.05185e-06
60	98	1.04481e-06
80	95	-1.03321e-06
81	94	-1.03321e-06
44	140	1.03034e-06
95	101	1.02882e-06
54	109	1.0238e-06
55	108	1.0238e-06
13	116	-1.00866e-06
12	117	-1.00866e-06
45	46	9.92223e-07
44	47	9.92223e-07
86	102	9.90316e-07
77	116	9.80396e-07
76	117	9.80396e-07
4	49	-9.75321e-07
5	48	-9.75321e-07
63	142	9.732e-07
62	143	9.732e-07
88	138	9.71807e-07
62	95	9.57541e-07
63	94	9.57541e-07
36	88	9.47796e-07
52	54	9.39822e-07
8	88	9.36728e-07
41	139	9.28298e-07
97	117	9.17223e-07
117	129	9.17041e-07
49	121	-9.16051e-07
37	109	9.14322e-07
117	135	8.93642e-07
49	73	-8.77734e-07
40	52	8.75466e-07
40	44	8.73794e-07
53	78	8.71942e-07
52	79	8.71942e-07
81	87	-8.7191e-07
48	71	-8.68103e-07
49	70	-8.68103e-07
30	89	8.61352e-07
31	88	8.61352e-07
45	57	8.60754e-07
132	146	8.58722e-07
102	140	8.53942e-07
70	146	8.50527e-07
95	133	8.37131e-07
12	60	-8.307e-07
6	32	8.28125e-07
41	62	8.25344e-07
40	63	8.25344e-07
86	116	8.25314e-07
57	146	8.21928e-07
56	147	8.21928e-07
101	139	8.20948e-07
14	25	8.17113e-07
15	24	8.17113e-07
17	95	8.13646e-07
112	138	8.06149e-07
61	70	8.00939e-07
60	71	8.00939e-07
16	133	7.99344e-07
17	132	7.99344e-07
129	147	7.94601e-07
117	121	7.91838e-07
23	101	7.69798e-07
61	109	7.49876e-07
25	95	7.42596e-07
41	112	7.38969e-07
40	113	7.38969e-07
28	107	7.38945e-07
29	106	7.38945e-07
119	139	7.35682e-07
81	117	-7.34644e-07
67	117	-7.34229e-07
52	117	7.32554e-07
53	116	7.32554e-07
61	76	7.21578e-07
60	77	7.21578e-07
9	53	7.18254e-07
31	129	7.01776e-07
81	101	-6.98508e-07
62	139	6.96888e-07
63	138	6.96888e-07
38	95	6.94679e-07
39	94	6.94679e-07
47	149	6.91842e-07
108	147	6.91559e-07
109	146	6.91559e-07
29	123	6.88201e-07
78	149	6.86418e-07
79	148	6.86418e-07
94	128	6.73556e-07
61	127	6.73267e-07
87	101	6.70817e-07
49	117	-6.6899e-07
13	113	-6.65607e-07
113	122	6.58738e-07
112	123	6.58738e-07
121	135	6.57982e-07
12	20	6.55927e-07
28	32	6.55923e-07
18	81	-6.44297e-07
19	80	-6.44297e-07
78	123	6.30546e-07
79	122	6.30546e-07
66	72	-6.2169e-07
99	141	6.16995e-07
32	77	6.14708e-07
33	76	6.14708e-07
46	76	6.08727e-07
83	100	6.06586e-07
82	101	6.06586e-07
36	71	6.04549e-07
37	70	6.04549e-07
6	128	5.99122e-07
79	128	5.92072e-07
78	129	5.92072e-07
16	129	5.88216e-07
17	128	5.88216e-07
34	78	5.84037e-07
29	95	5.82308e-07
32	40	5.68594e-07
59	73	5.68233e-07
50	137	-5.52903e-07
51	136	-5.52903e-07
33	103	5.37865e-07
47	123	5.34636e-07
98	108	5.32395e-07
29	139	5.27942e-07
30	139	5.265e-07
31	138	5.265e-07
87	148	5.25926e-07
86	149	5.25926e-07
80	94	-5.16606e-07
95	100	5.14409e-07
94	101	5.14409e-07
54	108	5.119e-07
12	116	-5.04331e-07
99	117	5.0105e-07
44	46	4.96111e-07
57	143	4.91992e-07
76	116	4.90198e-07
4	48	-4.87661e-07
31	53	4.87171e-07
62	142	4.866e-07
57	95	4.84719e-07
53	145	4.84082e-07
101	129	4.83936e-07
62	94	4.7877e-07
41	101	4.74114e-07
21	135	-4.69909e-07
33	147	4.68851e-07
41	138	4.64149e-07
40	139	4.64149e-07
61	117	4.62339e-07
97	116	4.58611e-07
96	117	4.58611e-07
116	129	4.5852e-07
117	128	4.5852e-07
48	121	-4.58025e-07
49	120	-4.58025e-07
36	109	4.57161e-07
37	108	4.57161e-07
29	143	4.56356e-07
53	57	4.51167e-07
33	149	4.48436e-07
116	135	4.46821e-07
117	134	4.46821e-07
121	137	4.46303e-07
48	73	-4.38867e-07
49	72	-4.38867e-07
52	78	4.35971e-07
80	87	-4.35955e-07
81	86	-4.35955e-07
48	70	-4.34052e-07
105	133	-4.33836e-07
53	147	4.32641e-07
30	88	4.30676e-07
45	56	4.30377e-07
44	57	4.30377e-07
33	117	4.19002e-07
94	133	4.18565e-07
95	132	4.18565e-07
31	49	-4.17732e-07
29	63	4.15143e-07
40	62	4.12672e-07
56	146	4.10964e-07
101	138	4.10474e-07
100	139	4.10474e-07
14	24	4.08556e-07
16	95	4.06823e-07
17	94	4.06823e-07
33	35	4.0501e-07
1	13	4.03312e-07
77	123	4.02739e-07
60	70	4.0047e-07
16	132	3.99672e-07
45	147	3.99181e-07
129	146	3.973e-07
128	147	3.973e-07
103	109	3.96294e-07
83	111	3.96265e-07
116	121	3.95919e-07
117	120	3.95919e-07
5	41	3.91004e-07
61	147	3.88681e-07
23	100	3.84899e-07
22	101	3.84899e-07
27	85	3.83564e-07
109	149	3.81786e-07
31	33	3.78405e-07
61	108	3.74938e-07
60	109	3.74938e-07
45	127	3.72472e-07
25	94	3.71298e-07
24	95	3.71298e-07
105	147	-3.69629e-07
40	112	3.69485e-07
28	106	3.69473e-07
63	73	3.69325e-07
119	138	3.67841e-07
118	139	3.67841e-07
80	117	-3.67322e-07
81	116	-3.67322e-07
66	117	-3.67115e-07
67	116	-3.67115e-07
52	116	3.66277e-07
49	123	-3.6546e-07
55	129	3.64898e-07
29	147	3.63517e-07
60	76	3.60789e-07
99	147	3.60103e-07
91	121	3.59843e-07
9	52	3.59127e-07
8	53	3.59127e-07
30	129	3.50888e-07
31	128	3.50888e-07
77	85	3.50598e-07
80	101	-3.49254e-07
81	100	-3.49254e-07
62	138	3.48444e-07
38	94	3.4734e-07
95	107	3.46111e-07
47	148	3.45921e-07
46	149	3.45921e-07
108	146	3.45779e-07
17	33	3.44874e-07
29	122	3.441e-07
28	123	3.441e-07
78	148	3.43209e-07
21	45	-3.41087e-07
47	129	3.39457e-07
60	127	3.36633e-07
61	126	3.36633e-07
86	101	3.35408e-07
87	100	3.35408e-07
79	103	3.35153e-07
41	147	3.34768e-07
48	117	-3.34495e-07
49	116	-3.34495e-07
87	147	3.34389e-07
21	81	3.33921e-07
13	112	-3.32803e-07
12	113	-3.32803e-07
55	89	3.30292e-07
112	122	3.29369e-07
121	134	3.28991e-07
120	135	3.28991e-07
101	111	3.23261e-07
18	80	-3.22148e-07
78	122	3.15273e-07
33	145	3.08882e-07
98	141	3.08497e-07
99	140	3.08497e-07
32	76	3.07354e-07
82	100	3.03293e-07
36	70	3.02275e-07
117	127	3.01559e-07
78	128	2.96036e-07
41	95	2.95477e-07
16	128	2.94108e-07
77	107	2.91431e-07
28	95	2.91154e-07
29	94	2.91154e-07
57	113	2.84335e-07
58	73	2.84117e-07
59	72	2.84117e-07
50	136	-2.76452e-07
87	89	2.76091e-07
25	99	2.7204e-07
59	113	2.70247e-07
32	103	2.68932e-07
33	102	2.68932e-07
47	122	2.67318e-07
46	123	2.67318e-07
105	109	-2.64833e-07
28	139	2.63971e-07
29	138	2.63971e-07
29	119	2.63947e-07
30	138	2.6325e-07
86	148	2.62963e-07
94	100	2.57204e-07
47	111	2.53109e-07
13	19	-2.52293e-07
1	45	-2.50871e-07
99	116	2.50525e-07
98	117	2.50525e-07
5	73	2.4986e-07
56	143	2.45996e-07
57	142	2.45996e-07
31	52	2.43586e-07
30	53	2.43586e-07
53	87	2.43318e-07
29	113	2.426e-07
57	94	2.42359e-07
56	95	2.42359e-07
52	145	2.42041e-07
53	144	2.42041e-07
101	128	2.41968e-07
100	129	2.41968e-07
5	119	2.3725e-07
40	101	2.37057e-07
41	100	2.37057e-07
20	135	-2.34954e-07
21	134	-2.34954e-07
33	146	2.34425e-07
32	147	2.34425e-07
40	138	2.32075e-07
1	49	2.31273e-07
60	117	2.31169e-07
61	116	2.31169e-07
89	129	2.29812e-07
96	116	2.29306e-07
116	128	2.2926e-07
48	120	-2.29013e-07
36	108	2.2858e-07
29	142	2.28178e-07
28	143	2.28178e-07
23	29	2.28174e-07
53	56	2.25583e-07
52	57	2.25583e-07
32	149	2.24218e-07
33	148	2.24218e-07
116	134	2.2341e-07
120	137	2.23151e-07
121	136	2.23151e-07
107	117	2.22412e-07
95	137	2.2167e-07
48	72	-2.19433e-07
80	86	-2.17978e-07
41	123	2.17883e-07
104	133	-2.16918e-07
105	132	-2.16918e-07
53	146	2.16321e-07
52	147	2.16321e-07
44	56	2.15188e-07
31	93	2.15101e-07
57	79	2.10697e-07
32	117	2.09501e-07
33	116	2.09501e-07
94	132	2.09283e-07
30	49	-2.08866e-07
31	48	-2.08866e-07
57	107	2.08676e-07
29	62	2.07572e-07
28	63	2.07572e-07
100	138	2.05237e-07
16	94	2.03411e-07
33	34	2.02505e-07
32	35	2.02505e-07
0	13	2.01656e-07
1	12	2.01656e-07
76	123	2.0137e-07
77	122	2.0137e-07
45	146	1.9959e-07
44	147	1.9959e-07
128	146	1.9865e-07
99	123	1.98586e-07
102	109	1.98147e-07
103	108	1.98147e-07
83	110	1.98132e-07
82	111	1.98132e-07
116	120	1.97959e-07
5	40	1.95502e-07
4	41	1.95502e-07
107	129	1.95411e-07
60	147	1.9434e-07
61	146	1.9434e-07
73	143	1.9428e-07
19	117	1.92573e-07
22	100	1.92449e-07
27	84	1.91782e-07
26	85	1.91782e-07
108	149	1.90893e-07
109	148	1.90893e-07
53	89	1.89932e-07
30	33	1.89202e-07
31	32	1.89202e-07
60	108	1.87469e-07
45	131	1.86638e-07
45	126	1.86236e-07
44	127	1.86236e-07
1	135	-1.85758e-07
24	94	1.85649e-07
57	123	1.85632e-07
104	147	-1.84815e-07
105	146	-1.84815e-07
62	73	1.84662e-07
63	72	1.84662e-07
101	105	-1.84237e-07
118	138	1.8392e-07
80	116	-1.83661e-07
66	116	-1.83557e-07
55	149	1.82845e-07
48	123	-1.8273e-07
49	122	-1.8273e-07
54	129	1.82449e-07
55	128	1.82449e-07
28	147	1.81758e-07
29	146	1.81758e-07
99	146	1.80052e-07
98	147	1.80052e-07
90	121	1.79921e-07
91	120	1.79921e-07
8	52	1.79564e-07
63	105	-1.77551e-07
39	129	1.76564e-07
45	89	1.75684e-07
30	128	1.75444e-07
76	85	1.75299e-07
77	84	1.75299e-07
80	100	-1.74627e-07
95	106	1.73055e-07
94	107	1.73055e-07
46	148	1.72961e-07
16	33	1.72437e-07
17	32	1.72437e-07
28	122	1.7205e-07
21	44	-1.70544e-07
20	45	-1.70544e-07
89	107	1.70315e-07
23	41	1.69988e-07
46	129	1.69728e-07
47	128	1.69728e-07
59	135	1.69253e-07
111	129	1.68372e-07
60	126	1.68317e-07
86	100	1.67704e-07
79	102	1.67576e-07
78	103	1.67576e-07
40	147	1.67384e-07
41	146	1.67384e-07
48	116	-1.67248e-07
86	147	1.67195e-07
87	146	1.67195e-07
129	145	1.67139e-07
21	80	1.6696e-07
20	81	1.6696e-07
12	112	-1.66402e-07
117	139	1.66342e-07
7	45	1.65858e-07
55	88	1.65146e-07
54	89	1.65146e-07
95	135	1.64934e-07
120	134	1.64495e-07
100	111	1.6163e-07
101	110	1.6163e-07
53	141	1.61192e-07
41	49	-1.60688e-07
9	79	1.58589e-07
15	61	1.57669e-07
79	117	1.57263e-07
7	53	1.56048e-07
33	144	1.54441e-07
32	145	1.54441e-07
98	140	1.54249e-07
45	107	1.53909e-07
113	143	1.53353e-07
33	39	1.51684e-07
116	127	1.50779e-07
117	126	1.50779e-07
101	123	1.50218e-07
7	63	1.49207e-07
45	133	1.48692e-07
57	139	1.48485e-07
5	7	1.47777e-07
40	95	1.47738e-07
41	94	1.47738e-07
37	117	1.46594e-07
76	107	1.45715e-07
77	106	1.45715e-07
5	147	1.45614e-07
28	94	1.45577e-07
7	113	1.43884e-07
57	112	1.42168e-07
56	113	1.42168e-07
58	72	1.42058e-07
53	139	1.39208e-07
87	88	1.38045e-07
86	89	1.38045e-07
123	133	1.37909e-07
25	121	1.37278e-07
5	29	1.37002e-07
24	99	1.3602e-07
25	98	1.3602e-07
59	112	1.35123e-07
58	113	1.35123e-07
32	102	1.34466e-07
46	122	1.33659e-07
79	147	1.33489e-07
29	117	1.32866e-07
79	89	1.32826e-07
104	109	-1.32416e-07
105	108	-1.32416e-07
83	143	1.32168e-07
28	138	1.31986e-07
28	119	1.31974e-07
29	118	1.31974e-07
49	137	-1.31133e-07
117	141	1.28371e-07
46	111	1.26555e-07
47	110	1.26555e-07
13	18	-1.26146e-07
12	19	-1.26146e-07
119	147	1.2592e-07
1	44	-1.25436e-07
0	45	-1.25436e-07
98	116	1.25263e-07
5	72	1.2493e-07
4	73	1.2493e-07
13	71	-1.23602e-07
17	53	1.23531e-07
56	142	1.22998e-07
30	52	1.21793e-07
52	87	1.21659e-07
53	86	1.21659e-07
29	112	1.213e-07
28	113	1.213e-07
56	94	1.2118e-07
52	144	1.21021e-07
100	128	1.20984e-07
13	133	-1.20799e-07
67	147	-1.18656e-07
5	118	1.18625e-07
4	119	1.18625e-07
40	100	1.18528e-07
20	134	-1.17477e-07
32	146	1.17213e-07
0	49	1.15637e-07
1	48	1.15637e-07
60	116	1.15585e-07
89	128	1.14906e-07
88	129	1.14906e-07
111	137	1.14447e-07
28	142	1.14089e-07
23	28	1.14087e-07
22	29	1.14087e-07
95	105	-1.1405e-07
73	101	1.13439e-07
41	83	1.13357e-07
107	143	1.13244e-07
49	93	-1.12795e-07
52	56	1.12792e-07
77	105	-1.12337e-07
32	148	1.12109e-07
120	136	1.11576e-07
106	117	1.11206e-07
107	116	1.11206e-07
105	139	-1.10857e-07
94	137	1.10835e-07
95	136	1.10835e-07
63	119	1.10119e-07
9	117	1.10025e-07
13	121	-1.09916e-07
13	63	-1.09778e-07
41	122	1.08941e-07
40	123	1.08941e-07
41	143	1.08839e-07
104	132	-1.08459e-07
52	146	1.0816e-07
31	92	1.0755e-07
30	93	1.0755e-07
143	147	1.06678e-07
56	79	1.05349e-07
57	78	1.05349e-07
32	116	1.0475e-07
30	48	-1.04433e-07
56	107	1.04338e-07
57	106	1.04338e-07
99	131	1.04215e-07
28	62	1.03786e-07
139	147	1.02568e-07
87	141	1.01792e-07
32	34	1.01252e-07
57	119	1.01059e-07
0	12	1.00828e-07
76	122	1.00685e-07
44	146	9.97951e-08
85	91	9.94808e-08
99	122	9.92931e-08
98	123	9.92931e-08
25	123	9.91688e-08
102	108	9.90735e-08
82	110	9.90662e-08
7	143	9.9e-08
4	40	9.7751e-08
106	129	9.77054e-08
107	128	9.77054e-08
60	146	9.71702e-08
73	142	9.71399e-08
72	143	9.71399e-08
19	116	9.62864e-08
18	117	9.62864e-08
26	84	9.58911e-08
108	148	9.54464e-08
49	67	9.51098e-08
52	89	9.49661e-08
53	88	9.49661e-08
30	32	9.46012e-08
7	147	9.44553e-08
5	95	9.43234e-08
29	83	9.40576e-08
45	130	9.33192e-08
44	131	9.33192e-08
44	126	9.3118e-08
0	135	-9.2879e-08
1	134	-9.2879e-08
127	131	9.28562e-08
57	122	9.28162e-08
56	123	9.28162e-08
104	146	-9.24073e-08
31	113	9.23441e-08
62	72	9.23312e-08
100	105	-9.21183e-08
101	104	-9.21183e-08
55	148	9.14226e-08
54	149	9.14226e-08
48	122	-9.13649e-08
19	95	9.13467e-08
54	128	9.12244e-08
105	113	-9.10765e-08
7	23	9.10533e-08
135	147	9.098e-08
28	146	9.08792e-08
98	146	9.00258e-08
90	120	8.99606e-08
87	129	8.99381e-08
63	104	-8.87756e-08
62	105	-8.87756e-08
39	128	8.82818e-08
38	129	8.82818e-08
44	89	8.78418e-08
45	88	8.78418e-08
76	84	8.76495e-08
94	106	8.65277e-08
16	32	8.62186e-08
20	44	-8.52719e-08
88	107	8.51576e-08
89	106	8.51576e-08
22	41	8.4994e-08
23	40	8.4994e-08
7	79	8.49511e-08
46	128	8.48642e-08
21	73	-8.48296e-08
58	135	8.46264e-08
59	134	8.46264e-08
33	111	8.45887e-08
111	128	8.4186e-08
110	129	8.4186e-08
78	102	8.37882e-08
40	146	8.3692e-08
87	139	8.36749e-08
67	109	-8.35993e-08
86	146	8.35973e-08
129	144	8.35693e-08
128	145	8.35693e-08
20	80	8.34802e-08
103	123	8.32579e-08
117	138	8.31709e-08
116	139	8.31709e-08
7	44	8.29288e-08
6	45	8.29288e-08
54	88	8.25729e-08
39	109	8.24798e-08
94	135	8.24672e-08
95	134	8.24672e-08
81	113	-8.24209e-08
59	63	8.15434e-08
100	110	8.08152e-08
53	140	8.05958e-08
52	141	8.05958e-08
40	49	-8.03439e-08
41	48	-8.03439e-08
21	49	7.98058e-08
49	139	-7.98033e-08
8	79	7.92944e-08
9	78	7.92944e-08
15	60	7.88345e-08
14	61	7.88345e-08
78	117	7.86313e-08
79	116	7.86313e-08
123	127	7.83929e-08
95	113	7.83384e-08
7	52	7.80242e-08
6	53	7.80242e-08
32	144	7.72204e-08
27	121	7.70037e-08
45	106	7.69543e-08
44	107	7.69543e-08
13	87	-7.69175e-08
113	142	7.66764e-08
112	143	7.66764e-08
32	39	7.58419e-08
33	38	7.58419e-08
116	126	7.53897e-08
101	122	7.51089e-08
100	123	7.51089e-08
6	63	7.46037e-08
7	62	7.46037e-08
45	132	7.43462e-08
44	133	7.43462e-08
57	138	7.42427e-08
56	139	7.42427e-08
13	99	-7.40835e-08
31	101	7.39637e-08
5	6	7.38884e-08
4	7	7.38884e-08
40	94	7.38692e-08
36	117	7.32972e-08
37	116	7.32972e-08
76	106	7.28577e-08
5	146	7.28072e-08
4	147	7.28072e-08
57	117	7.22928e-08
7	112	7.19421e-08
6	113	7.19421e-08
7	83	7.15815e-08
56	112	7.10838e-08
53	111	7.07123e-08
52	139	6.96039e-08
53	138	6.96039e-08
86	88	6.90227e-08
123	132	6.89545e-08
122	133	6.89545e-08
24	121	6.86388e-08
25	120	6.86388e-08
4	29	6.85012e-08
5	28	6.85012e-08
24	98	6.80099e-08
58	112	6.75617e-08
39	53	6.68498e-08
79	146	6.67447e-08
78	147	6.67447e-08
28	117	6.64328e-08
29	116	6.64328e-08
79	88	6.64128e-08
78	89	6.64128e-08
104	108	-6.62082e-08
83	142	6.60842e-08
82	143	6.60842e-08
28	118	6.59869e-08
48	137	-6.55663e-08
49	136	-6.55663e-08
57	63	6.49202e-08
63	81	-6.43956e-08
117	140	6.41856e-08
116	141	6.41856e-08
77	113	6.4128e-08
139	143	6.35218e-08
46	110	6.32773e-08
127	141	6.31342e-08
12	18	-6.30732e-08
119	146	6.296e-08
118	147	6.296e-08
0	44	-6.27178e-08
4	72	6.2465e-08
12	71	-6.18008e-08
13	70	-6.18008e-08
17	52	6.17655e-08
16	53	6.17655e-08
101	147	6.10906e-08
87	131	6.09017e-08
52	86	6.08295e-08
28	112	6.06499e-08
12	133	-6.03994e-08
13	132	-6.03994e-08
7	107	6.00283e-08
127	147	5.99689e-08
67	146	-5.93279e-08
66	147	-5.93279e-08
4	118	5.93124e-08
5	31	5.8621e-08
0	48	5.78183e-08
88	128	5.74531e-08
111	136	5.72234e-08
110	137	5.72234e-08
22	28	5.70435e-08
95	104	-5.7025e-08
94	105	-5.7025e-08
73	100	5.67194e-08
72	101	5.67194e-08
40	83	5.66785e-08
41	82	5.66785e-08
107	142	5.66219e-08
106	143	5.66219e-08
115	119	5.65956e-08
49	92	-5.63974e-08
48	93	-5.63974e-08
77	129	5.63865e-08
77	104	-5.61686e-08
76	105	-5.61686e-08
37	87	5.58555e-08
106	116	5.5603e-08
105	138	-5.54283e-08
104	139	-5.54283e-08
94	136	5.54175e-08
63	118	5.50594e-08
62	119	5.50594e-08
9	116	5.50126e-08
8	117	5.50126e-08
13	120	-5.49582e-08
12	121	-5.49582e-08
12	63	-5.48891e-08
13	62	-5.48891e-08
40	122	5.44707e-08
41	142	5.44193e-08
40	143	5.44193e-08
31	99	5.43724e-08
30	92	5.37752e-08
29	79	5.37165e-08
117	131	5.36436e-08
142	147	5.33391e-08
143	146	5.33391e-08
71	107	5.30913e-08
56	78	5.26744e-08
56	106	5.2169e-08
98	131	5.21075e-08
99	130	5.21075e-08
79	99	5.20331e-08
5	17	5.17584e-08
139	146	5.1284e-08
138	147	5.1284e-08
87	140	5.08962e-08
86	141	5.08962e-08
57	118	5.05296e-08
56	119	5.05296e-08
85	90	4.97404e-08
84	91	4.97404e-08
98	122	4.96465e-08
24	123	4.95844e-08
25	122	4.95844e-08
105	107	-4.95393e-08
6	143	4.95e-08
7	142	4.95e-08
106	128	4.88527e-08
17	143	4.87059e-08
72	142	4.857e-08
19	83	4.83153e-08
18	116	4.81432e-08
45	109	4.77224e-08
49	66	4.75549e-08
48	67	4.75549e-08
107	119	4.75265e-08
52	88	4.7483e-08
6	147	4.72276e-08
7	146	4.72276e-08
5	94	4.71617e-08
4	95	4.71617e-08
55	123	4.70309e-08
29	82	4.70288e-08
28	83	4.70288e-08
5	57	4.69567e-08
44	130	4.66596e-08
0	134	-4.64395e-08
126	131	4.64281e-08
127	130	4.64281e-08
56	122	4.64081e-08
30	113	4.61721e-08
31	112	4.61721e-08
100	104	-4.60591e-08
13	79	-4.5968e-08
54	148	4.57113e-08
18	95	4.56734e-08
19	94	4.56734e-08
105	112	-4.55383e-08
104	113	-4.55383e-08
6	23	4.55266e-08
7	22	4.55266e-08
135	146	4.549e-08
134	147	4.549e-08
87	128	4.4969e-08
86	129	4.4969e-08
45	77	4.48834e-08
62	104	-4.43878e-08
25	105	-4.41632e-08
38	128	4.41409e-08
31	37	4.39464e-08
44	88	4.39209e-08
33	121	4.3304e-08
15	91	4.30974e-08
88	106	4.25788e-08
22	40	4.2497e-08
7	78	4.24755e-08
6	79	4.24755e-08
33	139	4.2466e-08
20	73	-4.24148e-08
21	72	-4.24148e-08
58	134	4.23132e-08
33	110	4.22944e-08
32	111	4.22944e-08
110	128	4.2093e-08
87	138	4.18374e-08
86	139	4.18374e-08
67	108	-4.17997e-08
66	109	-4.17997e-08
128	144	4.17846e-08
91	103	4.16661e-08
102	123	4.16289e-08
103	122	4.16289e-08
116	138	4.15854e-08
6	44	4.14644e-08
49	135	-4.13793e-08
9	147	4.136e-08
35	45	4.13538e-08
39	108	4.12399e-08
38	109	4.12399e-08
94	134	4.12336e-08
81	112	-4.12105e-08
80	113	-4.12105e-08
87	99	4.10505e-08
77	133	4.08439e-08
58	63	4.07717e-08
59	62	4.07717e-08
19	87	4.03228e-08
52	140	4.02979e-08
40	48	-4.0172e-08
21	48	3.99029e-08
20	49	3.99029e-08
48	139	-3.99016e-08
49	138	-3.99016e-08
71	95	3.98748e-08
8	78	3.96472e-08
14	60	3.94173e-08
78	116	3.93156e-08
122	127	3.91964e-08
123	126	3.91964e-08
95	112	3.91692e-08
94	113	3.91692e-08
6	52	3.90121e-08
47	109	3.85204e-08
27	120	3.85018e-08
26	121	3.85018e-08
44	106	3.84772e-08
12	87	-3.84588e-08
13	86	-3.84588e-08
109	127	3.84324e-08
112	142	3.83382e-08
21	117	-3.82955e-08
32	38	3.7921e-08
100	122	3.75544e-08
93	117	3.75103e-08
81	135	-3.73509e-08
111	139	3.73126e-08
6	62	3.73019e-08
19	111	3.71736e-08
44	132	3.71731e-08
56	138	3.71214e-08
12	99	-3.70418e-08
13	98	-3.70418e-08
30	101	3.69818e-08
31	100	3.69818e-08
4	6	3.69442e-08
36	116	3.66486e-08
4	146	3.64036e-08
33	101	3.6187e-08
56	117	3.61464e-08
57	116	3.61464e-08
6	112	3.59711e-08
7	82	3.57908e-08
6	83	3.57908e-08
9	47	3.53797e-08
52	111	3.53561e-08
53	110	3.53561e-08
9	57	3.52057e-08
52	138	3.4802e-08
45	101	3.4525e-08
122	132	3.44772e-08
83	119	3.44335e-08
24	120	3.43194e-08
4	28	3.42506e-08
101	149	3.42455e-08
95	123	3.41311e-08
25	87	3.40231e-08
109	123	3.39664e-08
17	107	3.36291e-08
119	127	3.34409e-08
38	53	3.34249e-08
39	52	3.34249e-08
78	146	3.33723e-08
28	116	3.32164e-08
78	88	3.32064e-08
82	142	3.30421e-08
23	139	3.29553e-08
91	149	3.29109e-08
48	136	-3.27831e-08
79	111	3.25207e-08
56	63	3.24601e-08
57	62	3.24601e-08
7	139	3.24117e-08
63	80	-3.21978e-08
62	81	-3.21978e-08
116	140	3.20928e-08
77	112	3.2064e-08
76	113	3.2064e-08
105	137	-3.20318e-08
138	143	3.17609e-08
139	142	3.17609e-08
126	141	3.15671e-08
127	140	3.15671e-08
118	146	3.148e-08
27	101	3.13307e-08
129	133	3.12501e-08
12	70	-3.09004e-08
16	52	3.08827e-08
25	49	-3.06098e-08
100	147	3.05453e-08
101	146	3.05453e-08
1	31	-3.0489e-08
33	95	3.04685e-08
86	131	3.04508e-08
87	130	3.04508e-08
71	87	3.03037e-08
12	132	-3.01997e-08
129	137	3.01152e-08
6	107	3.00141e-08
7	106	3.00141e-08
126	147	2.99844e-08
127	146	2.99844e-08
66	146	-2.96639e-08
17	63	2.96243e-08
81	133	-2.9557e-08
4	31	2.93105e-08
5	30	2.93105e-08
81	99	-2.91026e-08
5	59	2.90685e-08
110	136	2.86117e-08
17	147	2.86101e-08
94	104	-2.85125e-08
133	145	2.84165e-08
72	100	2.83597e-08
73	95	2.83501e-08
40	82	2.83393e-08
106	142	2.8311e-08
114	119	2.82978e-08
115	118	2.82978e-08
1	79	-2.82432e-08
129	141	2.82289e-08
45	113	2.82218e-08
48	92	-2.81987e-08
76	129	2.81933e-08
77	128	2.81933e-08
76	104	-2.80843e-08
36	87	2.79277e-08
37	86	2.79277e-08
29	31	2.79012e-08
31	77	2.77556e-08
104	138	-2.77142e-08
31	109	2.76163e-08
1	9	-2.75869e-08
62	118	2.75297e-08
8	116	2.75063e-08
12	120	-2.74791e-08
12	62	-2.74445e-08
40	142	2.72096e-08
31	98	2.71862e-08
30	99	2.71862e-08
79	81	-2.69026e-08
73	147	2.68961e-08
28	79	2.68583e-08
29	78	2.68583e-08
117	130	2.68218e-08
116	131	2.68218e-08
49	87	-2.67925e-08
142	146	2.66695e-08
19	73	2.66382e-08
71	106	2.65457e-08
70	107	2.65457e-08
95	149	2.64214e-08
9	29	2.63273e-08
73	107	2.6313e-08
98	130	2.60537e-08
79	98	2.60166e-08
78	99	2.60166e-08
4	17	2.58792e-08
5	16	2.58792e-08
25	33	2.58291e-08
7	117	2.57776e-08
61	105	-2.5767e-08
138	146	2.5642e-08
47	91	2.54655e-08
86	140	2.54481e-08
39	131	2.53911e-08
56	118	2.52648e-08
31	127	2.50367e-08
84	90	2.48702e-08
24	122	2.47922e-08
104	107	-2.47697e-08
105	106	-2.47697e-08
6	142	2.475e-08
19	133	2.455e-08
16	143	2.4353e-08
17	142	2.4353e-08
83	139	2.42943e-08
41	117	2.41591e-08
19	82	2.41576e-08
18	83	2.41576e-08
33	109	2.40382e-08
45	108	2.38612e-08
44	109	2.38612e-08
53	99	2.37902e-08
48	66	2.37774e-08
107	118	2.37633e-08
106	119	2.37633e-08
21	109	-2.37056e-08
7	9	2.36967e-08
6	146	2.36138e-08
4	94	2.35809e-08
55	122	2.35155e-08
54	123	2.35155e-08
28	82	2.35144e-08
31	79	2.34987e-08
5	56	2.34784e-08
4	57	2.34784e-08
113	121	2.32913e-08
126	130	2.32141e-08
30	112	2.3086e-08
23	95	2.30322e-08
49	109	-2.29894e-08
13	78	-2.2984e-08
12	79	-2.2984e-08
18	94	2.28367e-08
104	112	-2.27691e-08
6	22	2.27633e-08
134	146	2.2745e-08
86	128	2.24845e-08
45	76	2.24417e-08
44	77	2.24417e-08
24	105	-2.20816e-08
25	104	-2.20816e-08
31	36	2.19732e-08
30	37	2.19732e-08
19	101	2.18218e-08
33	120	2.1652e-08
32	121	2.1652e-08
15	90	2.15487e-08
14	91	2.15487e-08
77	111	2.14601e-08
6	78	2.12378e-08
33	138	2.1233e-08
32	139	2.1233e-08
89	131	2.12312e-08
20	72	-2.12074e-08
32	110	2.11472e-08
86	138	2.09187e-08
23	53	2.09104e-08
66	108	-2.08998e-08
25	79	2.08935e-08
91	102	2.0833e-08
90	103	2.0833e-08
102	122	2.08145e-08
49	134	-2.06897e-08
48	135	-2.06897e-08
61	87	2.06822e-08
9	146	2.068e-08
8	147	2.068e-08
35	44	2.06769e-08
34	45	2.06769e-08
38	108	2.062e-08
80	112	-2.06052e-08
63	77	2.06044e-08
105	143	-2.06004e-08
86	99	2.05252e-08
87	98	2.05252e-08
76	133	2.0422e-08
77	132	2.0422e-08
58	62	2.03858e-08
19	86	2.01614e-08
18	87	2.01614e-08
21	139	-2.00769e-08
20	48	1.99515e-08
48	138	-1.99508e-08
61	95	1.99452e-08
70	95	1.99374e-08
71	94	1.99374e-08
31	87	1.99373e-08
21	79	-1.97769e-08
45	149	1.97177e-08
45	145	1.9637e-08
122	126	1.95982e-08
94	112	1.95846e-08
46	109	1.92602e-08
47	108	1.92602e-08
26	120	1.92509e-08
12	86	-1.92294e-08
109	126	1.92162e-08
108	127	1.92162e-08
21	116	-1.91477e-08
20	117	-1.91477e-08
31	133	1.89427e-08
105	119	-1.88931e-08
39	147	1.88576e-08
92	117	1.87552e-08
93	116	1.87552e-08
80	135	-1.86754e-08
81	134	-1.86754e-08
110	139	1.86563e-08
111	138	1.86563e-08
19	110	1.85868e-08
18	111	1.85868e-08
12	98	-1.85209e-08
30	100	1.84909e-08
89	91	1.84751e-08
39	93	1.81535e-08
33	100	1.80935e-08
32	101	1.80935e-08
56	116	1.80732e-08
81	137	-1.7973e-08
6	82	1.78954e-08
35	55	1.78861e-08
1	123	-1.77969e-08
9	46	1.76898e-08
8	47	1.76898e-08
52	110	1.76781e-08
9	56	1.76028e-08
8	57	1.76028e-08
77	89	1.7466e-08
67	95	-1.73647e-08
44	101	1.72625e-08
45	100	1.72625e-08
59	133	1.72272e-08
82	119	1.72167e-08
83	118	1.72167e-08
101	148	1.71228e-08
100	149	1.71228e-08
94	123	1.70656e-08
95	122	1.70656e-08
89	101	1.70413e-08
24	87	1.70116e-08
25	86	1.70116e-08
108	123	1.69832e-08
109	122	1.69832e-08
121	123	1.68879e-08
17	106	1.68146e-08
16	107	1.68146e-08
118	127	1.67204e-08
119	126	1.67204e-08
38	52	1.67124e-08
113	119	1.66422e-08
22	139	1.64777e-08
23	138	1.64777e-08
45	83	1.6476e-08
13	107	-1.64691e-08
90	149	1.64554e-08
91	148	1.64554e-08
79	110	1.62604e-08
78	111	1.62604e-08
56	62	1.62301e-08
6	139	1.62059e-08
7	138	1.62059e-08
62	80	-1.60989e-08
76	112	1.6032e-08
105	136	-1.60159e-08
104	137	-1.60159e-08
138	142	1.58805e-08
9	41	1.58132e-08
47	145	1.57853e-08
126	140	1.57836e-08
33	69	1.57804e-08
9	139	1.5752e-08
26	101	1.56653e-08
27	100	1.56653e-08
73	117	1.56507e-08
128	133	1.56251e-08
129	132	1.56251e-08
113	117	1.55296e-08
113	135	1.54767e-08
23	143	1.53094e-08
25	48	-1.53049e-08
24	49	-1.53049e-08
100	146	1.52726e-08
0	31	-1.52445e-08
1	30	-1.52445e-08
33	94	1.52342e-08
32	95	1.52342e-08
86	130	1.52254e-08
70	87	1.51519e-08
71	86	1.51519e-08
128	137	1.50576e-08
129	136	1.50576e-08
69	129	1.50417e-08
6	106	1.50071e-08
126	146	1.49922e-08
31	63	1.49067e-08
16	63	1.48121e-08
17	62	1.48121e-08
80	133	-1.47785e-08
81	132	-1.47785e-08
89	111	1.47674e-08
4	30	1.46552e-08
81	107	-1.4642e-08
80	99	-1.45513e-08
81	98	-1.45513e-08
4	59	1.45343e-08
5	58	1.45343e-08
83	147	1.4418e-08
16	147	1.4305e-08
17	146	1.4305e-08
132	145	1.42083e-08
133	144	1.42083e-08
73	94	1.41751e-08
72	95	1.41751e-08
114	118	1.41489e-08
17	117	1.41262e-08
1	78	-1.41216e-08
0	79	-1.41216e-08
129	140	1.41145e-08
128	141	1.41145e-08
45	112	1.41109e-08
44	113	1.41109e-08
76	128	1.40966e-08
73	139	1.4094e-08
36	86	1.39639e-08
29	30	1.39506e-08
28	31	1.39506e-08
95	143	1.39402e-08
30	77	1.38778e-08
31	76	1.38778e-08
31	108	1.38081e-08
30	109	1.38081e-08
0	9	-1.37935e-08
1	8	-1.37935e-08
39	123	1.36178e-08
30	98	1.35931e-08
78	81	-1.34513e-08
79	80	-1.34513e-08
17	45	1.34503e-08
73	146	1.3448e-08
72	147	1.3448e-08
28	78	1.34291e-08
116	130	1.34109e-08
48	87	-1.33962e-08
49	86	-1.33962e-08
19	72	1.33191e-08
18	73	1.33191e-08
93	109	1.33012e-08
70	106	1.32728e-08
95	148	1.32107e-08
94	149	1.32107e-08
8	29	1.31637e-08
9	28	1.31637e-08
73	106	1.31565e-08
72	107	1.31565e-08
87	133	1.31032e-08
78	98	1.30083e-08
4	16	1.29396e-08
25	32	1.29146e-08
24	33	1.29146e-08
23	119	1.29124e-08
7	116	1.28888e-08
6	117	1.28888e-08
60	105	-1.28835e-08
61	104	-1.28835e-08
147	149	1.27923e-08
23	147	1.2763e-08
47	90	1.27327e-08
46	91	1.27327e-08
38	131	1.26955e-08
39	130	1.26955e-08
5	117	1.26418e-08
31	126	1.25183e-08
30	127	1.25183e-08
104	106	-1.23848e-08
19	132	1.2275e-08
18	133	1.2275e-08
16	142	1.21765e-08
83	138	1.21472e-08
82	139	1.21472e-08
117	133	1.21346e-08
40	117	1.20796e-08
41	116	1.20796e-08
18	82	1.20788e-08
33	108	1.20191e-08
32	109	1.20191e-08
44	108	1.19306e-08
53	98	1.18951e-08
52	99	1.18951e-08
23	35	1.18936e-08
106	118	1.18816e-08
71	99	1.18605e-08
21	108	-1.18528e-08
20	109	-1.18528e-08
6	9	1.18483e-08
7	8	1.18483e-08
54	122	1.17577e-08
31	78	1.17494e-08
30	79	1.17494e-08
4	56	1.17392e-08
113	120	1.16457e-08
112	121	1.16457e-08
21	129	-1.163e-08
1	139	-1.16114e-08
87	111	1.15989e-08
93	147	1.15464e-08
29	47	1.15431e-08
23	94	1.15161e-08
22	95	1.15161e-08
48	109	-1.14947e-08
49	108	-1.14947e-08
12	78	-1.1492e-08
29	101	1.14831e-08
41	47	1.139e-08
41	79	1.12957e-08
44	76	1.12208e-08
24	104	-1.10408e-08
30	36	1.09866e-08
23	123	1.09493e-08
19	100	1.09109e-08
18	101	1.09109e-08
1	109	-1.08295e-08
32	120	1.0826e-08
14	90	1.07743e-08
45	119	1.07453e-08
77	110	1.07301e-08
76	111	1.07301e-08
13	101	-1.06922e-08
32	138	1.06165e-08
88	131	1.06156e-08
89	130	1.06156e-08
23	52	1.04552e-08
22	53	1.04552e-08
25	78	1.04468e-08
24	79	1.04468e-08
90	102	1.04165e-08
105	135	-1.03673e-08
48	134	-1.03448e-08
60	87	1.03411e-08
61	86	1.03411e-08
8	146	1.034e-08
34	44	1.03384e-08
62	77	1.03022e-08
63	76	1.03022e-08
104	143	-1.03002e-08
105	142	-1.03002e-08
25	53	1.02817e-08
35	129	1.02745e-08
86	98	1.02626e-08
123	145	1.02262e-08
76	132	1.0211e-08
41	119	1.01574e-08
18	86	1.00807e-08
21	138	-1.00384e-08
20	139	-1.00384e-08
