0	1	2
6	7	2
8	9	2
10	11	2
12	13	2
14	15	2
16	17	2
18	19	2
20	21	2
22	23	2
24	25	2
26	27	2
28	29	2
30	31	2
32	33	2
34	35	2
4	5	2
2	3	2
36	37	2
23	37	1.13383
19	23	1.00346
19	37	0.814775
13	19	0.602869
9	13	0.586383
23	36	0.566913
22	37	0.566913
19	22	0.501728
18	23	0.501728
19	36	0.407388
18	37	0.407388
13	23	0.394769
17	27	0.329421
13	18	0.301434
12	19	0.301434
9	12	0.293192
8	13	0.293192
22	36	0.283456
18	22	0.250864
18	36	0.203694
1	5	0.201327
13	22	0.197385
12	23	0.197385
17	26	0.164711
16	27	0.164711
15	29	0.160258
12	18	0.150717
8	12	0.146596
15	31	0.145621
1	31	0.142237
27	29	0.120838
1	4	0.100663
0	5	0.100663
12	22	0.0986923
5	17	0.0967508
16	26	0.0823553
15	28	0.080129
14	29	0.080129
15	30	0.0728107
14	31	0.0728107
1	30	0.0711184
0	31	0.0711184
9	19	0.0700387
9	23	0.0695763
27	28	0.0604188
26	29	0.0604188
13	37	0.0553129
0	4	0.0503317
5	16	0.0483754
4	17	0.0483754
1	17	0.0473441
14	28	0.0400645
14	30	0.0364054
0	30	0.0355592
8	19	0.0350194
9	18	0.0350194
9	22	0.0347882
8	23	0.0347882
26	28	0.0302094
12	37	0.0276565
13	36	0.0276565
17	29	0.0246498
4	16	0.0241877
1	16	0.023672
0	17	0.023672
5	31	0.0225508
1	3	0.0208758
8	18	0.0175097
8	22	0.0173941
1	27	0.0173646
1	15	0.0145437
12	36	0.0138282
3	33	0.0134782
15	17	0.0133723
16	29	0.0123249
17	28	0.0123249
15	27	0.0119995
0	16	0.011836
3	5	0.0114349
4	31	0.0112754
5	30	0.0112754
1	2	0.0104379
0	3	0.0104379
11	25	0.00998565
9	37	0.00901455
0	27	0.00868228
1	26	0.00868228
1	14	0.00727187
0	15	0.00727187
5	27	0.00687418
7	11	0.00682295
3	32	0.00673909
2	33	0.00673909
15	16	0.00668617
14	17	0.00668617
16	28	0.00616245
14	27	0.00599973
15	26	0.00599973
2	5	0.00571747
3	4	0.00571747
4	30	0.00563771
0	2	0.00521894
10	25	0.00499282
11	24	0.00499282
3	31	0.00494586
29	31	0.00452728
8	37	0.00450728
9	36	0.00450728
0	26	0.00434114
13	25	0.00423958
7	25	0.00402799
31	33	0.00400841
0	14	0.00363594
4	27	0.00343709
5	26	0.00343709
6	11	0.00341148
7	10	0.00341148
2	32	0.00336955
14	16	0.00334308
23	25	0.00327113
14	26	0.00299987
2	4	0.00285873
21	25	0.00272929
10	24	0.00249641
2	31	0.00247293
3	30	0.00247293
17	31	0.00233887
29	30	0.00226364
28	31	0.00226364
8	36	0.00225364
12	25	0.00211979
13	24	0.00211979
7	24	0.002014
6	25	0.002014
31	32	0.0020042
30	33	0.0020042
9	21	0.00182979
4	26	0.00171855
9	25	0.0017103
6	10	0.00170574
5	33	0.00165334
22	25	0.00163557
23	24	0.00163557
7	21	0.00160904
1	29	0.00155727
5	15	0.00144172
20	25	0.00136465
21	24	0.00136465
2	30	0.00123646
16	31	0.00116944
17	30	0.00116944
28	30	0.00113182
12	24	0.0010599
6	24	0.001007
30	32	0.0010021
9	20	0.000914896
8	21	0.000914896
9	24	0.000855149
8	25	0.000855149
1	33	0.000833654
5	32	0.000826669
4	33	0.000826669
22	24	0.000817783
7	20	0.00080452
6	21	0.00080452
5	29	0.000793121
0	29	0.000778635
1	28	0.000778635
5	14	0.000720861
4	15	0.000720861
19	25	0.00071608
20	24	0.000682324
25	37	0.000640579
16	30	0.000584719
27	31	0.000489505
8	20	0.000457448
8	24	0.000427575
1	32	0.000416827
0	33	0.000416827
4	32	0.000413335
6	20	0.00040226
5	28	0.000396561
4	29	0.000396561
0	28	0.000389317
4	14	0.000360431
19	24	0.00035804
18	25	0.00035804
24	37	0.00032029
25	36	0.00032029
3	17	0.00029207
9	15	-0.000273671
26	31	0.000244752
27	30	0.000244752
0	32	0.000208414
4	28	0.00019828
13	21	0.000193895
18	24	0.00017902
24	36	0.000160145
13	15	-0.000157961
3	16	0.000146035
2	17	0.000146035
9	27	-0.000142816
9	14	-0.000136836
8	15	-0.000136836
26	30	0.000122376
1	19	-0.000111113
13	20	9.69475e-05
12	21	9.69475e-05
13	27	-9.69388e-05
15	33	9.46888e-05
9	29	-8.7837e-05
11	21	8.59266e-05
13	29	-7.97377e-05
12	15	-7.89807e-05
13	14	-7.89807e-05
17	23	-7.84802e-05
3	15	7.7307e-05
19	27	-7.60316e-05
1	13	-7.47413e-05
2	16	7.30176e-05
9	26	-7.1408e-05
8	27	-7.1408e-05
8	14	-6.84178e-05
23	27	-6.19939e-05
21	23	5.68188e-05
0	19	-5.55564e-05
1	18	-5.55564e-05
27	37	-5.22593e-05
12	20	4.84738e-05
12	27	-4.84694e-05
13	26	-4.84694e-05
15	32	4.73444e-05
14	33	4.73444e-05
9	17	-4.63874e-05
17	37	-4.49195e-05
9	28	-4.39185e-05
8	29	-4.39185e-05
1	23	-4.38175e-05
10	21	4.29633e-05
11	20	4.29633e-05
13	17	-4.17941e-05
13	28	-3.98689e-05
12	29	-3.98689e-05
12	14	-3.94903e-05
17	22	-3.92401e-05
16	23	-3.92401e-05
2	15	3.86535e-05
3	14	3.86535e-05
18	27	-3.80158e-05
19	26	-3.80158e-05
0	13	-3.73706e-05
1	12	-3.73706e-05
8	26	-3.5704e-05
17	19	-3.37324e-05
1	37	-3.28121e-05
22	27	-3.09969e-05
23	26	-3.09969e-05
21	22	2.84094e-05
20	23	2.84094e-05
0	18	-2.77782e-05
1	9	-2.71948e-05
26	37	-2.61296e-05
27	36	-2.61296e-05
12	26	-2.42347e-05
14	32	2.36722e-05
19	29	-2.32917e-05
1	11	-2.32124e-05
3	27	2.32041e-05
9	16	-2.31937e-05
8	17	-2.31937e-05
19	21	2.28466e-05
17	36	-2.24597e-05
16	37	-2.24597e-05
8	28	-2.19593e-05
1	22	-2.19088e-05
0	23	-2.19088e-05
1	25	-2.17634e-05
10	20	2.14816e-05
17	33	2.094e-05
12	17	-2.08971e-05
13	16	-2.08971e-05
12	28	-1.99344e-05
16	22	-1.96201e-05
2	14	1.93268e-05
18	26	-1.90079e-05
0	12	-1.86853e-05
29	33	1.70151e-05
17	18	-1.68662e-05
16	19	-1.68662e-05
0	37	-1.6406e-05
1	36	-1.6406e-05
15	19	-1.58847e-05
22	26	-1.54985e-05
20	22	1.42047e-05
9	31	-1.37677e-05
0	9	-1.35974e-05
1	8	-1.35974e-05
3	29	1.31026e-05
7	17	-1.30822e-05
26	36	-1.30648e-05
23	29	-1.27012e-05
15	23	-1.22946e-05
13	31	-1.18528e-05
18	29	-1.16458e-05
19	28	-1.16458e-05
1	10	-1.16062e-05
0	11	-1.16062e-05
2	27	1.1602e-05
3	26	1.1602e-05
8	16	-1.15969e-05
18	21	1.14233e-05
19	20	1.14233e-05
16	36	-1.12299e-05
0	22	-1.09544e-05
0	25	-1.08817e-05
1	24	-1.08817e-05
16	33	1.047e-05
17	32	1.047e-05
12	16	-1.04485e-05
21	37	8.77345e-06
28	33	8.50757e-06
29	32	8.50757e-06
16	18	-8.4331e-06
0	36	-8.20302e-06
14	19	-7.94236e-06
15	18	-7.94236e-06
19	31	-7.60821e-06
9	30	-6.88384e-06
8	31	-6.88384e-06
0	8	-6.79869e-06
3	28	6.5513e-06
2	29	6.5513e-06
6	17	-6.54109e-06
7	16	-6.54109e-06
23	28	-6.35061e-06
22	29	-6.35061e-06
3	19	-6.20619e-06
15	22	-6.14731e-06
14	23	-6.14731e-06
12	31	-5.92638e-06
13	30	-5.92638e-06
18	28	-5.82292e-06
0	10	-5.80309e-06
2	26	5.80101e-06
18	20	5.71166e-06
7	9	5.68182e-06
0	24	-5.44086e-06
16	32	5.23499e-06
5	19	-5.16513e-06
17	25	-4.72942e-06
21	36	4.38673e-06
20	37	4.38673e-06
28	32	4.25379e-06
14	18	-3.97118e-06
18	31	-3.80411e-06
19	30	-3.80411e-06
8	30	-3.44192e-06
5	37	-3.35042e-06
2	28	3.27565e-06
6	16	-3.27054e-06
29	37	-3.22556e-06
22	28	-3.17531e-06
2	19	-3.10309e-06
3	18	-3.10309e-06
14	22	-3.07366e-06
12	30	-2.96319e-06
7	8	2.84091e-06
6	9	2.84091e-06
5	9	-2.80876e-06
5	23	-2.79269e-06
5	18	-2.58257e-06
4	19	-2.58257e-06
25	27	-2.5087e-06
17	24	-2.36471e-06
16	25	-2.36471e-06
1	7	-2.27366e-06
19	35	2.21258e-06
20	36	2.19336e-06
9	35	2.13594e-06
18	30	-1.90205e-06
11	15	-1.83217e-06
15	37	-1.71644e-06
7	13	1.71584e-06
15	25	-1.70508e-06
4	37	-1.67521e-06
5	36	-1.67521e-06
7	27	-1.66903e-06
3	25	-1.61653e-06
28	37	-1.61278e-06
29	36	-1.61278e-06
23	31	-1.60098e-06
9	11	1.59182e-06
2	18	-1.55155e-06
15	21	-1.45574e-06
6	8	1.42046e-06
5	8	-1.40438e-06
4	9	-1.40438e-06
5	22	-1.39635e-06
4	23	-1.39635e-06
11	31	-1.39592e-06
5	13	-1.36209e-06
11	13	1.32631e-06
4	18	-1.29128e-06
25	26	-1.25435e-06
24	27	-1.25435e-06
11	17	-1.18589e-06
16	24	-1.18235e-06
0	7	-1.13683e-06
1	6	-1.13683e-06
27	33	1.12434e-06
19	34	1.10629e-06
18	35	1.10629e-06
8	35	1.06797e-06
9	34	1.06797e-06
13	35	9.83609e-07
3	7	-9.62769e-07
5	7	-9.1636e-07
10	15	-9.16086e-07
11	14	-9.16086e-07
15	36	-8.58221e-07
14	37	-8.58221e-07
6	13	8.57918e-07
7	12	8.57918e-07
15	24	-8.52542e-07
14	25	-8.52542e-07
4	36	-8.37604e-07
6	27	-8.34514e-07
7	26	-8.34514e-07
3	24	-8.08266e-07
2	25	-8.08266e-07
28	36	-8.0639e-07
22	31	-8.00492e-07
23	30	-8.00492e-07
9	10	7.95908e-07
8	11	7.95908e-07
3	13	-7.49781e-07
5	25	-7.31881e-07
15	20	-7.27869e-07
14	21	-7.27869e-07
4	8	-7.0219e-07
4	22	-6.98173e-07
10	31	-6.97959e-07
11	30	-6.97959e-07
5	12	-6.81045e-07
4	13	-6.81045e-07
10	13	6.63153e-07
11	12	6.63153e-07
24	26	-6.27175e-07
10	17	-5.92947e-07
11	16	-5.92947e-07
3	37	-5.7293e-07
0	6	-5.68414e-07
26	33	5.62171e-07
27	32	5.62171e-07
18	34	5.53144e-07
8	34	5.33985e-07
23	35	4.9982e-07
3	23	-4.99375e-07
13	34	4.91804e-07
12	35	4.91804e-07
5	11	-4.90127e-07
2	7	-4.81385e-07
3	6	-4.81385e-07
4	7	-4.5818e-07
5	6	-4.5818e-07
10	14	-4.58043e-07
25	31	-4.50466e-07
35	37	4.50035e-07
31	37	-4.47883e-07
7	23	4.47379e-07
14	36	-4.2911e-07
6	12	4.28959e-07
14	24	-4.26271e-07
6	26	-4.17257e-07
2	24	-4.04133e-07
1	21	-4.01754e-07
22	30	-4.00246e-07
8	10	3.97954e-07
3	9	-3.89536e-07
25	29	-3.85951e-07
2	13	-3.74891e-07
3	12	-3.74891e-07
4	25	-3.65941e-07
5	24	-3.65941e-07
14	20	-3.63935e-07
10	30	-3.48979e-07
4	12	-3.40522e-07
11	27	-3.39169e-07
10	12	3.31577e-07
7	15	-3.22698e-07
10	16	-2.96474e-07
7	29	-2.96085e-07
3	36	-2.86465e-07
2	37	-2.86465e-07
21	29	-2.86204e-07
26	32	2.81085e-07
23	34	2.4991e-07
22	35	2.4991e-07
3	22	-2.49688e-07
2	23	-2.49688e-07
12	34	2.45902e-07
4	11	-2.45063e-07
5	10	-2.45063e-07
2	6	-2.40692e-07
4	6	-2.2909e-07
25	30	-2.25233e-07
24	31	-2.25233e-07
34	37	2.25017e-07
35	36	2.25017e-07
21	31	-2.24872e-07
31	36	-2.23942e-07
30	37	-2.23942e-07
7	22	2.23689e-07
6	23	2.23689e-07
11	23	2.13416e-07
17	21	-2.09054e-07
3	11	-2.06253e-07
0	21	-2.00877e-07
1	20	-2.00877e-07
3	8	-1.94768e-07
2	9	-1.94768e-07
25	28	-1.92975e-07
24	29	-1.92975e-07
2	12	-1.87445e-07
4	24	-1.8297e-07
10	27	-1.69584e-07
11	26	-1.69584e-07
7	37	1.61814e-07
6	15	-1.61349e-07
7	14	-1.61349e-07
7	28	-1.48042e-07
6	29	-1.48042e-07
2	36	-1.43232e-07
20	29	-1.43102e-07
21	28	-1.43102e-07
7	19	1.39329e-07
27	35	-1.36307e-07
22	34	1.24955e-07
2	22	-1.24844e-07
4	10	-1.22532e-07
24	30	-1.12616e-07
34	36	1.12509e-07
20	31	-1.12436e-07
21	30	-1.12436e-07
30	36	-1.11971e-07
6	22	1.11845e-07
10	23	1.06708e-07
11	22	1.06708e-07
17	20	-1.04527e-07
16	21	-1.04527e-07
3	10	-1.03126e-07
2	11	-1.03126e-07
0	20	-1.00439e-07
2	8	-9.7384e-08
24	28	-9.64877e-08
21	27	-9.40224e-08
10	26	-8.47922e-08
7	36	8.09068e-08
6	37	8.09068e-08
6	14	-8.06745e-08
6	28	-7.40212e-08
20	28	-7.1551e-08
6	19	6.96643e-08
7	18	6.96643e-08
26	35	-6.81535e-08
27	34	-6.81535e-08
20	30	-5.62179e-08
10	22	5.33539e-08
16	20	-5.22635e-08
2	10	-5.15632e-08
11	37	5.05422e-08
21	26	-4.70112e-08
20	27	-4.70112e-08
11	29	-4.68671e-08
6	36	4.04534e-08
7	31	-3.94797e-08
5	21	-3.74116e-08
6	18	3.48322e-08
11	19	3.43256e-08
26	34	-3.40767e-08
10	37	2.52711e-08
11	36	2.52711e-08
20	26	-2.35056e-08
11	28	-2.34336e-08
10	29	-2.34336e-08
7	30	-1.97399e-08
6	31	-1.97399e-08
5	20	-1.87058e-08
4	21	-1.87058e-08
10	19	1.71628e-08
11	18	1.71628e-08
10	36	1.26356e-08
10	28	-1.17168e-08
3	21	-1.11939e-08
29	35	-1.08316e-08
