0	1	2
44	45	2
46	47	2
48	49	2
146	147	2
52	53	2
54	55	2
42	43	2
56	57	2
60	61	2
62	63	2
64	65	2
66	67	2
68	69	2
70	71	2
58	59	2
40	41	2
38	39	2
36	37	2
6	7	2
8	9	2
10	11	2
12	13	2
14	15	2
16	17	2
18	19	2
20	21	2
22	23	2
24	25	2
26	27	2
28	29	2
30	31	2
32	33	2
34	35	2
72	73	2
4	5	2
74	75	2
78	79	2
118	119	2
120	121	2
122	123	2
124	125	2
126	127	2
128	129	2
116	117	2
130	131	2
134	135	2
136	137	2
138	139	2
140	141	2
142	143	2
144	145	2
132	133	2
114	115	2
112	113	2
110	111	2
80	81	2
82	83	2
84	85	2
86	87	2
88	89	2
90	91	2
92	93	2
94	95	2
96	97	2
98	99	2
100	101	2
102	103	2
104	105	2
106	107	2
108	109	2
76	77	2
2	3	2
50	51	2
148	149	2
65	121	0.877122
65	120	0.438561
64	121	0.438561
129	131	0.285574
11	121	0.251479
64	120	0.219281
11	65	0.154212
128	131	0.142787
129	130	0.142787
11	120	0.125739
10	121	0.125739
53	107	0.122053
53	81	0.110477
35	101	0.0971136
111	123	0.0789634
10	65	0.0771061
11	64	0.0771061
15	127	0.0767216
128	130	0.0713934
10	120	0.0628697
53	106	0.0610263
52	107	0.0610263
52	81	0.0552386
53	80	0.0552386
34	101	0.0485568
35	100	0.0485568
73	105	0.047784
81	99	0.0455756
45	75	0.0413491
111	122	0.0394817
110	123	0.0394817
10	64	0.038553
15	126	0.0383608
14	127	0.0383608
53	99	0.0349983
52	106	0.0305131
13	87	0.0301436
73	81	0.0278173
52	80	0.0276193
34	100	0.0242784
73	104	0.023892
72	105	0.023892
81	107	0.0231786
81	98	0.0227878
80	99	0.0227878
47	115	0.0208055
47	121	0.0206866
44	75	0.0206746
45	74	0.0206746
110	122	0.0197408
14	126	0.0191804
39	47	0.0182344
53	98	0.0174992
52	99	0.0174992
13	86	0.0150718
12	87	0.0150718
3	99	0.0147249
73	80	0.0139086
72	81	0.0139086
53	109	0.0132884
81	105	0.0122378
72	104	0.011946
80	107	0.0115893
81	106	0.0115893
80	98	0.0113939
7	71	0.0110183
11	47	0.0106829
39	65	0.0104739
46	115	0.0104027
47	114	0.0104027
47	120	0.0103433
46	121	0.0103433
44	74	0.0103373
38	47	0.00911719
39	46	0.00911719
52	98	0.00874958
12	86	0.0075359
3	98	0.00736244
2	99	0.00736244
72	80	0.00695432
53	108	0.00664418
52	109	0.00664418
29	133	0.00635267
81	104	0.0061189
80	105	0.0061189
80	106	0.00579465
1	91	0.00561203
107	109	0.00556579
6	71	0.00550913
7	70	0.00550913
11	46	0.00534144
10	47	0.00534144
99	107	0.00525329
39	64	0.00523693
38	65	0.00523693
46	114	0.00520137
105	107	0.00519312
46	120	0.00517165
47	65	0.00496434
38	46	0.00455859
73	107	0.00418758
11	39	0.00391605
2	98	0.00368122
39	121	0.00361753
52	108	0.00332209
15	55	0.0032501
29	129	0.00322028
51	67	0.00319808
29	132	0.00317634
28	133	0.00317634
99	109	0.0031643
80	104	0.00305945
0	91	0.00280602
1	90	0.00280602
107	108	0.00278289
106	109	0.00278289
6	70	0.00275457
10	46	0.00267072
98	107	0.00262664
99	106	0.00262664
38	64	0.00261846
104	107	0.00259656
105	106	0.00259656
46	65	0.00248217
47	64	0.00248217
81	109	0.00241913
3	109	0.00231896
13	61	0.00210332
73	106	0.00209379
72	107	0.00209379
3	81	0.00201743
11	38	0.00195802
10	39	0.00195802
91	125	0.00191753
38	121	0.00180876
39	120	0.00180876
25	59	0.0018074
75	101	0.00179791
15	54	0.00162505
14	55	0.00162505
28	129	0.00161014
29	128	0.00161014
51	66	0.00159904
50	67	0.00159904
28	132	0.00158817
99	108	0.00158215
98	109	0.00158215
131	133	0.00147591
29	131	0.0014178
59	71	0.0014177
0	90	0.00140301
106	108	0.00139145
53	73	0.00138704
41	143	0.0013701
115	121	0.00134977
98	106	0.00131332
104	106	0.00129828
46	64	0.00124109
80	109	0.00120957
81	108	0.00120957
35	75	0.00118015
3	53	0.00116924
2	109	0.00115948
3	108	0.00115948
55	147	0.0010788
25	71	0.00105369
13	60	0.00105166
12	61	0.00105166
72	106	0.00104689
2	81	0.00100871
3	80	0.00100871
7	67	0.000987076
10	38	0.000979012
90	125	0.000958767
91	124	0.000958767
38	120	0.000904382
24	59	0.0009037
25	58	0.0009037
74	101	0.000898956
75	100	0.000898956
73	99	0.000898611
11	115	0.000833002
7	25	0.000826039
14	54	0.000812525
28	128	0.00080507
50	66	0.000799519
98	108	0.000791074
55	127	0.000742031
130	133	0.000737956
131	132	0.000737956
28	131	0.000708899
29	130	0.000708899
58	71	0.00070885
59	70	0.00070885
53	72	0.000693522
52	73	0.000693522
40	143	0.000685048
41	142	0.000685048
115	120	0.000674885
114	121	0.000674885
41	55	0.000665439
13	39	-0.000663185
13	47	-0.000629828
80	108	0.000604783
34	75	0.000590077
35	74	0.000590077
2	53	0.000584622
3	52	0.000584622
2	108	0.00057974
13	115	-0.000546006
55	146	0.000539402
54	147	0.000539402
24	71	0.000526846
25	70	0.000526846
12	60	0.000525831
37	69	0.000515219
2	80	0.000504357
6	67	0.000493538
7	66	0.000493538
90	124	0.000479383
77	105	0.000462312
24	58	0.00045185
74	100	0.000449478
9	61	0.000449368
72	99	0.000449306
73	98	0.000449306
11	114	0.000416501
10	115	0.000416501
7	24	0.000413019
6	25	0.000413019
15	143	0.000384546
55	126	0.000371015
54	127	0.000371015
130	132	0.000368978
39	115	0.000356822
28	130	0.000354449
58	70	0.000354425
52	72	0.000346761
40	142	0.000342524
114	120	0.000337442
41	54	0.000332719
40	55	0.000332719
13	38	-0.000331592
12	39	-0.000331592
12	47	-0.000314914
13	46	-0.000314914
11	13	-0.000300658
73	109	0.000300614
34	74	0.000295039
2	52	0.000292311
1	149	0.000280699
12	115	-0.000273003
13	114	-0.000273003
54	146	0.000269701
129	133	0.000267497
24	70	0.000263423
36	69	0.000257609
37	68	0.000257609
35	45	0.000256911
53	105	0.000254757
55	143	0.000253403
27	133	0.000247849
6	66	0.000246769
7	13	0.000244484
61	123	0.000244282
41	147	0.00023955
76	105	0.000231156
77	104	0.000231156
7	51	0.000229628
9	60	0.000224684
8	61	0.000224684
72	98	0.000224653
10	114	0.000208251
6	24	0.00020651
14	143	0.000192273
15	142	0.000192273
54	126	0.000185508
83	149	0.00018495
13	91	0.000178967
39	114	0.000178411
38	115	0.000178411
41	47	-0.000166799
40	54	0.00016636
12	38	-0.000165796
51	69	0.000157912
12	46	-0.000157457
13	65	-0.00015728
59	117	0.000157231
47	111	-0.000152677
11	12	-0.000150329
10	13	-0.000150329
73	108	0.000150307
72	109	0.000150307
15	85	0.000148083
1	148	0.000140349
0	149	0.000140349
65	115	0.000138872
51	59	0.000136685
27	103	0.000136633
12	114	-0.000136502
129	132	0.000133749
128	133	0.000133749
47	123	-0.000132646
36	68	0.000128805
34	45	0.000128456
35	44	0.000128456
52	105	0.000127379
53	104	0.000127379
55	142	0.000126701
54	143	0.000126701
27	132	0.000123925
26	133	0.000123925
7	12	0.000122242
6	13	0.000122242
60	123	0.000122141
61	122	0.000122141
101	103	0.000120737
40	147	0.000119775
41	146	0.000119775
105	109	0.000116202
76	104	0.000115578
3	73	0.00011548
6	51	0.000114814
7	50	0.000114814
8	60	0.000112342
3	107	0.000111995
13	141	0.000104335
59	67	0.000101641
127	143	0.000101005
61	125	9.79641e-05
14	142	9.61364e-05
83	148	9.24749e-05
82	149	9.24749e-05
13	90	8.94833e-05
12	91	8.94833e-05
38	114	8.92055e-05
107	149	8.86567e-05
13	121	-8.48772e-05
27	75	8.37762e-05
40	47	-8.33997e-05
41	46	-8.33997e-05
51	77	8.19439e-05
7	85	8.18635e-05
59	95	8.13828e-05
19	93	8.10894e-05
50	69	7.89562e-05
51	68	7.89562e-05
12	65	-7.864e-05
13	64	-7.864e-05
59	116	7.86157e-05
58	117	7.86157e-05
46	111	-7.63386e-05
47	110	-7.63386e-05
85	139	7.52691e-05
10	12	-7.51644e-05
72	108	7.51536e-05
79	87	7.49858e-05
15	84	7.40417e-05
14	85	7.40417e-05
0	148	7.01747e-05
65	114	6.9436e-05
64	115	6.9436e-05
51	58	6.83423e-05
50	59	6.83423e-05
26	103	6.83163e-05
27	102	6.83163e-05
128	132	6.68743e-05
46	123	-6.63229e-05
47	122	-6.63229e-05
77	93	6.45234e-05
34	44	6.42278e-05
52	104	6.36893e-05
54	142	6.33507e-05
7	59	6.27458e-05
51	83	6.26357e-05
26	132	6.19623e-05
6	12	6.1121e-05
60	122	6.10704e-05
100	103	6.03683e-05
101	102	6.03683e-05
40	146	5.98876e-05
105	108	5.81009e-05
104	109	5.81009e-05
2	73	5.774e-05
3	72	5.774e-05
6	50	5.74071e-05
59	91	5.68383e-05
2	107	5.59973e-05
3	106	5.59973e-05
75	103	5.45017e-05
7	91	5.33178e-05
12	141	5.21675e-05
13	140	5.21675e-05
59	66	5.08205e-05
58	67	5.08205e-05
127	142	5.05024e-05
126	143	5.05024e-05
87	93	4.93134e-05
67	85	4.93044e-05
59	119	4.91287e-05
60	125	4.8982e-05
61	124	4.8982e-05
27	53	4.71904e-05
82	148	4.62375e-05
63	131	4.48332e-05
35	103	4.47704e-05
12	90	4.47416e-05
107	148	4.43284e-05
106	149	4.43284e-05
3	105	4.3206e-05
13	120	-4.24386e-05
12	121	-4.24386e-05
26	75	4.18881e-05
27	74	4.18881e-05
40	46	-4.16999e-05
50	77	4.09719e-05
51	76	4.09719e-05
6	85	4.09317e-05
7	84	4.09317e-05
59	94	4.06914e-05
58	95	4.06914e-05
19	92	4.05447e-05
18	93	4.05447e-05
50	68	3.94781e-05
12	64	-3.932e-05
58	116	3.93078e-05
19	39	-3.9009e-05
83	95	3.83659e-05
109	149	3.82951e-05
46	110	-3.81693e-05
85	138	3.76346e-05
84	139	3.76346e-05
79	86	3.74929e-05
78	87	3.74929e-05
49	95	3.73456e-05
14	84	3.70208e-05
11	85	-3.69201e-05
71	85	3.68813e-05
15	41	3.59263e-05
61	91	3.52155e-05
85	143	3.47253e-05
64	114	3.4718e-05
50	58	3.41711e-05
26	102	3.41582e-05
46	122	-3.31614e-05
76	93	3.22617e-05
77	92	3.22617e-05
9	135	3.20891e-05
27	29	3.18648e-05
67	83	3.1379e-05
6	59	3.13729e-05
7	58	3.13729e-05
50	83	3.13178e-05
51	82	3.13178e-05
100	102	3.01842e-05
13	93	2.98614e-05
104	108	2.90505e-05
2	72	2.887e-05
58	91	2.84191e-05
59	90	2.84191e-05
2	106	2.79986e-05
87	115	-2.73267e-05
74	103	2.72508e-05
75	102	2.72508e-05
7	90	2.66589e-05
6	91	2.66589e-05
99	105	2.65774e-05
63	147	2.65761e-05
95	117	2.62327e-05
12	140	2.60837e-05
29	53	2.60576e-05
87	141	2.60099e-05
58	66	2.54103e-05
126	142	2.52512e-05
85	127	2.49718e-05
51	149	2.49702e-05
86	93	2.46567e-05
87	92	2.46567e-05
66	85	2.46522e-05
67	84	2.46522e-05
58	119	2.45643e-05
59	118	2.45643e-05
60	124	2.4491e-05
61	111	2.38918e-05
51	71	2.35968e-05
27	52	2.35952e-05
26	53	2.35952e-05
63	129	2.30141e-05
62	131	2.24166e-05
63	130	2.24166e-05
35	102	2.23852e-05
34	103	2.23852e-05
106	148	2.21642e-05
7	135	2.21283e-05
47	93	-2.16247e-05
3	104	2.1603e-05
2	105	2.1603e-05
12	120	-2.12193e-05
26	74	2.09441e-05
67	71	2.04931e-05
50	76	2.0486e-05
6	84	2.04659e-05
95	149	2.04279e-05
58	94	2.03457e-05
18	92	2.02723e-05
29	101	1.96097e-05
19	38	-1.95045e-05
18	39	-1.95045e-05
83	94	1.91829e-05
82	95	1.91829e-05
109	148	1.91476e-05
108	149	1.91476e-05
84	138	1.88173e-05
78	86	1.87465e-05
48	95	1.86728e-05
49	94	1.86728e-05
11	84	-1.84601e-05
10	85	-1.84601e-05
70	85	1.84406e-05
71	84	1.84406e-05
14	41	1.79631e-05
15	40	1.79631e-05
60	91	1.76077e-05
61	90	1.76077e-05
85	142	1.73626e-05
84	143	1.73626e-05
73	77	1.72997e-05
9	125	1.71507e-05
93	105	1.62263e-05
79	141	1.61381e-05
76	92	1.61309e-05
13	79	1.61304e-05
9	134	1.60445e-05
8	135	1.60445e-05
27	28	1.59324e-05
26	29	1.59324e-05
66	83	1.56895e-05
67	82	1.56895e-05
6	58	1.56865e-05
50	82	1.56589e-05
7	11	-1.49939e-05
13	92	1.49307e-05
12	93	1.49307e-05
61	87	1.47193e-05
63	75	1.47024e-05
67	119	1.42294e-05
58	90	1.42096e-05
51	107	1.40096e-05
87	114	-1.36634e-05
86	115	-1.36634e-05
74	102	1.36254e-05
6	90	1.33295e-05
98	105	1.32887e-05
99	104	1.32887e-05
62	147	1.32881e-05
63	146	1.32881e-05
95	116	1.31163e-05
94	117	1.31163e-05
29	52	1.30288e-05
28	53	1.30288e-05
87	140	1.3005e-05
86	141	1.3005e-05
29	57	-1.27445e-05
61	71	1.25728e-05
25	91	1.24942e-05
84	127	1.24859e-05
85	126	1.24859e-05
51	148	1.24851e-05
50	149	1.24851e-05
86	92	1.23283e-05
66	84	1.23261e-05
58	118	1.22822e-05
73	93	1.22385e-05
61	110	1.19459e-05
60	111	1.19459e-05
50	71	1.17984e-05
51	70	1.17984e-05
26	52	1.17976e-05
91	95	1.16213e-05
63	128	1.1507e-05
62	129	1.1507e-05
71	119	1.13423e-05
62	130	1.12083e-05
49	149	1.11936e-05
34	102	1.11926e-05
95	109	1.1107e-05
6	135	1.10641e-05
7	134	1.10641e-05
51	53	1.08461e-05
47	92	-1.08124e-05
46	93	-1.08124e-05
2	104	1.08015e-05
51	91	1.0745e-05
45	101	1.05375e-05
49	77	1.02946e-05
67	70	1.02465e-05
66	71	1.02465e-05
95	148	1.0214e-05
94	149	1.0214e-05
28	101	9.80484e-06
29	100	9.80484e-06
18	38	-9.75225e-06
25	51	9.69569e-06
82	94	9.59147e-06
108	148	9.57379e-06
48	94	9.33641e-06
10	84	-9.23004e-06
70	84	9.22032e-06
14	40	8.98157e-06
60	90	8.80387e-06
39	123	-8.73223e-06
84	142	8.68132e-06
72	77	8.64987e-06
73	76	8.64987e-06
29	35	8.59421e-06
8	125	8.57533e-06
9	124	8.57533e-06
95	107	8.36171e-06
93	104	8.11315e-06
92	105	8.11315e-06
67	69	8.07032e-06
79	140	8.06905e-06
78	141	8.06905e-06
12	79	8.06521e-06
13	78	8.06521e-06
8	134	8.02227e-06
26	28	7.9662e-06
66	82	7.84476e-06
21	29	7.79734e-06
71	135	7.58702e-06
7	10	-7.49693e-06
6	11	-7.49693e-06
12	92	7.46534e-06
25	119	7.4368e-06
60	87	7.35963e-06
61	86	7.35963e-06
62	75	7.35121e-06
63	74	7.35121e-06
7	115	-7.30041e-06
41	127	7.16357e-06
67	118	7.11469e-06
66	119	7.11469e-06
50	107	7.00482e-06
51	106	7.00482e-06
1	61	6.95341e-06
103	133	6.932e-06
86	114	-6.83168e-06
83	91	6.70229e-06
98	104	6.64435e-06
62	146	6.64403e-06
94	116	6.55816e-06
28	52	6.51439e-06
86	140	6.50248e-06
67	91	6.42651e-06
101	133	6.37551e-06
28	57	-6.37225e-06
29	56	-6.37225e-06
60	71	6.28638e-06
61	70	6.28638e-06
24	91	6.24709e-06
25	90	6.24709e-06
84	126	6.24295e-06
50	148	6.24256e-06
61	135	6.17402e-06
73	92	6.11924e-06
72	93	6.11924e-06
53	149	6.058e-06
57	101	-6.04558e-06
93	129	6.03633e-06
60	110	5.97296e-06
7	61	5.95427e-06
50	70	5.89921e-06
1	107	5.81385e-06
90	95	5.81067e-06
91	94	5.81067e-06
62	128	5.75352e-06
71	118	5.67114e-06
70	119	5.67114e-06
48	149	5.59682e-06
49	148	5.59682e-06
1	105	5.57588e-06
49	107	5.56997e-06
95	108	5.5535e-06
94	109	5.5535e-06
6	134	5.53207e-06
47	127	-5.48008e-06
1	125	5.43158e-06
50	53	5.42304e-06
51	52	5.42304e-06
46	92	-5.40618e-06
50	91	5.37251e-06
51	90	5.37251e-06
45	100	5.26873e-06
44	101	5.26873e-06
1	51	5.17642e-06
49	76	5.14731e-06
48	77	5.14731e-06
87	105	5.1249e-06
66	70	5.12327e-06
47	75	-5.11078e-06
94	148	5.10698e-06
13	85	5.0645e-06
57	85	-5.06311e-06
91	107	5.01574e-06
71	91	4.95856e-06
28	100	4.90242e-06
24	51	4.84784e-06
25	50	4.84784e-06
39	93	-4.84664e-06
47	143	-4.81059e-06
7	87	4.79207e-06
13	123	4.76458e-06
67	149	4.71054e-06
47	61	-4.64263e-06
13	77	4.57491e-06
39	122	-4.36611e-06
38	123	-4.36611e-06
29	63	4.33887e-06
72	76	4.32493e-06
28	35	4.29711e-06
29	34	4.29711e-06
8	124	4.28767e-06
75	121	-4.19409e-06
95	106	4.18085e-06
94	107	4.18085e-06
75	115	-4.15189e-06
92	104	4.05658e-06
13	67	4.04796e-06
66	69	4.03516e-06
67	68	4.03516e-06
78	140	4.03452e-06
12	78	4.03261e-06
21	37	3.99128e-06
47	87	-3.9286e-06
20	29	3.89867e-06
21	28	3.89867e-06
87	121	-3.858e-06
63	101	3.81972e-06
70	135	3.79351e-06
71	134	3.79351e-06
1	13	3.7514e-06
6	10	-3.74847e-06
25	118	3.7184e-06
24	119	3.7184e-06
13	69	3.68407e-06
60	86	3.67981e-06
62	74	3.67561e-06
7	114	-3.6502e-06
6	115	-3.6502e-06
27	35	3.63978e-06
41	126	3.58178e-06
40	127	3.58178e-06
115	123	-3.55942e-06
66	118	3.55734e-06
59	77	3.50402e-06
50	106	3.50241e-06
65	87	-3.49094e-06
1	60	3.47671e-06
0	61	3.47671e-06
102	133	3.466e-06
103	132	3.466e-06
105	129	3.41792e-06
41	115	-3.35185e-06
83	90	3.35114e-06
82	91	3.35114e-06
59	125	3.30425e-06
5	33	3.23227e-06
105	131	3.22572e-06
67	90	3.21325e-06
66	91	3.21325e-06
100	133	3.18776e-06
101	132	3.18776e-06
28	56	-3.18612e-06
111	115	-3.18059e-06
60	70	3.14319e-06
93	111	3.1288e-06
24	90	3.12354e-06
61	134	3.08701e-06
60	135	3.08701e-06
72	92	3.05962e-06
93	123	3.04606e-06
53	148	3.029e-06
52	149	3.029e-06
56	101	-3.02279e-06
57	100	-3.02279e-06
92	129	3.01817e-06
93	128	3.01817e-06
85	91	2.98794e-06
6	61	2.97714e-06
7	60	2.97714e-06
0	107	2.90693e-06
1	106	2.90693e-06
90	94	2.90534e-06
1	25	2.85774e-06
70	118	2.83557e-06
37	87	2.80586e-06
48	148	2.79841e-06
1	104	2.78794e-06
0	105	2.78794e-06
48	107	2.78498e-06
49	106	2.78498e-06
94	108	2.77675e-06
47	126	-2.74004e-06
46	127	-2.74004e-06
49	105	2.71815e-06
0	125	2.71579e-06
1	124	2.71579e-06
50	52	2.71152e-06
50	90	2.68625e-06
49	91	2.68403e-06
11	87	-2.65512e-06
11	123	-2.64825e-06
44	100	2.63436e-06
85	115	-2.59521e-06
47	85	-2.59076e-06
1	50	2.58821e-06
0	51	2.58821e-06
48	76	2.57365e-06
86	105	2.56245e-06
87	104	2.56245e-06
47	74	-2.55539e-06
46	75	-2.55539e-06
13	84	2.53225e-06
12	85	2.53225e-06
56	85	-2.53155e-06
57	84	-2.53155e-06
91	106	2.50787e-06
90	107	2.50787e-06
87	91	2.47939e-06
70	91	2.47928e-06
71	90	2.47928e-06
91	149	2.46126e-06
24	50	2.42392e-06
38	93	-2.42332e-06
39	92	-2.42332e-06
47	142	-2.4053e-06
46	143	-2.4053e-06
27	101	2.40022e-06
6	87	2.39604e-06
7	86	2.39604e-06
12	123	2.38229e-06
13	122	2.38229e-06
61	141	2.38151e-06
67	148	2.35527e-06
66	149	2.35527e-06
29	75	2.35076e-06
47	60	-2.32131e-06
46	61	-2.32131e-06
12	77	2.28746e-06
13	76	2.28746e-06
7	69	2.27675e-06
91	115	-2.24478e-06
7	83	2.23838e-06
53	133	2.18342e-06
38	122	-2.18306e-06
29	62	2.16944e-06
28	63	2.16944e-06
28	34	2.14855e-06
65	85	-2.1102e-06
75	120	-2.09705e-06
74	121	-2.09705e-06
94	106	2.09043e-06
74	115	-2.07595e-06
75	114	-2.07595e-06
73	131	2.04828e-06
51	105	2.04592e-06
83	107	2.03795e-06
13	66	2.02398e-06
12	67	2.02398e-06
66	68	2.01758e-06
35	57	-2.00952e-06
20	37	1.99564e-06
21	36	1.99564e-06
57	67	-1.977e-06
46	87	-1.9643e-06
47	86	-1.9643e-06
20	28	1.94934e-06
86	121	-1.929e-06
87	120	-1.929e-06
62	101	1.90986e-06
63	100	1.90986e-06
69	105	1.90108e-06
70	134	1.89675e-06
69	79	1.89459e-06
0	13	1.8757e-06
1	12	1.8757e-06
24	118	1.8592e-06
13	68	1.84204e-06
12	69	1.84204e-06
59	61	1.83461e-06
21	69	1.83183e-06
77	81	1.82518e-06
6	114	-1.8251e-06
26	35	1.81989e-06
27	34	1.81989e-06
45	121	-1.81524e-06
65	123	-1.79937e-06
40	126	1.79089e-06
115	122	-1.77971e-06
114	123	-1.77971e-06
77	87	1.76804e-06
21	129	1.75791e-06
143	147	1.7559e-06
59	76	1.75201e-06
58	77	1.75201e-06
64	87	-1.74547e-06
65	86	-1.74547e-06
0	60	1.73835e-06
102	132	1.733e-06
105	128	1.70896e-06
104	129	1.70896e-06
25	135	1.70249e-06
40	115	-1.67592e-06
41	114	-1.67592e-06
82	90	1.67557e-06
61	115	-1.65801e-06
9	123	1.65433e-06
58	125	1.65212e-06
59	124	1.65212e-06
71	95	1.64856e-06
7	119	1.64197e-06
21	131	1.61894e-06
5	32	1.61614e-06
4	33	1.61614e-06
105	130	1.61286e-06
104	131	1.61286e-06
66	90	1.60663e-06
100	132	1.59388e-06
59	85	1.59355e-06
111	114	-1.5903e-06
110	115	-1.5903e-06
129	147	1.5899e-06
13	37	1.58191e-06
15	47	-1.57963e-06
45	103	1.56928e-06
93	110	1.5644e-06
92	111	1.5644e-06
60	134	1.5435e-06
105	149	1.54219e-06
93	122	1.52303e-06
92	123	1.52303e-06
35	63	1.52261e-06
25	67	1.52231e-06
52	148	1.5145e-06
56	100	-1.5114e-06
92	128	1.50908e-06
85	90	1.49397e-06
84	91	1.49397e-06
6	60	1.48857e-06
57	75	-1.46645e-06
115	141	-1.46508e-06
91	105	1.46427e-06
0	106	1.45346e-06
77	107	1.43774e-06
51	81	1.43434e-06
0	25	1.42887e-06
1	24	1.42887e-06
25	61	1.41656e-06
37	86	1.40293e-06
36	87	1.40293e-06
0	104	1.39397e-06
48	106	1.39249e-06
59	149	1.38377e-06
67	127	1.38335e-06
46	126	-1.37002e-06
49	104	1.35908e-06
48	105	1.35908e-06
0	124	1.3579e-06
48	91	1.34201e-06
49	90	1.34201e-06
11	86	-1.32756e-06
10	87	-1.32756e-06
10	123	-1.32413e-06
11	122	-1.32413e-06
85	114	-1.2976e-06
84	115	-1.2976e-06
46	85	-1.29538e-06
47	84	-1.29538e-06
0	50	1.2941e-06
29	47	-1.29047e-06
86	104	1.28122e-06
73	87	1.28079e-06
46	74	-1.27769e-06
12	84	1.26613e-06
56	84	-1.26578e-06
90	106	1.25394e-06
86	91	1.23969e-06
87	90	1.23969e-06
70	90	1.23964e-06
91	148	1.23063e-06
90	149	1.23063e-06
1	59	1.22374e-06
38	92	-1.21166e-06
46	142	-1.20265e-06
27	100	1.20011e-06
26	101	1.20011e-06
1	21	1.19991e-06
6	86	1.19802e-06
12	122	1.19114e-06
60	141	1.19076e-06
61	140	1.19076e-06
121	123	-1.18488e-06
66	148	1.17764e-06
29	74	1.17538e-06
28	75	1.17538e-06
46	60	-1.16066e-06
99	149	1.15724e-06
7	77	1.15168e-06
37	79	1.15075e-06
12	76	1.14373e-06
19	77	1.14076e-06
7	68	1.13838e-06
6	69	1.13838e-06
27	99	1.12518e-06
91	114	-1.12239e-06
90	115	-1.12239e-06
7	82	1.11919e-06
6	83	1.11919e-06
1	7	1.11762e-06
53	95	1.1082e-06
35	65	-1.09419e-06
52	133	1.09171e-06
53	132	1.09171e-06
49	109	1.09059e-06
28	62	1.08472e-06
65	84	-1.0551e-06
64	85	-1.0551e-06
74	120	-1.04852e-06
41	53	1.04506e-06
74	114	-1.03797e-06
35	133	1.02662e-06
72	131	1.02414e-06
73	130	1.02414e-06
50	105	1.02296e-06
51	104	1.02296e-06
82	107	1.01897e-06
83	106	1.01897e-06
85	121	-1.01603e-06
12	66	1.01199e-06
35	56	-1.00476e-06
34	57	-1.00476e-06
51	95	1.0043e-06
20	36	9.97819e-07
56	67	-9.88498e-07
57	66	-9.88498e-07
46	86	-9.82151e-07
53	83	9.78631e-07
65	75	-9.70166e-07
86	120	-9.64501e-07
62	100	9.5493e-07
13	111	9.53754e-07
68	105	9.50538e-07
69	104	9.50538e-07
68	79	9.47293e-07
69	78	9.47293e-07
41	63	9.40611e-07
0	12	9.37851e-07
21	85	9.3154e-07
12	68	9.21018e-07
58	61	9.17303e-07
59	60	9.17303e-07
20	69	9.15916e-07
21	68	9.15916e-07
77	80	9.12592e-07
76	81	9.12592e-07
26	34	9.09946e-07
44	121	-9.07621e-07
45	120	-9.07621e-07
65	122	-8.99684e-07
64	123	-8.99684e-07
35	121	-8.98236e-07
114	122	-8.89855e-07
76	87	8.84018e-07
77	86	8.84018e-07
21	128	8.78955e-07
20	129	8.78955e-07
143	146	8.77951e-07
142	147	8.77951e-07
58	76	8.76005e-07
81	93	8.74172e-07
64	86	-8.72735e-07
111	121	-8.66054e-07
77	91	8.66048e-07
104	128	8.5448e-07
24	135	8.51244e-07
25	134	8.51244e-07
67	77	8.48706e-07
1	69	8.46712e-07
75	85	8.45928e-07
117	125	8.44538e-07
51	85	8.39975e-07
71	125	8.38159e-07
40	114	-8.37961e-07
115	129	-8.29811e-07
60	115	-8.29005e-07
61	114	-8.29005e-07
1	85	8.28129e-07
8	123	8.27164e-07
9	122	8.27164e-07
58	124	8.26062e-07
71	94	8.24279e-07
70	95	8.24279e-07
7	118	8.20986e-07
6	119	8.20986e-07
21	130	8.0947e-07
20	131	8.0947e-07
4	32	8.08068e-07
104	130	8.06431e-07
67	95	8.00878e-07
58	85	7.96775e-07
59	84	7.96775e-07
71	117	7.96187e-07
110	114	-7.95148e-07
128	147	7.94948e-07
129	146	7.94948e-07
12	37	7.90954e-07
13	36	7.90954e-07
69	87	7.90584e-07
15	46	-7.89815e-07
14	47	-7.89815e-07
45	102	7.84642e-07
44	103	7.84642e-07
77	115	-7.82598e-07
92	110	7.822e-07
105	148	7.71093e-07
104	149	7.71093e-07
92	122	7.61515e-07
83	105	7.61356e-07
35	62	7.61305e-07
34	63	7.61305e-07
24	67	7.61153e-07
25	66	7.61153e-07
39	61	-7.56097e-07
11	111	-7.52466e-07
69	73	7.52281e-07
39	87	-7.47315e-07
84	90	7.46986e-07
56	75	-7.33223e-07
57	74	-7.33223e-07
114	141	-7.32539e-07
115	140	-7.32539e-07
39	77	-7.32519e-07
91	104	7.32135e-07
90	105	7.32135e-07
27	81	7.28867e-07
29	41	7.19423e-07
76	107	7.18868e-07
77	106	7.18868e-07
7	47	-7.18805e-07
50	81	7.1717e-07
51	80	7.1717e-07
0	24	7.14435e-07
24	61	7.08278e-07
25	60	7.08278e-07
36	86	7.01466e-07
58	149	6.91884e-07
59	148	6.91884e-07
81	149	6.91831e-07
66	127	6.91677e-07
67	126	6.91677e-07
48	104	6.79538e-07
65	111	-6.75486e-07
93	115	-6.75271e-07
53	67	6.71014e-07
48	90	6.71007e-07
21	115	-6.69213e-07
41	111	6.65569e-07
10	86	-6.6378e-07
49	59	6.62287e-07
10	122	-6.62063e-07
84	114	-6.48801e-07
49	83	6.48114e-07
46	84	-6.4769e-07
29	46	-6.45233e-07
28	47	-6.45233e-07
72	87	6.40395e-07
73	86	6.40395e-07
47	77	-6.39489e-07
85	135	6.35324e-07
59	83	6.29173e-07
29	107	6.23351e-07
86	90	6.19847e-07
90	148	6.15315e-07
1	58	6.11871e-07
0	59	6.11871e-07
91	141	6.11412e-07
11	67	-6.11133e-07
11	75	-6.10505e-07
41	129	6.05291e-07
26	100	6.00056e-07
1	20	5.99954e-07
0	21	5.99954e-07
33	135	5.9744e-07
60	140	5.95379e-07
13	59	5.95045e-07
1	115	-5.94652e-07
121	122	-5.92439e-07
120	123	-5.92439e-07
1	83	5.91853e-07
95	125	5.9078e-07
1	81	5.89648e-07
28	74	5.8769e-07
69	81	5.84602e-07
99	148	5.78621e-07
98	149	5.78621e-07
7	76	5.75842e-07
6	77	5.75842e-07
36	79	5.75375e-07
37	78	5.75375e-07
19	76	5.70382e-07
18	77	5.70382e-07
6	68	5.69188e-07
27	98	5.62591e-07
26	99	5.62591e-07
90	114	-5.61196e-07
6	82	5.59594e-07
1	6	5.58811e-07
0	7	5.58811e-07
52	95	5.54099e-07
53	94	5.54099e-07
15	139	5.49783e-07
69	83	5.48463e-07
69	129	5.4809e-07
35	64	-5.47095e-07
34	65	-5.47095e-07
52	132	5.45855e-07
49	108	5.45297e-07
48	109	5.45297e-07
7	57	-5.43411e-07
1	141	5.42301e-07
45	65	-5.36379e-07
85	125	5.36334e-07
51	57	-5.30058e-07
64	84	-5.27551e-07
1	135	5.26328e-07
3	83	5.25629e-07
13	71	5.2284e-07
41	52	5.22532e-07
40	53	5.22532e-07
111	147	5.15865e-07
115	143	-5.13541e-07
34	133	5.13308e-07
35	132	5.13308e-07
72	130	5.1207e-07
50	104	5.11479e-07
82	106	5.09487e-07
85	120	-5.08017e-07
84	121	-5.08017e-07
25	79	5.07522e-07
45	63	5.06183e-07
13	25	5.02511e-07
34	56	-5.02379e-07
50	95	5.0215e-07
51	94	5.0215e-07
1	95	4.95953e-07
56	66	-4.94249e-07
53	82	4.89316e-07
52	83	4.89316e-07
21	63	4.86341e-07
65	74	-4.85083e-07
64	75	-4.85083e-07
51	73	4.84449e-07
39	111	-4.81219e-07
13	110	4.76877e-07
12	111	4.76877e-07
68	104	4.75269e-07
68	78	4.73646e-07
40	63	4.70305e-07
41	62	4.70305e-07
11	57	4.70127e-07
21	84	4.6577e-07
20	85	4.6577e-07
55	85	4.64284e-07
123	125	4.64023e-07
58	60	4.58651e-07
20	68	4.57958e-07
76	80	4.56296e-07
44	120	-4.5381e-07
64	122	-4.49842e-07
34	121	-4.49118e-07
35	120	-4.49118e-07
1	39	-4.47704e-07
76	86	4.42009e-07
20	128	4.39477e-07
142	146	4.38975e-07
69	77	4.3777e-07
81	92	4.37086e-07
80	93	4.37086e-07
45	115	-4.35805e-07
110	121	-4.33027e-07
111	120	-4.33027e-07
77	90	4.33024e-07
76	91	4.33024e-07
24	134	4.25622e-07
66	77	4.24353e-07
67	76	4.24353e-07
0	69	4.23356e-07
1	68	4.23356e-07
75	84	4.22964e-07
74	85	4.22964e-07
117	124	4.22269e-07
116	125	4.22269e-07
19	105	4.20131e-07
50	85	4.19987e-07
51	84	4.19987e-07
65	139	-4.1994e-07
71	124	4.1908e-07
70	125	4.1908e-07
69	135	4.18192e-07
114	129	-4.14905e-07
115	128	-4.14905e-07
60	114	-4.14503e-07
0	85	4.14064e-07
1	84	4.14064e-07
8	122	4.13582e-07
70	94	4.12139e-07
6	118	4.10493e-07
1	53	4.07093e-07
13	105	4.05431e-07
21	53	4.05094e-07
20	130	4.04735e-07
66	95	4.00439e-07
67	94	4.00439e-07
58	84	3.98388e-07
71	116	3.98094e-07
70	117	3.98094e-07
9	141	3.97709e-07
128	146	3.97474e-07
12	36	3.95477e-07
69	86	3.95292e-07
68	87	3.95292e-07
14	46	-3.94908e-07
35	115	-3.92823e-07
44	102	3.92321e-07
76	115	-3.91299e-07
77	114	-3.91299e-07
104	148	3.85546e-07
82	105	3.80678e-07
83	104	3.80678e-07
34	62	3.80653e-07
24	66	3.80577e-07
38	61	-3.78049e-07
39	60	-3.78049e-07
11	110	-3.76233e-07
10	111	-3.76233e-07
69	72	3.7614e-07
68	73	3.7614e-07
38	87	-3.73657e-07
39	86	-3.73657e-07
25	87	3.7358e-07
56	74	-3.66611e-07
114	140	-3.66269e-07
39	76	-3.66259e-07
38	77	-3.66259e-07
90	104	3.66067e-07
27	80	3.64433e-07
26	81	3.64433e-07
55	129	3.62977e-07
29	40	3.59712e-07
28	41	3.59712e-07
76	106	3.59434e-07
7	46	-3.59403e-07
6	47	-3.59403e-07
50	80	3.58585e-07
24	60	3.54139e-07
58	148	3.45942e-07
81	148	3.45916e-07
80	149	3.45916e-07
66	126	3.45838e-07
35	47	-3.44516e-07
107	129	3.41001e-07
1	49	3.40598e-07
59	105	3.38545e-07
64	111	-3.37743e-07
65	110	-3.37743e-07
93	114	-3.37636e-07
92	115	-3.37636e-07
53	77	3.36631e-07
53	66	3.35507e-07
52	67	3.35507e-07
20	115	-3.34606e-07
21	114	-3.34606e-07
41	110	3.32784e-07
40	111	3.32784e-07
49	58	3.31144e-07
48	59	3.31144e-07
61	95	3.25007e-07
49	82	3.24057e-07
48	83	3.24057e-07
28	46	-3.22617e-07
72	86	3.20198e-07
47	76	-3.19745e-07
46	77	-3.19745e-07
85	134	3.17662e-07
84	135	3.17662e-07
39	141	-3.16276e-07
59	82	3.14586e-07
58	83	3.14586e-07
28	107	3.11676e-07
29	106	3.11676e-07
3	27	3.11568e-07
61	93	3.09819e-07
0	58	3.05936e-07
91	140	3.05706e-07
90	141	3.05706e-07
10	67	-3.05567e-07
11	66	-3.05567e-07
11	74	-3.05253e-07
10	75	-3.05253e-07
13	125	3.04592e-07
41	128	3.02645e-07
40	129	3.02645e-07
0	20	2.99977e-07
11	45	-2.99491e-07
32	135	2.9872e-07
33	134	2.9872e-07
13	58	2.97523e-07
12	59	2.97523e-07
1	114	-2.97326e-07
0	115	-2.97326e-07
27	63	2.97115e-07
120	122	-2.96219e-07
1	82	2.95926e-07
0	83	2.95926e-07
94	125	2.9539e-07
95	124	2.9539e-07
0	81	2.94824e-07
1	80	2.94824e-07
69	80	2.92301e-07
68	81	2.92301e-07
3	49	2.91146e-07
98	148	2.8931e-07
6	76	2.87921e-07
36	78	2.87687e-07
13	73	2.86898e-07
18	76	2.85191e-07
13	51	2.82009e-07
26	98	2.81296e-07
123	135	2.80634e-07
0	6	2.79406e-07
7	95	2.774e-07
52	94	2.77049e-07
1	93	2.75661e-07
14	139	2.74891e-07
15	138	2.74891e-07
68	83	2.74232e-07
69	82	2.74232e-07
68	129	2.74045e-07
69	128	2.74045e-07
34	64	-2.73548e-07
48	108	2.72648e-07
6	57	-2.71706e-07
7	56	-2.71706e-07
1	140	2.7115e-07
0	141	2.7115e-07
53	129	2.69955e-07
44	65	-2.6819e-07
45	64	-2.6819e-07
85	124	2.68167e-07
84	125	2.68167e-07
51	56	-2.65029e-07
50	57	-2.65029e-07
0	135	2.63164e-07
1	134	2.63164e-07
2	83	2.62814e-07
3	82	2.62814e-07
41	93	2.62382e-07
73	129	2.61925e-07
13	70	2.6142e-07
12	71	2.6142e-07
40	52	2.61266e-07
95	105	2.58312e-07
111	146	2.57933e-07
110	147	2.57933e-07
115	142	-2.5677e-07
114	143	-2.5677e-07
34	132	2.56654e-07
84	120	-2.54008e-07
25	78	2.53761e-07
24	79	2.53761e-07
45	62	2.53092e-07
44	63	2.53092e-07
47	91	-2.51341e-07
12	25	2.51256e-07
13	24	2.51256e-07
50	94	2.51075e-07
69	85	2.48326e-07
0	95	2.47976e-07
1	94	2.47976e-07
59	87	2.46496e-07
52	82	2.44658e-07
21	62	2.4317e-07
20	63	2.4317e-07
64	74	-2.42541e-07
50	73	2.42225e-07
51	72	2.42225e-07
11	35	-2.41553e-07
38	111	-2.40609e-07
39	110	-2.40609e-07
12	110	2.38439e-07
83	117	2.38405e-07
1	19	2.35305e-07
39	41	-2.35153e-07
40	62	2.35153e-07
10	57	2.35064e-07
11	56	2.35064e-07
7	81	2.34268e-07
20	84	2.32885e-07
55	84	2.32142e-07
54	85	2.32142e-07
123	124	2.32011e-07
122	125	2.32011e-07
53	131	2.274e-07
34	120	-2.24559e-07
0	39	-2.23852e-07
1	38	-2.23852e-07
63	133	2.22931e-07
1	73	2.21616e-07
68	77	2.18885e-07
69	76	2.18885e-07
80	92	2.18543e-07
44	115	-2.17903e-07
45	114	-2.17903e-07
53	69	2.17191e-07
110	120	-2.16513e-07
76	90	2.16512e-07
79	135	2.15256e-07
73	95	2.14231e-07
81	95	2.12596e-07
66	76	2.12177e-07
0	68	2.11678e-07
74	84	2.11482e-07
116	124	2.11135e-07
19	104	2.10065e-07
18	105	2.10065e-07
50	84	2.09994e-07
64	139	-2.0997e-07
65	138	-2.0997e-07
70	124	2.0954e-07
69	134	2.09096e-07
68	135	2.09096e-07
114	128	-2.07453e-07
0	84	2.07032e-07
101	129	2.05492e-07
61	65	-2.04103e-07
1	52	2.03546e-07
0	53	2.03546e-07
12	105	2.02716e-07
13	104	2.02716e-07
41	121	-2.02573e-07
21	52	2.02547e-07
20	53	2.02547e-07
21	81	2.02041e-07
89	141	2.01453e-07
66	94	2.00219e-07
70	116	1.99047e-07
45	47	-1.98873e-07
9	140	1.98854e-07
8	141	1.98854e-07
81	131	1.98207e-07
68	86	1.97646e-07
47	129	-1.97468e-07
35	114	-1.96411e-07
34	115	-1.96411e-07
25	69	1.96054e-07
76	114	-1.9565e-07
21	107	1.95075e-07
15	75	1.92339e-07
27	41	1.92091e-07
27	109	1.91728e-07
93	121	-1.91198e-07
82	104	1.90339e-07
38	60	-1.89024e-07
10	110	-1.88116e-07
68	72	1.8807e-07
93	131	1.87979e-07
1	99	1.87409e-07
38	86	-1.86829e-07
24	87	1.8679e-07
25	86	1.8679e-07
38	76	-1.8313e-07
26	80	1.82217e-07
55	128	1.81489e-07
54	129	1.81489e-07
28	40	1.79856e-07
6	46	-1.79701e-07
125	147	1.79555e-07
47	141	-1.78374e-07
80	148	1.72958e-07
34	47	-1.72258e-07
35	46	-1.72258e-07
11	61	-1.71559e-07
106	129	1.705e-07
107	128	1.705e-07
0	49	1.70299e-07
1	48	1.70299e-07
71	83	1.70207e-07
13	81	1.7012e-07
15	35	1.69778e-07
58	105	1.69273e-07
59	104	1.69273e-07
64	110	-1.68871e-07
92	114	-1.68818e-07
53	76	1.68315e-07
52	77	1.68315e-07
91	119	1.67944e-07
52	66	1.67754e-07
20	114	-1.67303e-07
40	110	1.66392e-07
77	95	1.66251e-07
69	115	-1.65961e-07
55	63	1.65827e-07
48	58	1.65572e-07
131	147	1.64622e-07
61	94	1.62504e-07
60	95	1.62504e-07
48	82	1.62029e-07
9	145	1.61834e-07
1	77	1.61207e-07
139	143	1.61119e-07
46	76	-1.59872e-07
49	73	1.58873e-07
84	134	1.58831e-07
38	141	-1.58138e-07
39	140	-1.58138e-07
63	103	1.57484e-07
58	82	1.57293e-07
49	125	1.56808e-07
37	115	-1.56782e-07
35	39	-1.55944e-07
28	106	1.55838e-07
3	26	1.55784e-07
2	27	1.55784e-07
61	92	1.54909e-07
60	93	1.54909e-07
47	57	1.5476e-07
11	29	-1.54442e-07
7	123	1.54116e-07
55	125	1.53491e-07
90	140	1.52853e-07
10	66	-1.52783e-07
10	74	-1.52626e-07
53	143	1.52619e-07
12	125	1.52296e-07
13	124	1.52296e-07
51	109	1.52245e-07
1	87	1.52113e-07
40	128	1.51323e-07
75	133	1.49869e-07
10	45	-1.49746e-07
11	44	-1.49746e-07
32	134	1.4936e-07
12	58	1.48761e-07
0	114	-1.48663e-07
26	63	1.48557e-07
27	62	1.48557e-07
0	82	1.47963e-07
94	124	1.47695e-07
0	80	1.47412e-07
27	73	1.46729e-07
11	69	-1.46699e-07
68	80	1.4615e-07
29	39	-1.45822e-07
3	48	1.45573e-07
2	49	1.45573e-07
85	87	1.43482e-07
13	72	1.43449e-07
12	73	1.43449e-07
81	83	1.43101e-07
61	73	1.41381e-07
12	51	1.41004e-07
13	50	1.41004e-07
63	115	-1.40714e-07
123	134	1.40317e-07
122	135	1.40317e-07
7	94	1.387e-07
6	95	1.387e-07
1	92	1.37831e-07
0	93	1.37831e-07
14	138	1.37446e-07
68	82	1.37116e-07
68	128	1.37023e-07
117	149	1.36757e-07
21	141	1.36698e-07
6	56	-1.35853e-07
0	140	1.35575e-07
53	128	1.34978e-07
52	129	1.34978e-07
115	139	-1.3495e-07
44	64	-1.34095e-07
84	124	1.34083e-07
49	61	1.33477e-07
50	56	-1.32514e-07
61	105	1.31601e-07
0	134	1.31582e-07
2	82	1.31407e-07
41	109	1.31404e-07
41	92	1.31191e-07
40	93	1.31191e-07
1	41	1.31164e-07
72	129	1.30962e-07
73	128	1.30962e-07
12	70	1.3071e-07
25	83	1.30175e-07
95	104	1.29156e-07
94	105	1.29156e-07
110	146	1.28966e-07
87	139	1.28391e-07
114	142	-1.28385e-07
115	127	-1.27964e-07
77	83	1.27522e-07
24	78	1.2688e-07
44	62	1.26546e-07
11	143	-1.25883e-07
7	53	1.25833e-07
46	91	-1.25671e-07
47	90	-1.25671e-07
12	24	1.25628e-07
107	131	1.25166e-07
73	91	1.24185e-07
68	85	1.24163e-07
69	84	1.24163e-07
0	94	1.23988e-07
58	87	1.23248e-07
59	86	1.23248e-07
21	39	-1.22997e-07
20	62	1.21585e-07
50	72	1.21112e-07
11	34	-1.20776e-07
10	35	-1.20776e-07
29	81	1.2067e-07
38	110	-1.20305e-07
111	125	1.19242e-07
83	116	1.19203e-07
82	117	1.19203e-07
3	95	1.1786e-07
1	18	1.17652e-07
0	19	1.17652e-07
38	41	-1.17576e-07
39	40	-1.17576e-07
10	56	1.17532e-07
7	80	1.17134e-07
6	81	1.17134e-07
107	147	1.16928e-07
3	149	1.16806e-07
54	84	1.16071e-07
122	124	1.16006e-07
71	87	1.14344e-07
52	131	1.137e-07
53	130	1.137e-07
11	93	-1.13576e-07
77	109	1.13229e-07
1	47	-1.12909e-07
0	38	-1.11926e-07
39	63	-1.11732e-07
62	133	1.11465e-07
63	132	1.11465e-07
29	127	1.11392e-07
57	69	-1.10994e-07
0	73	1.10808e-07
1	72	1.10808e-07
68	76	1.09442e-07
47	53	-1.09339e-07
7	79	1.09142e-07
44	114	-1.08951e-07
53	68	1.08595e-07
52	69	1.08595e-07
121	139	-1.08589e-07
95	99	1.07966e-07
79	134	1.07628e-07
78	135	1.07628e-07
73	94	1.07116e-07
72	95	1.07116e-07
27	143	1.06717e-07
80	95	1.06298e-07
81	94	1.06298e-07
1	67	1.05139e-07
18	104	1.05033e-07
64	138	-1.04985e-07
63	121	-1.0471e-07
68	134	1.04548e-07
29	99	1.04272e-07
61	85	1.03358e-07
61	67	1.02792e-07
101	128	1.02746e-07
100	129	1.02746e-07
49	51	1.02549e-07
60	65	-1.02052e-07
61	64	-1.02052e-07
13	135	1.01872e-07
0	52	1.01773e-07
12	104	1.01358e-07
41	120	-1.01286e-07
40	121	-1.01286e-07
20	52	1.01273e-07
21	80	1.01021e-07
20	81	1.01021e-07
89	140	1.00726e-07
88	141	1.00726e-07
44	47	-9.94365e-08
45	46	-9.94365e-08
8	140	9.94271e-08
80	131	9.91035e-08
81	130	9.91035e-08
15	115	-9.89601e-08
39	91	-9.88022e-08
46	129	-9.87342e-08
47	128	-9.87342e-08
34	114	-9.82057e-08
25	68	9.80272e-08
24	69	9.80272e-08
21	106	9.75374e-08
20	107	9.75374e-08
81	91	9.68091e-08
41	131	9.64018e-08
15	74	9.61696e-08
14	75	9.61696e-08
27	40	9.60455e-08
26	41	9.60455e-08
27	108	9.58642e-08
26	109	9.58642e-08
93	120	-9.55992e-08
92	121	-9.55992e-08
65	93	-9.51639e-08
47	55	-9.45423e-08
92	131	9.39894e-08
93	130	9.39894e-08
1	98	9.37047e-08
0	99	9.37047e-08
24	86	9.33951e-08
63	73	9.24465e-08
77	111	9.18914e-08
1	123	9.16798e-08
41	81	9.15905e-08
54	128	9.07443e-08
124	147	8.97775e-08
125	146	8.97775e-08
29	115	-8.94302e-08
47	140	-8.91871e-08
46	141	-8.91871e-08
77	129	8.85919e-08
81	129	8.84793e-08
27	45	8.80884e-08
81	87	8.79611e-08
91	109	8.74824e-08
119	135	8.74091e-08
53	93	8.61482e-08
34	46	-8.61291e-08
10	61	-8.57796e-08
11	60	-8.57796e-08
39	85	-8.53892e-08
59	135	8.53508e-08
106	128	8.52502e-08
0	48	8.51495e-08
77	123	8.51252e-08
70	83	8.51036e-08
71	82	8.51036e-08
13	80	8.50601e-08
12	81	8.50601e-08
15	34	8.48891e-08
14	35	8.48891e-08
69	107	8.47245e-08
58	104	8.46363e-08
52	76	8.41577e-08
69	149	8.41516e-08
91	118	8.3972e-08
90	119	8.3972e-08
76	95	8.31255e-08
77	94	8.31255e-08
69	114	-8.29805e-08
68	115	-8.29805e-08
54	63	8.29136e-08
55	62	8.29136e-08
67	109	8.28676e-08
117	119	8.26748e-08
130	147	8.23108e-08
131	146	8.23108e-08
123	147	8.13923e-08
60	94	8.12518e-08
8	145	8.09172e-08
9	144	8.09172e-08
1	76	8.06035e-08
0	77	8.06035e-08
139	142	8.05594e-08
138	143	8.05594e-08
49	53	8.00622e-08
49	72	7.94364e-08
48	73	7.94364e-08
49	117	7.94254e-08
38	140	-7.90689e-08
13	95	7.90115e-08
62	103	7.87419e-08
63	102	7.87419e-08
61	77	7.87278e-08
11	139	-7.86556e-08
1	109	7.85122e-08
49	124	7.84038e-08
48	125	7.84038e-08
37	114	-7.8391e-08
36	115	-7.8391e-08
83	109	7.83791e-08
73	149	7.82352e-08
11	37	-7.81905e-08
35	38	-7.79719e-08
34	39	-7.79719e-08
2	26	7.7892e-08
60	92	7.74547e-08
61	79	7.74069e-08
47	56	7.738e-08
46	57	7.738e-08
10	29	-7.72212e-08
11	28	-7.72212e-08
6	123	7.70578e-08
7	122	7.70578e-08
54	125	7.67453e-08
55	124	7.67453e-08
61	81	7.67027e-08
11	79	-7.66886e-08
47	63	-7.64352e-08
53	142	7.63097e-08
52	143	7.63097e-08
12	124	7.6148e-08
50	109	7.61224e-08
51	108	7.61224e-08
1	86	7.60567e-08
0	87	7.60567e-08
7	105	7.51669e-08
75	132	7.49345e-08
74	133	7.49345e-08
10	44	-7.48728e-08
91	117	7.43807e-08
26	62	7.42786e-08
27	107	7.3569e-08
29	37	7.35056e-08
26	73	7.33645e-08
27	72	7.33645e-08
11	68	-7.33493e-08
10	69	-7.33493e-08
28	39	-7.29111e-08
29	38	-7.29111e-08
2	48	7.27865e-08
55	133	7.26172e-08
59	69	7.22585e-08
85	86	7.17409e-08
84	87	7.17409e-08
12	72	7.17244e-08
81	82	7.15503e-08
80	83	7.15503e-08
135	141	7.11959e-08
61	72	7.06904e-08
60	73	7.06904e-08
12	50	7.05022e-08
63	114	-7.03568e-08
62	115	-7.03568e-08
53	91	7.02737e-08
122	134	7.01585e-08
53	85	7.00151e-08
61	121	-6.97012e-08
37	39	-6.94509e-08
6	94	6.93501e-08
0	92	6.89153e-08
117	148	6.83786e-08
116	149	6.83786e-08
20	141	6.83492e-08
21	140	6.83492e-08
121	143	-6.75994e-08
75	139	6.75063e-08
52	128	6.74888e-08
114	139	-6.74748e-08
115	138	-6.74748e-08
11	127	-6.73288e-08
37	67	6.71937e-08
48	61	6.67383e-08
49	60	6.67383e-08
69	141	6.65061e-08
79	119	6.62455e-08
60	105	6.58007e-08
61	104	6.58007e-08
79	115	-6.57986e-08
40	109	6.5702e-08
41	108	6.5702e-08
53	63	6.56853e-08
40	92	6.55954e-08
0	41	6.55821e-08
1	40	6.55821e-08
72	128	6.54811e-08
55	109	6.54579e-08
24	83	6.50876e-08
25	82	6.50876e-08
93	109	6.48923e-08
94	104	6.45781e-08
13	21	6.43539e-08
1	71	6.42061e-08
86	139	6.41954e-08
87	138	6.41954e-08
114	127	-6.3982e-08
115	126	-6.3982e-08
76	83	6.37611e-08
77	82	6.37611e-08
7	125	6.34922e-08
10	143	-6.29414e-08
11	142	-6.29414e-08
7	52	6.29165e-08
6	53	6.29165e-08
46	90	-6.28353e-08
107	130	6.2583e-08
106	131	6.2583e-08
72	91	6.20926e-08
73	90	6.20926e-08
68	84	6.20815e-08
58	86	6.16241e-08
21	38	-6.14987e-08
20	39	-6.14987e-08
121	129	-6.1432e-08
85	149	6.10613e-08
39	129	-6.0853e-08
10	34	-6.03881e-08
28	81	6.03349e-08
29	80	6.03349e-08
39	127	-6.02861e-08
110	125	5.96211e-08
111	124	5.96211e-08
82	116	5.96013e-08
7	37	5.95865e-08
7	107	5.93538e-08
3	94	5.89299e-08
2	95	5.89299e-08
55	115	-5.8908e-08
0	18	5.88262e-08
38	40	-5.87882e-08
15	125	5.87242e-08
97	135	5.87164e-08
6	80	5.8567e-08
106	147	5.84642e-08
107	146	5.84642e-08
2	149	5.8403e-08
3	148	5.8403e-08
83	119	5.82157e-08
70	87	5.71718e-08
71	86	5.71718e-08
52	130	5.68501e-08
9	13	5.67974e-08
10	93	-5.67878e-08
11	92	-5.67878e-08
76	109	5.66145e-08
77	108	5.66145e-08
0	47	-5.64545e-08
1	46	-5.64545e-08
25	125	5.63781e-08
41	107	5.62912e-08
39	62	-5.58662e-08
38	63	-5.58662e-08
29	121	-5.57914e-08
62	132	5.57327e-08
29	126	5.5696e-08
28	127	5.5696e-08
56	69	-5.54971e-08
57	68	-5.54971e-08
0	72	5.54041e-08
123	145	5.50393e-08
47	52	-5.46696e-08
46	53	-5.46696e-08
7	78	5.45708e-08
6	79	5.45708e-08
52	68	5.42977e-08
120	139	-5.42943e-08
121	138	-5.42943e-08
121	127	-5.42878e-08
94	99	5.39829e-08
95	98	5.39829e-08
78	134	5.38141e-08
45	85	5.3573e-08
72	94	5.35578e-08
21	57	-5.33795e-08
27	142	5.33586e-08
26	143	5.33586e-08
80	94	5.3149e-08
55	111	5.30669e-08
21	149	5.29993e-08
21	105	5.29777e-08
109	127	5.2842e-08
1	66	5.25695e-08
0	67	5.25695e-08
29	73	5.2486e-08
62	121	-5.23548e-08
63	120	-5.23548e-08
28	99	5.21359e-08
29	98	5.21359e-08
55	91	5.18769e-08
61	84	5.16792e-08
60	85	5.16792e-08
69	91	5.16551e-08
75	143	5.14078e-08
60	67	5.13961e-08
61	66	5.13961e-08
100	128	5.1373e-08
49	50	5.12744e-08
48	51	5.12744e-08
60	64	-5.10258e-08
13	134	5.09361e-08
12	135	5.09361e-08
109	147	5.07673e-08
40	120	-5.06432e-08
20	80	5.05103e-08
88	140	5.03632e-08
73	83	5.0318e-08
21	73	4.97821e-08
44	46	-4.97183e-08
80	130	4.95518e-08
15	114	-4.948e-08
14	115	-4.948e-08
39	90	-4.94011e-08
38	91	-4.94011e-08
46	128	-4.93671e-08
37	85	4.91225e-08
24	68	4.90136e-08
67	117	4.88714e-08
20	106	4.87687e-08
81	90	4.84046e-08
80	91	4.84046e-08
40	131	4.82009e-08
41	130	4.82009e-08
14	74	4.80848e-08
26	40	4.80228e-08
26	108	4.79321e-08
92	120	-4.77996e-08
65	92	-4.75819e-08
64	93	-4.75819e-08
46	55	-4.72712e-08
47	54	-4.72712e-08
92	130	4.69947e-08
0	98	4.68523e-08
47	67	-4.62476e-08
62	73	4.62233e-08
63	72	4.62233e-08
93	141	4.60443e-08
77	110	4.59457e-08
76	111	4.59457e-08
0	123	4.58399e-08
1	122	4.58399e-08
40	81	4.57952e-08
41	80	4.57952e-08
49	71	4.55714e-08
71	107	4.50486e-08
124	146	4.48887e-08
1	143	4.47722e-08
29	114	-4.47151e-08
28	115	-4.47151e-08
46	140	-4.45936e-08
59	107	4.4297e-08
77	128	4.4296e-08
76	129	4.4296e-08
80	129	4.42396e-08
81	128	4.42396e-08
26	45	4.40442e-08
27	44	4.40442e-08
81	86	4.39806e-08
80	87	4.39806e-08
21	47	-4.38601e-08
65	79	-4.37561e-08
90	109	4.37412e-08
91	108	4.37412e-08
118	135	4.37046e-08
119	134	4.37046e-08
25	85	4.35564e-08
53	92	4.30741e-08
52	93	4.30741e-08
129	149	4.29887e-08
11	21	-4.29461e-08
10	60	-4.28898e-08
39	84	-4.26946e-08
38	85	-4.26946e-08
58	135	4.26754e-08
59	134	4.26754e-08
53	127	4.26141e-08
77	122	4.25626e-08
76	123	4.25626e-08
70	82	4.25518e-08
12	80	4.253e-08
9	91	4.2448e-08
14	34	4.24446e-08
69	106	4.23623e-08
68	107	4.23623e-08
69	148	4.20758e-08
68	149	4.20758e-08
49	81	4.19958e-08
90	118	4.1986e-08
83	99	4.17195e-08
71	123	4.16559e-08
15	67	4.15949e-08
76	94	4.15627e-08
68	114	-4.14903e-08
54	62	4.14568e-08
66	109	4.14338e-08
67	108	4.14338e-08
116	119	4.13374e-08
117	118	4.13374e-08
7	111	4.12336e-08
130	146	4.11554e-08
69	93	4.10008e-08
123	146	4.06961e-08
122	147	4.06961e-08
53	147	4.05815e-08
8	144	4.04586e-08
0	76	4.03017e-08
138	142	4.02797e-08
57	115	4.0175e-08
125	135	4.00333e-08
48	53	4.00311e-08
49	52	4.00311e-08
48	72	3.97182e-08
48	117	3.97127e-08
49	116	3.97127e-08
13	94	3.95058e-08
12	95	3.95058e-08
15	27	3.94804e-08
62	102	3.9371e-08
67	81	3.93694e-08
60	77	3.93639e-08
61	76	3.93639e-08
10	139	-3.93278e-08
11	138	-3.93278e-08
0	109	3.92561e-08
1	108	3.92561e-08
48	124	3.92019e-08
36	114	-3.91955e-08
83	108	3.91895e-08
82	109	3.91895e-08
73	148	3.91176e-08
72	149	3.91176e-08
10	37	-3.90953e-08
11	36	-3.90953e-08
34	38	-3.89859e-08
60	79	3.87035e-08
61	78	3.87035e-08
46	56	3.869e-08
10	28	-3.86106e-08
6	122	3.85289e-08
54	124	3.83727e-08
60	81	3.83513e-08
61	80	3.83513e-08
11	78	-3.83443e-08
10	79	-3.83443e-08
41	123	3.82596e-08
46	63	-3.82176e-08
47	62	-3.82176e-08
52	142	3.81548e-08
50	108	3.80612e-08
0	86	3.80283e-08
25	77	3.79658e-08
6	105	3.75834e-08
7	104	3.75834e-08
21	87	3.75529e-08
63	105	3.74788e-08
74	132	3.74672e-08
67	107	3.73914e-08
91	116	3.71904e-08
90	117	3.71904e-08
91	135	3.6791e-08
26	107	3.67845e-08
27	106	3.67845e-08
29	36	3.67528e-08
28	37	3.67528e-08
26	72	3.66823e-08
10	68	-3.66747e-08
29	69	3.66548e-08
69	71	3.66517e-08
13	139	3.65432e-08
28	38	-3.64555e-08
55	132	3.63086e-08
54	133	3.63086e-08
67	135	3.618e-08
58	69	3.61292e-08
59	68	3.61292e-08
84	86	3.58705e-08
19	47	-3.58626e-08
91	93	3.58029e-08
80	82	3.57752e-08
7	121	-3.5666e-08
135	140	3.5598e-08
134	141	3.5598e-08
37	149	3.55234e-08
60	72	3.53452e-08
21	41	3.52906e-08
62	114	-3.51784e-08
52	91	3.51368e-08
53	90	3.51368e-08
11	41	-3.51299e-08
37	57	-3.50091e-08
53	84	3.50076e-08
52	85	3.50076e-08
107	133	3.49493e-08
127	147	3.48574e-08
60	121	-3.48506e-08
61	120	-3.48506e-08
111	135	3.47297e-08
36	39	-3.47255e-08
37	38	-3.47255e-08
105	147	3.44555e-08
71	81	3.43313e-08
19	41	3.42995e-08
116	148	3.41893e-08
20	140	3.41746e-08
41	133	3.4007e-08
91	127	3.39148e-08
121	142	-3.37997e-08
120	143	-3.37997e-08
74	139	3.37532e-08
75	138	3.37532e-08
114	138	-3.37374e-08
10	127	-3.36644e-08
11	126	-3.36644e-08
37	66	3.35968e-08
36	67	3.35968e-08
35	127	3.3439e-08
48	60	3.33692e-08
69	140	3.3253e-08
68	141	3.3253e-08
21	65	-3.32362e-08
49	67	3.32214e-08
67	143	3.31629e-08
78	119	3.31227e-08
79	118	3.31227e-08
75	87	3.29949e-08
60	104	3.29003e-08
79	114	-3.28993e-08
78	115	-3.28993e-08
40	108	3.2851e-08
52	63	3.28426e-08
53	62	3.28426e-08
0	40	3.27911e-08
55	108	3.2729e-08
54	109	3.2729e-08
24	82	3.25438e-08
29	83	3.24586e-08
92	109	3.24462e-08
93	108	3.24462e-08
29	105	3.23472e-08
13	20	3.2177e-08
12	21	3.2177e-08
0	71	3.21031e-08
1	70	3.21031e-08
63	81	3.20995e-08
86	138	3.20977e-08
114	126	-3.1991e-08
109	111	3.19835e-08
76	82	3.18805e-08
6	125	3.17461e-08
7	124	3.17461e-08
10	142	-3.14707e-08
6	52	3.14582e-08
117	135	3.13853e-08
106	130	3.12915e-08
63	65	-3.10686e-08
72	90	3.10463e-08
20	38	-3.07494e-08
120	129	-3.0716e-08
121	128	-3.0716e-08
39	67	-3.07023e-08
65	127	-3.05512e-08
84	149	3.05306e-08
85	148	3.05306e-08
39	128	-3.04265e-08
38	129	-3.04265e-08
28	80	3.01674e-08
38	127	-3.0143e-08
39	126	-3.0143e-08
55	107	2.99894e-08
81	133	2.98919e-08
110	124	2.98106e-08
7	36	2.97932e-08
6	37	2.97932e-08
63	69	2.9702e-08
7	106	2.96769e-08
6	107	2.96769e-08
15	121	-2.96699e-08
63	127	2.96349e-08
39	69	-2.95884e-08
2	94	2.9465e-08
55	114	-2.9454e-08
54	115	-2.9454e-08
15	29	2.94459e-08
15	65	-2.94108e-08
125	127	2.94016e-08
14	125	2.93621e-08
15	124	2.93621e-08
97	134	2.93582e-08
96	135	2.93582e-08
106	146	2.92321e-08
63	109	2.92271e-08
2	148	2.92015e-08
11	71	-2.91637e-08
101	131	2.91208e-08
82	119	2.91078e-08
83	118	2.91078e-08
27	131	2.87842e-08
70	86	2.85859e-08
8	13	2.83987e-08
9	12	2.83987e-08
10	92	-2.83939e-08
76	108	2.83072e-08
0	46	-2.82272e-08
97	139	2.81967e-08
25	124	2.8189e-08
24	125	2.8189e-08
77	149	2.81861e-08
41	106	2.81456e-08
40	107	2.81456e-08
69	131	2.79833e-08
38	62	-2.79331e-08
28	121	-2.78957e-08
29	120	-2.78957e-08
21	35	2.78607e-08
28	126	2.7848e-08
56	68	-2.77486e-08
29	103	2.76816e-08
41	65	-2.75787e-08
122	145	2.75197e-08
123	144	2.75197e-08
29	85	2.74661e-08
46	52	-2.73348e-08
6	78	2.72854e-08
120	138	-2.71472e-08
121	126	-2.71439e-08
120	127	-2.71439e-08
41	75	2.71208e-08
94	98	2.69915e-08
45	84	2.67865e-08
44	85	2.67865e-08
13	75	2.6761e-08
95	119	2.66921e-08
21	56	-2.66898e-08
20	57	-2.66898e-08
26	142	2.66793e-08
63	143	2.66356e-08
105	141	2.65408e-08
55	110	2.65335e-08
54	111	2.65335e-08
20	149	2.64997e-08
21	148	2.64997e-08
20	105	2.64889e-08
21	104	2.64889e-08
108	127	2.6421e-08
109	126	2.6421e-08
0	66	2.62848e-08
29	72	2.6243e-08
28	73	2.6243e-08
62	120	-2.61774e-08
28	98	2.60679e-08
54	91	2.59385e-08
55	90	2.59385e-08
60	84	2.58396e-08
69	90	2.58275e-08
68	91	2.58275e-08
101	121	-2.57587e-08
74	143	2.57039e-08
75	142	2.57039e-08
60	66	2.56981e-08
48	50	2.56372e-08
55	131	2.55211e-08
51	93	2.5503e-08
12	134	2.54681e-08
108	147	2.53836e-08
109	146	2.53836e-08
73	82	2.5159e-08
72	83	2.5159e-08
20	73	2.48911e-08
21	72	2.48911e-08
14	114	-2.474e-08
38	90	-2.47006e-08
53	55	2.46383e-08
29	65	-2.45676e-08
36	85	2.45613e-08
37	84	2.45613e-08
66	117	2.44357e-08
67	116	2.44357e-08
71	77	2.43705e-08
80	90	2.42023e-08
40	130	2.41004e-08
64	92	-2.3791e-08
46	54	-2.36356e-08
111	143	2.35985e-08
47	66	-2.31238e-08
46	67	-2.31238e-08
62	72	2.31116e-08
93	140	2.30221e-08
92	141	2.30221e-08
76	110	2.29728e-08
0	122	2.292e-08
40	80	2.28976e-08
11	15	-2.28671e-08
49	70	2.27857e-08
48	71	2.27857e-08
49	99	2.27537e-08
27	127	2.27074e-08
7	73	2.26e-08
71	106	2.25243e-08
70	107	2.25243e-08
1	142	2.23861e-08
0	143	2.23861e-08
28	114	-2.23575e-08
59	106	2.21485e-08
58	107	2.21485e-08
76	128	2.2148e-08
80	128	2.21198e-08
26	44	2.20221e-08
80	86	2.19903e-08
20	47	-2.19301e-08
21	46	-2.19301e-08
65	78	-2.18781e-08
64	79	-2.18781e-08
90	108	2.18706e-08
118	134	2.18523e-08
19	81	2.18327e-08
25	84	2.17782e-08
24	85	2.17782e-08
21	121	-2.1763e-08
25	149	2.16841e-08
52	92	2.15371e-08
129	148	2.14944e-08
128	149	2.14944e-08
10	21	-2.14731e-08
11	20	-2.14731e-08
38	84	-2.13473e-08
58	134	2.13377e-08
73	147	2.13318e-08
47	81	-2.13209e-08
52	127	2.13071e-08
53	126	2.13071e-08
93	107	2.12819e-08
76	122	2.12813e-08
8	91	2.1224e-08
9	90	2.1224e-08
68	106	2.11811e-08
68	148	2.10379e-08
48	81	2.09979e-08
49	80	2.09979e-08
83	98	2.08597e-08
82	99	2.08597e-08
70	123	2.08279e-08
71	122	2.08279e-08
15	66	2.07974e-08
14	67	2.07974e-08
66	108	2.07169e-08
61	109	2.06777e-08
116	118	2.06687e-08
7	110	2.06168e-08
6	111	2.06168e-08
15	147	2.05406e-08
68	93	2.05004e-08
69	92	2.05004e-08
91	111	2.03884e-08
55	149	2.03573e-08
122	146	2.03481e-08
53	146	2.02907e-08
52	147	2.02907e-08
56	115	2.00875e-08
57	114	2.00875e-08
53	57	-2.00773e-08
125	134	2.00167e-08
124	135	2.00167e-08
48	52	2.00156e-08
48	116	1.98564e-08
12	94	1.97529e-08
11	63	-1.97473e-08
15	26	1.97402e-08
14	27	1.97402e-08
66	81	1.96847e-08
67	80	1.96847e-08
60	76	1.9682e-08
10	138	-1.96639e-08
0	108	1.9628e-08
82	108	1.95948e-08
67	125	1.95794e-08
91	143	1.95725e-08
72	148	1.95588e-08
10	36	-1.95476e-08
37	129	1.95451e-08
51	99	1.9507e-08
60	78	1.93517e-08
60	80	1.91757e-08
10	78	-1.91721e-08
41	122	1.91298e-08
40	123	1.91298e-08
46	62	-1.91088e-08
25	76	1.89829e-08
24	77	1.89829e-08
6	104	1.87917e-08
21	86	1.87764e-08
20	87	1.87764e-08
62	105	1.87394e-08
63	104	1.87394e-08
67	106	1.86957e-08
66	107	1.86957e-08
37	131	1.86954e-08
90	116	1.85952e-08
7	149	1.8445e-08
90	135	1.83955e-08
91	134	1.83955e-08
26	106	1.83922e-08
28	36	1.83764e-08
28	69	1.83274e-08
29	68	1.83274e-08
68	71	1.83259e-08
69	70	1.83259e-08
105	115	-1.83225e-08
37	51	1.83137e-08
12	139	1.82716e-08
13	138	1.82716e-08
99	131	1.8237e-08
54	132	1.81543e-08
66	135	1.809e-08
67	134	1.809e-08
58	68	1.80646e-08
47	101	-1.80386e-08
63	107	1.80022e-08
1	9	1.79912e-08
19	46	-1.79313e-08
18	47	-1.79313e-08
90	93	1.79014e-08
91	92	1.79014e-08
19	73	1.78856e-08
7	120	-1.7833e-08
6	121	-1.7833e-08
134	140	1.7799e-08
37	148	1.77617e-08
36	149	1.77617e-08
20	41	1.76453e-08
21	40	1.76453e-08
65	143	-1.76357e-08
41	85	1.76355e-08
7	143	1.76308e-08
52	90	1.75684e-08
10	41	-1.75649e-08
11	40	-1.75649e-08
105	133	1.75443e-08
36	57	-1.75046e-08
37	56	-1.75046e-08
52	84	1.75038e-08
106	133	1.74747e-08
107	132	1.74747e-08
126	147	1.74287e-08
127	146	1.74287e-08
60	120	-1.74253e-08
37	121	-1.73696e-08
110	135	1.73648e-08
111	134	1.73648e-08
36	38	-1.73627e-08
29	143	1.7336e-08
105	146	1.72278e-08
104	147	1.72278e-08
71	80	1.71657e-08
70	81	1.71657e-08
19	40	1.71498e-08
18	41	1.71498e-08
41	132	1.70035e-08
40	133	1.70035e-08
91	126	1.69574e-08
90	127	1.69574e-08
81	143	1.69544e-08
41	105	1.69385e-08
37	141	1.69113e-08
120	142	-1.68998e-08
74	138	1.68766e-08
10	126	-1.68322e-08
36	66	1.67984e-08
35	126	1.67195e-08
34	127	1.67195e-08
7	141	1.66835e-08
68	140	1.66265e-08
20	65	-1.66181e-08
21	64	-1.66181e-08
48	67	1.66107e-08
49	66	1.66107e-08
66	143	1.65814e-08
67	142	1.65814e-08
78	118	1.65614e-08
75	86	1.64974e-08
74	87	1.64974e-08
78	114	-1.64497e-08
52	62	1.64213e-08
71	111	1.64065e-08
54	108	1.63645e-08
29	82	1.62293e-08
28	83	1.62293e-08
92	108	1.62231e-08
28	105	1.61736e-08
29	104	1.61736e-08
12	20	1.60885e-08
0	70	1.60515e-08
62	81	1.60497e-08
63	80	1.60497e-08
13	53	1.59975e-08
108	111	1.59918e-08
109	110	1.59918e-08
6	124	1.5873e-08
37	93	1.58106e-08
91	123	1.57642e-08
29	55	1.57136e-08
117	134	1.56927e-08
116	135	1.56927e-08
53	75	1.5552e-08
63	64	-1.55343e-08
62	65	-1.55343e-08
115	125	-1.55041e-08
7	65	-1.55009e-08
51	61	1.53598e-08
120	128	-1.5358e-08
38	67	-1.53511e-08
39	66	-1.53511e-08
64	127	-1.52756e-08
65	126	-1.52756e-08
84	148	1.52653e-08
38	128	-1.52133e-08
25	95	1.51308e-08
115	135	-1.50979e-08
38	126	-1.50715e-08
7	139	1.50271e-08
55	106	1.49947e-08
54	107	1.49947e-08
71	149	1.49708e-08
81	132	1.49459e-08
80	133	1.49459e-08
6	36	1.48966e-08
115	147	-1.48513e-08
63	68	1.4851e-08
62	69	1.4851e-08
6	106	1.48385e-08
15	120	-1.4835e-08
14	121	-1.4835e-08
62	127	1.48174e-08
63	126	1.48174e-08
39	68	-1.47942e-08
38	69	-1.47942e-08
65	101	-1.47391e-08
54	114	-1.4727e-08
15	28	1.47229e-08
14	29	1.47229e-08
14	65	-1.47054e-08
15	64	-1.47054e-08
124	127	1.47008e-08
125	126	1.47008e-08
65	69	-1.46951e-08
14	124	1.4681e-08
96	134	1.46791e-08
62	109	1.46135e-08
63	108	1.46135e-08
11	70	-1.45819e-08
10	71	-1.45819e-08
100	131	1.45604e-08
101	130	1.45604e-08
82	118	1.45539e-08
29	109	1.45227e-08
37	65	-1.44716e-08
1	147	1.44482e-08
79	93	1.43982e-08
27	130	1.43921e-08
26	131	1.43921e-08
115	131	-1.43767e-08
8	12	1.41993e-08
59	111	1.41297e-08
96	139	1.40983e-08
97	138	1.40983e-08
24	124	1.40945e-08
77	148	1.4093e-08
76	149	1.4093e-08
40	106	1.40728e-08
15	45	1.40259e-08
69	130	1.39917e-08
68	131	1.39917e-08
28	120	-1.39479e-08
21	34	1.39303e-08
20	35	1.39303e-08
29	102	1.38408e-08
28	103	1.38408e-08
21	51	1.38259e-08
51	87	1.38136e-08
40	65	-1.37893e-08
41	64	-1.37893e-08
122	144	1.37598e-08
29	84	1.3733e-08
28	85	1.3733e-08
120	126	-1.35719e-08
41	74	1.35604e-08
40	75	1.35604e-08
1	129	1.35522e-08
44	84	1.33932e-08
13	74	1.33805e-08
12	75	1.33805e-08
47	147	-1.33578e-08
95	118	1.3346e-08
94	119	1.3346e-08
20	56	-1.33449e-08
63	142	1.33178e-08
62	143	1.33178e-08
101	115	-1.33089e-08
83	129	1.32771e-08
105	140	1.32704e-08
104	141	1.32704e-08
54	110	1.32667e-08
20	148	1.32498e-08
20	104	1.32444e-08
108	126	1.32105e-08
9	111	1.3166e-08
28	72	1.31215e-08
35	129	1.29907e-08
54	90	1.29692e-08
79	121	-1.29669e-08
68	90	1.29138e-08
100	121	-1.28793e-08
101	120	-1.28793e-08
74	142	1.2852e-08
27	47	-1.28192e-08
54	131	1.27606e-08
55	130	1.27606e-08
51	92	1.27515e-08
50	93	1.27515e-08
108	146	1.26918e-08
72	82	1.25795e-08
15	21	1.25226e-08
71	105	1.24875e-08
67	111	1.24868e-08
29	93	1.24554e-08
20	72	1.24455e-08
52	55	1.23191e-08
53	54	1.23191e-08
28	65	-1.22838e-08
29	64	-1.22838e-08
36	84	1.22806e-08
66	116	1.22178e-08
59	109	1.21993e-08
71	76	1.21852e-08
70	77	1.21852e-08
59	123	1.21363e-08
91	99	1.20858e-08
127	149	1.20792e-08
37	73	1.20217e-08
7	117	1.19185e-08
110	143	1.17992e-08
111	142	1.17992e-08
53	71	1.17916e-08
37	83	1.17887e-08
125	143	1.17228e-08
15	91	1.17207e-08
73	133	1.1704e-08
1	111	1.16891e-08
46	66	-1.15619e-08
92	140	1.15111e-08
135	143	1.14631e-08
11	14	-1.14336e-08
10	15	-1.14336e-08
48	70	1.13929e-08
49	98	1.13769e-08
48	99	1.13769e-08
27	126	1.13537e-08
26	127	1.13537e-08
6	73	1.13e-08
7	72	1.13e-08
70	106	1.12622e-08
49	119	1.11991e-08
0	142	1.11931e-08
57	83	-1.1191e-08
58	106	1.10742e-08
61	107	1.09812e-08
20	46	-1.0965e-08
64	78	-1.0939e-08
135	149	1.09309e-08
18	81	1.09164e-08
19	80	1.09164e-08
24	84	1.08891e-08
20	121	-1.08815e-08
21	120	-1.08815e-08
21	91	1.08743e-08
24	149	1.0842e-08
25	148	1.0842e-08
37	77	1.0821e-08
128	148	1.07472e-08
10	20	-1.07365e-08
85	107	1.07198e-08
47	139	-1.07142e-08
25	117	1.06923e-08
72	147	1.06659e-08
73	146	1.06659e-08
47	80	-1.06604e-08
46	81	-1.06604e-08
52	126	1.06535e-08
92	107	1.0641e-08
93	106	1.0641e-08
93	147	1.06204e-08
8	90	1.0612e-08
48	80	1.04989e-08
37	105	1.04889e-08
82	98	1.04299e-08
7	49	1.04269e-08
21	75	1.04197e-08
70	122	1.0414e-08
14	66	1.03987e-08
60	109	1.03388e-08
61	108	1.03388e-08
6	110	1.03084e-08
15	146	1.02703e-08
14	147	1.02703e-08
68	92	1.02502e-08
37	53	1.02312e-08
90	111	1.01942e-08
91	110	1.01942e-08
54	149	1.01786e-08
55	148	1.01786e-08
52	146	1.01454e-08
75	127	1.00645e-08
56	114	1.00437e-08
53	56	-1.00387e-08
52	57	-1.00387e-08
124	134	1.00083e-08
