29	37	214.839
7	37	182.598
2	3	177.998
35	37	169.927
31	37	166.523
36	37	155.627
33	37	154.48
28	29	151.42
15	37	144.605
9	37	139.239
11	29	138.62
5	37	138.36
1	37	130.378
9	31	127.659
19	33	126.435
25	29	126.341
11	37	123.376
17	37	122.224
15	29	122.211
11	25	121.224
29	35	120.978
13	37	119.229
7	31	118.716
9	29	117.891
5	33	117.853
25	35	117.352
9	33	116.237
1	7	114.184
19	37	112.756
31	33	112.424
7	29	112.143
7	35	111.839
5	31	111.026
7	9	110.714
13	29	110.581
3	19	-109.305
7	15	109.227
25	37	108.246
7	27	107.869
28	37	107.419
29	36	107.419
29	31	104.376
24	25	104.076
7	11	103.526
1	25	103.351
7	33	103.312
17	31	103.142
29	33	103.053
1	29	101.866
27	37	99.8635
13	35	98.1063
31	35	97.9861
7	17	96.6461
15	31	95.3913
5	35	94.777
9	19	94.656
9	15	94.6019
6	7	94.3288
11	27	93.9084
1	31	93.8735
27	29	93.8476
5	7	92.7166
1	35	92.4592
5	9	91.9282
7	36	91.299
6	37	91.299
18	19	90.0209
10	11	89.1704
33	35	87.0926
1	11	86.7162
1	9	86.7016
5	19	85.8391
1	5	85.5286
19	29	85.5236
11	15	85.4709
4	5	85.2948
1	27	85.1
34	37	84.9635
35	36	84.9635
15	27	84.3798
8	9	83.8573
11	35	83.7851
15	33	83.5038
17	35	83.3939
31	36	83.2614
30	37	83.2614
12	13	83.1441
1	33	83.0097
5	23	82.9516
9	27	82.6018
19	31	80.4653
17	29	80.1564
1	17	79.5501
7	19	79.0574
34	35	78.9804
7	25	78.1563
33	36	77.24
32	37	77.24
15	35	75.5805
13	31	75.2977
16	17	74.8991
27	31	74.6907
1	15	74.3085
30	31	74.0564
13	25	73.7674
25	27	72.979
9	35	72.7484
17	33	72.4441
15	36	72.3025
14	37	72.3025
15	19	72.2328
32	33	71.719
9	13	70.8919
21	27	70.5866
9	17	70.1848
9	36	69.6193
8	37	69.6193
13	17	69.5552
11	28	69.31
10	29	69.31
5	36	69.18
4	37	69.18
5	17	68.5836
13	33	66.9012
5	15	66.7754
14	15	66.579
27	33	65.3306
1	36	65.1891
0	37	65.1891
9	11	65.1754
1	21	65.0786
15	17	64.9381
0	1	64.731
13	19	64.5425
25	33	64.3701
17	27	64.3314
8	31	63.8297
9	30	63.8297
7	21	63.7133
27	35	63.6995
18	33	63.2175
19	32	63.2175
25	28	63.1707
24	29	63.1707
13	15	63.0462
5	25	62.4467
5	21	61.7733
10	37	61.688
11	36	61.688
11	21	61.5193
17	36	61.1119
16	37	61.1119
15	28	61.1053
14	29	61.1053
10	25	60.6118
11	24	60.6118
23	33	60.4946
28	35	60.489
29	34	60.489
23	31	60.4103
21	25	60.0132
13	36	59.6143
12	37	59.6143
26	27	59.559
6	31	59.3578
7	30	59.3578
11	13	59.3555
9	28	58.9456
8	29	58.9456
5	32	58.9264
4	33	58.9264
24	35	58.676
25	34	58.676
9	32	58.1187
8	33	58.1187
9	21	57.2648
22	23	57.1648
1	19	57.1522
0	7	57.0922
1	6	57.0922
19	36	56.3781
18	37	56.3781
30	33	56.2121
31	32	56.2121
3	13	-56.2035
6	29	56.0717
7	28	56.0717
7	34	55.9196
6	35	55.9196
5	30	55.5132
4	31	55.5132
6	9	55.3571
7	8	55.3571
12	29	55.2906
13	28	55.2906
3	18	-54.6526
2	19	-54.6526
7	14	54.6133
6	15	54.6133
1	13	54.4368
17	21	54.3809
24	37	54.1228
25	36	54.1228
19	27	54.1165
7	26	53.9344
6	27	53.9344
5	27	53.7772
28	36	53.7096
23	35	53.6987
17	25	52.8846
7	13	52.3054
29	30	52.188
28	31	52.188
19	25	52.1006
6	11	51.7631
7	10	51.7631
0	25	51.6753
1	24	51.6753
7	32	51.6559
6	33	51.6559
16	31	51.5709
17	30	51.5709
28	33	51.5266
29	32	51.5266
0	29	50.933
1	28	50.933
21	31	50.7215
26	37	49.9318
27	36	49.9318
3	5	49.5212
19	35	49.4159
13	34	49.0532
12	35	49.0532
30	35	48.993
31	34	48.993
21	33	48.6147
6	17	48.323
7	16	48.323
21	37	48.3189
3	9	-48.1808
11	31	47.8161
14	31	47.6956
15	30	47.6956
4	35	47.3885
5	34	47.3885
20	21	47.3732
9	18	47.328
8	19	47.328
9	14	47.3009
8	15	47.3009
11	26	46.9542
10	27	46.9542
1	30	46.9367
0	31	46.9367
26	29	46.9238
27	28	46.9238
4	7	46.3583
5	6	46.3583
5	29	46.3075
1	34	46.2296
0	35	46.2296
3	33	-45.984
4	9	45.9641
5	8	45.9641
6	36	45.6495
3	37	45.3481
15	21	43.8089
32	35	43.5463
33	34	43.5463
0	11	43.3581
1	10	43.3581
0	9	43.3508
1	8	43.3508
11	33	43.0876
9	23	43.035
5	18	42.9195
4	19	42.9195
1	4	42.7643
0	5	42.7643
19	28	42.7618
18	29	42.7618
11	14	42.7354
10	15	42.7354
1	26	42.55
0	27	42.55
34	36	42.4817
15	25	42.2494
15	26	42.1899
14	27	42.1899
19	23	42.1236
10	35	41.8925
11	34	41.8925
23	37	41.8827
1	3	41.7526
14	33	41.7519
15	32	41.7519
17	34	41.697
16	35	41.697
30	36	41.6307
3	7	41.5818
0	33	41.5049
1	32	41.5049
4	23	41.4758
5	22	41.4758
9	26	41.3009
8	27	41.3009
17	23	40.711
19	30	40.2327
18	31	40.2327
25	31	40.139
17	28	40.0782
16	29	40.0782
0	17	39.775
1	16	39.775
6	19	39.5287
7	18	39.5287
9	25	39.4701
6	25	39.0782
7	24	39.0782
32	36	38.62
7	23	38.5879
14	35	37.7903
15	34	37.7903
13	30	37.6488
12	31	37.6488
26	31	37.3454
27	30	37.3454
0	15	37.1543
1	14	37.1543
13	24	36.8837
12	25	36.8837
5	13	36.7736
21	35	36.7466
25	26	36.4895
24	27	36.4895
8	35	36.3742
9	34	36.3742
17	32	36.222
16	33	36.222
14	36	36.1513
15	18	36.1164
14	19	36.1164
8	13	35.446
9	12	35.446
21	26	35.2933
20	27	35.2933
9	16	35.0924
8	17	35.0924
8	36	34.8097
13	16	34.7776
12	17	34.7776
10	28	34.655
4	36	34.59
4	17	34.2918
5	16	34.2918
13	32	33.4506
12	33	33.4506
5	14	33.3877
4	15	33.3877
11	17	33.2617
17	19	33.0577
21	29	32.9745
1	23	32.8395
27	32	32.6653
26	33	32.6653
0	36	32.5945
9	10	32.5877
8	11	32.5877
0	21	32.5393
1	20	32.5393
15	16	32.4691
14	17	32.4691
12	19	32.2713
13	18	32.2713
25	32	32.185
24	33	32.185
17	26	32.1657
16	27	32.1657
8	30	31.9148
6	21	31.8566
7	20	31.8566
26	35	31.8497
27	34	31.8497
18	32	31.6088
24	28	31.5853
13	14	31.5231
12	15	31.5231
13	27	31.2659
4	25	31.2233
5	24	31.2233
5	20	30.8866
4	21	30.8866
10	36	30.844
11	20	30.7597
10	21	30.7597
16	36	30.556
14	28	30.5526
10	24	30.3059
22	33	30.2473
23	32	30.2473
28	34	30.2445
23	30	30.2051
22	31	30.2051
20	25	30.0066
21	24	30.0066
12	36	29.8071
6	30	29.6789
11	12	29.6778
10	13	29.6778
8	28	29.4728
4	32	29.4632
24	34	29.338
8	32	29.0593
8	21	28.6324
9	20	28.6324
0	19	28.5761
1	18	28.5761
0	6	28.5461
3	25	-28.5176
18	36	28.189
30	32	28.1061
3	12	-28.1018
2	13	-28.1018
6	28	28.0358
6	34	27.9598
4	30	27.7566
6	8	27.6785
12	28	27.6453
2	18	-27.3263
6	14	27.3066
0	13	27.2184
1	12	27.2184
17	20	27.1905
16	21	27.1905
24	36	27.0614
18	27	27.0583
19	26	27.0583
6	26	26.9672
5	26	26.8886
4	27	26.8886
23	34	26.8493
22	35	26.8493
3	21	26.5565
17	24	26.4423
16	25	26.4423
7	12	26.1527
6	13	26.1527
28	30	26.094
18	25	26.0503
19	24	26.0503
6	10	25.8816
0	24	25.8376
6	32	25.828
16	30	25.7855
28	32	25.7633
0	28	25.4665
21	30	25.3608
20	31	25.3608
26	36	24.9659
15	23	24.871
3	4	24.7606
2	5	24.7606
19	34	24.708
18	35	24.708
12	34	24.5266
30	34	24.4965
21	32	24.3074
20	33	24.3074
6	16	24.1615
20	37	24.1594
21	36	24.1594
23	25	24.1234
2	9	-24.0904
3	8	-24.0904
11	30	23.9081
10	31	23.9081
14	30	23.8478
4	34	23.6943
8	18	23.664
8	14	23.6505
10	26	23.4771
0	30	23.4684
26	28	23.4619
4	6	23.1791
4	29	23.1537
5	28	23.1537
0	34	23.1148
3	32	-22.992
2	33	-22.992
4	8	22.9821
3	36	22.674
2	37	22.674
14	21	21.9044
15	20	21.9044
32	34	21.7731
0	10	21.679
0	8	21.6754
10	33	21.5438
11	32	21.5438
9	22	21.5175
8	23	21.5175
4	18	21.4598
0	4	21.3822
18	28	21.3809
10	14	21.3677
0	26	21.275
14	25	21.1247
15	24	21.1247
14	26	21.0949
19	22	21.0618
18	23	21.0618
10	34	20.9463
22	37	20.9414
23	36	20.9414
0	3	20.8763
1	2	20.8763
14	32	20.8759
16	34	20.8485
2	7	20.7909
3	6	20.7909
21	23	20.7727
0	32	20.7524
4	22	20.7379
8	26	20.6505
16	23	20.3555
17	22	20.3555
18	30	20.1163
24	31	20.0695
25	30	20.0695
16	28	20.0391
5	11	20.0276
0	16	19.8875
6	18	19.7644
9	24	19.7351
8	25	19.7351
6	24	19.5391
7	22	19.2939
6	23	19.2939
14	34	18.8951
12	30	18.8244
26	30	18.6727
0	14	18.5771
12	24	18.4418
5	12	18.3868
4	13	18.3868
21	34	18.3733
20	35	18.3733
13	23	18.347
24	26	18.2448
8	34	18.1871
16	32	18.111
14	18	18.0582
8	12	17.723
20	26	17.6467
8	16	17.5462
12	16	17.3888
4	16	17.1459
3	35	16.9161
12	32	16.7253
4	14	16.6938
10	17	16.6308
11	16	16.6308
16	19	16.5288
17	18	16.5288
21	28	16.4872
20	29	16.4872
0	23	16.4198
1	22	16.4198
11	19	16.3826
26	32	16.3327
8	10	16.2939
0	20	16.2697
14	16	16.2345
12	18	16.1356
24	32	16.0925
16	26	16.0829
6	20	15.9283
26	34	15.9249
3	27	15.765
12	14	15.7616
3	11	15.7186
12	27	15.6329
13	26	15.6329
4	24	15.6117
4	20	15.4433
10	20	15.3798
22	32	15.1237
22	30	15.1026
20	24	15.0033
23	29	-14.8476
10	12	14.8389
19	21	14.3715
8	20	14.3162
0	18	14.2881
2	25	-14.2588
3	24	-14.2588
2	12	-14.0509
3	15	-13.8947
0	12	13.6092
16	20	13.5952
18	26	13.5291
4	26	13.4443
22	34	13.4247
3	20	13.2782
2	21	13.2782
16	24	13.2212
6	12	13.0764
3	17	13.0336
18	24	13.0251
20	30	12.6804
15	22	12.4355
14	23	12.4355
2	4	12.3803
18	34	12.354
20	32	12.1537
20	36	12.0797
22	25	12.0617
23	24	12.0617
2	8	-12.0452
10	30	11.954
4	28	11.5769
2	32	-11.496
2	36	11.337
14	20	10.9522
10	32	10.7719
8	22	10.7588
14	24	10.5624
18	22	10.5309
22	36	10.4707
0	2	10.4382
2	6	10.3955
21	22	10.3863
20	23	10.3863
23	27	10.3752
16	22	10.1778
24	30	10.0348
5	10	10.0138
4	11	10.0138
8	24	9.86753
6	22	9.64697
4	12	9.1934
20	34	9.18666
12	23	9.17348
13	22	9.17348
2	35	8.45807
3	34	8.45807
10	16	8.31542
16	18	8.26442
20	28	8.24362
0	22	8.20988
10	19	8.1913
11	18	8.1913
2	27	7.88252
3	26	7.88252
2	11	7.85931
3	10	7.85931
12	26	7.81647
3	23	-7.44242
22	29	-7.42378
23	28	-7.42378
19	20	7.18575
18	21	7.18575
2	24	-7.12939
3	14	-6.94735
2	15	-6.94735
2	20	6.63912
2	17	6.5168
3	16	6.5168
14	22	6.21775
22	24	6.03085
20	22	5.19317
22	27	5.18759
23	26	5.18759
4	10	5.0069
12	22	4.58674
2	34	4.22903
10	18	4.09565
13	21	-3.9663
2	26	3.94126
2	10	3.92966
3	22	-3.72121
2	23	-3.72121
22	28	-3.71189
18	20	3.59287
2	14	-3.47367
2	16	3.2584
11	23	3.21337
22	26	2.59379
3	31	2.49844
12	21	-1.98315
13	20	-1.98315
2	22	-1.8606
11	22	1.60668
10	23	1.60668
3	29	1.40176
2	31	1.24922
3	30	1.24922
12	20	-0.991575
10	22	0.803342
3	28	0.700879
2	29	0.700879
2	30	0.624609
2	28	0.350439
