0	1	2
44	45	2
46	47	2
48	49	2
50	51	2
52	53	2
54	55	2
42	43	2
56	57	2
60	61	2
62	63	2
64	65	2
66	67	2
68	69	2
70	71	2
58	59	2
40	41	2
38	39	2
36	37	2
6	7	2
8	9	2
10	11	2
12	13	2
14	15	2
16	17	2
18	19	2
20	21	2
22	23	2
24	25	2
26	27	2
28	29	2
30	31	2
32	33	2
34	35	2
72	73	2
74	75	2
76	77	2
78	79	2
118	119	2
120	121	2
122	123	2
124	125	2
126	127	2
128	129	2
130	131	2
132	133	2
134	135	2
136	137	2
138	139	2
140	141	2
142	143	2
144	145	2
146	147	2
116	117	2
4	5	2
114	115	2
110	111	2
80	81	2
82	83	2
84	85	2
86	87	2
88	89	2
90	91	2
92	93	2
94	95	2
96	97	2
98	99	2
100	101	2
102	103	2
104	105	2
106	107	2
108	109	2
112	113	2
2	3	2
148	149	2
3	47	0.0693381
67	79	0.0565879
61	65	0.0545854
1	137	0.0447035
83	123	0.0443449
65	137	0.0423599
25	147	0.0353381
3	46	0.0346691
2	47	0.0346691
25	137	0.0331869
61	137	0.0310183
41	139	0.0303336
1	7	0.0298256
66	79	0.028294
67	78	0.028294
85	135	0.027947
60	65	0.0272927
61	64	0.0272927
1	25	0.0235026
37	57	0.0231122
0	137	0.0223517
1	136	0.0223517
1	133	0.0223038
82	123	0.0221724
83	122	0.0221724
64	137	0.02118
65	136	0.02118
1	65	0.0210233
65	133	0.0199767
23	147	0.0191182
24	147	0.017669
25	146	0.017669
3	49	0.0176352
2	46	0.0173345
25	136	0.0165935
24	137	0.0165935
60	137	0.0155092
61	136	0.0155092
25	65	0.0152191
41	138	0.0151668
40	139	0.0151668
0	7	0.0149128
1	6	0.0149128
109	123	0.0144487
66	78	0.014147
85	134	0.0139735
84	135	0.0139735
60	64	0.0136464
1	24	0.0117513
0	25	0.0117513
36	57	0.0115561
37	56	0.0115561
15	93	0.0113717
0	136	0.0111759
1	132	0.0111519
0	133	0.0111519
82	122	0.0110862
25	61	0.0108934
64	136	0.01059
0	65	0.0105116
1	64	0.0105116
53	95	0.0100628
64	133	0.00998833
65	132	0.00998833
7	25	0.00961049
23	146	0.00955909
22	147	0.00955909
24	146	0.00883452
3	48	0.00881759
2	49	0.00881759
24	136	0.00829673
60	136	0.00775459
25	64	0.00760957
24	65	0.00760957
40	138	0.0075834
0	6	0.0074564
109	122	0.00722435
108	123	0.00722435
84	134	0.00698676
23	25	0.00635964
0	24	0.00587566
36	56	0.00577806
14	93	0.00568585
15	92	0.00568585
0	132	0.00557594
11	99	0.00545057
25	60	0.00544668
24	61	0.00544668
85	119	0.00528099
111	149	0.00527418
0	64	0.00525582
83	109	0.00516106
63	107	0.00507673
53	94	0.00503138
52	95	0.00503138
64	132	0.00499417
7	24	0.00480524
6	25	0.00480524
22	146	0.00477954
2	48	0.00440879
115	119	0.0038208
24	64	0.00380479
108	122	0.00361218
31	101	0.00352795
23	125	0.00348607
7	147	0.00322809
22	25	0.00317982
23	24	0.00317982
43	67	0.00286266
14	92	0.00284293
11	98	0.00272529
10	99	0.00272529
24	60	0.00272334
7	133	0.00266196
84	119	0.00264049
85	118	0.00264049
111	148	0.00263709
110	149	0.00263709
82	109	0.00258053
83	108	0.00258053
62	107	0.00253836
63	106	0.00253836
52	94	0.00251569
133	137	0.00250728
6	24	0.00240262
69	89	0.00230048
9	31	0.0022152
114	119	0.0019104
115	118	0.0019104
9	101	0.00182927
31	100	0.00176398
30	101	0.00176398
61	147	0.00174819
23	124	0.00174304
22	125	0.00174304
41	47	0.00171982
53	55	0.00171619
6	147	0.00161405
7	146	0.00161405
22	24	0.00158991
7	137	0.00150444
7	23	0.00146099
42	67	0.00143133
43	66	0.00143133
59	107	0.00141166
10	98	0.00136264
7	132	0.00133098
6	133	0.00133098
84	118	0.00132025
110	148	0.00131855
82	108	0.00129027
19	127	0.00127558
62	106	0.00126918
133	136	0.00125364
132	137	0.00125364
105	149	0.00119797
69	88	0.00115024
68	89	0.00115024
59	63	0.00114308
8	31	0.0011076
9	30	0.0011076
77	115	0.00102271
55	95	0.000997634
47	49	0.00099013
114	118	0.000955201
85	105	0.000954617
9	100	0.000914635
8	101	0.000914635
30	100	0.000881988
61	146	0.000874093
60	147	0.000874093
22	124	0.000871518
40	47	0.000859908
41	46	0.000859908
52	55	0.000858095
53	54	0.000858095
6	146	0.000807023
65	147	0.000765535
6	137	0.000752222
7	136	0.000752222
7	22	0.000730496
6	23	0.000730496
77	119	0.000727194
42	66	0.000715666
58	107	0.000705832
59	106	0.000705832
63	103	0.000668821
6	132	0.000665489
23	133	0.00064263
18	127	0.000637791
19	126	0.000637791
132	136	0.000626821
1	61	0.000626536
105	148	0.000598987
104	149	0.000598987
97	123	0.000595558
25	133	0.000587631
68	88	0.00057512
59	62	0.000571541
58	63	0.000571541
137	147	0.00056094
8	30	0.000553801
76	115	0.000511354
77	114	0.000511354
55	94	0.000498817
54	95	0.000498817
47	48	0.000495065
46	49	0.000495065
133	147	0.000492144
85	104	0.000477308
84	105	0.000477308
55	79	-0.000465466
8	100	0.000457318
1	147	0.000446201
60	146	0.000437046
40	46	0.000429954
52	54	0.000429048
39	85	0.000393939
65	146	0.000382768
64	147	0.000382768
6	136	0.000376111
47	139	0.000367857
6	22	0.000365248
76	119	0.000363597
77	118	0.000363597
58	106	0.000352916
62	103	0.00033441
63	102	0.00033441
59	145	0.000327941
22	133	0.000321315
23	132	0.000321315
18	126	0.000318895
0	61	0.000313268
1	60	0.000313268
45	111	0.000307992
104	148	0.000299493
47	143	0.000298362
96	123	0.000297779
97	122	0.000297779
87	129	0.00029531
24	133	0.000293815
25	132	0.000293815
58	62	0.000285771
137	146	0.00028047
136	147	0.00028047
3	87	0.000273883
105	119	0.000265504
61	133	0.000257031
76	114	0.000255677
54	94	0.000249408
46	48	0.000247533
132	147	0.000246072
133	146	0.000246072
84	104	0.000238654
54	79	-0.000232733
55	78	-0.000232733
1	146	0.000223101
0	147	0.000223101
1	23	0.000213706
65	139	0.000212153
51	89	0.00020399
91	119	0.000203513
3	121	0.000201066
38	85	0.00019697
39	84	0.00019697
133	139	0.000193783
64	146	0.000191384
83	97	0.000186472
125	147	0.00018393
47	138	0.000183929
46	139	0.000183929
76	118	0.000181799
43	77	-0.000181128
62	102	0.000167205
67	115	-0.00016504
59	144	0.000163971
58	145	0.000163971
9	87	0.00016326
22	132	0.000160657
0	60	0.000156634
44	111	0.000153996
45	110	0.000153996
45	55	0.00015073
46	143	0.000149181
47	142	0.000149181
96	122	0.000148889
87	128	0.000147655
86	129	0.000147655
24	132	0.000146908
136	146	0.000140235
3	86	0.000136942
2	87	0.000136942
104	119	0.000132752
105	118	0.000132752
3	65	0.000130412
60	133	0.000128516
61	132	0.000128516
3	29	0.000124435
132	146	0.000123036
45	53	0.000121234
25	125	0.000120501
51	107	0.000120036
54	78	-0.000116366
3	41	0.000115845
13	57	0.000114237
105	109	0.00011397
0	146	0.00011155
1	22	0.000106853
0	23	0.000106853
65	138	0.000106077
64	139	0.000106077
11	93	-0.000106063
73	81	0.000102367
51	88	0.000101995
50	89	0.000101995
90	119	0.000101757
91	118	0.000101757
3	120	0.000100533
2	121	0.000100533
23	65	0.000100125
38	84	9.84848e-05
39	105	9.80388e-05
132	139	9.68914e-05
133	138	9.68914e-05
83	96	9.32358e-05
82	97	9.32358e-05
125	146	9.19648e-05
124	147	9.19648e-05
46	138	9.19643e-05
69	145	9.08677e-05
42	77	-9.0564e-05
43	76	-9.0564e-05
66	115	-8.252e-05
67	114	-8.252e-05
58	144	8.19853e-05
9	86	8.16301e-05
8	87	8.16301e-05
91	145	8.14701e-05
67	105	-7.8342e-05
44	110	7.69979e-05
43	71	-7.6405e-05
45	54	7.53648e-05
44	55	7.53648e-05
46	142	7.45906e-05
86	128	7.38276e-05
71	107	7.13498e-05
2	86	6.84709e-05
49	139	6.80749e-05
137	139	6.72031e-05
104	118	6.63761e-05
3	64	6.52059e-05
2	65	6.52059e-05
23	61	6.5107e-05
60	132	6.42578e-05
3	139	6.36592e-05
15	113	6.26609e-05
3	28	6.22175e-05
2	29	6.22175e-05
7	65	6.18925e-05
45	52	6.06168e-05
44	53	6.06168e-05
25	124	6.02506e-05
24	125	6.02506e-05
50	107	6.00178e-05
51	106	6.00178e-05
51	59	5.97093e-05
2	41	5.79223e-05
3	40	5.79223e-05
1	139	5.73428e-05
12	57	5.71183e-05
13	56	5.71183e-05
104	109	5.69848e-05
105	108	5.69848e-05
47	87	5.61986e-05
33	81	5.57906e-05
0	22	5.34265e-05
64	138	5.30383e-05
10	93	-5.30314e-05
11	92	-5.30314e-05
72	81	5.11834e-05
73	80	5.11834e-05
50	88	5.09975e-05
90	118	5.08783e-05
2	120	5.02664e-05
22	65	5.00623e-05
23	64	5.00623e-05
38	105	4.90194e-05
39	104	4.90194e-05
132	138	4.84457e-05
47	121	4.80417e-05
89	145	4.71416e-05
82	96	4.66179e-05
124	146	4.59824e-05
68	145	4.54338e-05
69	144	4.54338e-05
42	76	-4.5282e-05
87	101	4.46282e-05
29	47	4.36384e-05
85	91	4.18913e-05
66	114	-4.126e-05
8	86	4.0815e-05
90	145	4.07351e-05
91	144	4.07351e-05
3	143	4.01421e-05
1	31	3.91759e-05
66	105	-3.9171e-05
67	104	-3.9171e-05
49	109	3.91134e-05
39	87	3.88602e-05
11	43	3.86426e-05
42	71	-3.82025e-05
43	70	-3.82025e-05
31	139	3.81218e-05
44	54	3.76824e-05
39	141	3.7347e-05
109	121	3.56923e-05
71	106	3.56749e-05
70	107	3.56749e-05
43	79	3.44252e-05
49	138	3.40375e-05
48	139	3.40375e-05
29	103	3.36184e-05
136	139	3.36015e-05
137	138	3.36015e-05
67	145	-3.28436e-05
2	64	3.2603e-05
22	61	3.25535e-05
23	60	3.25535e-05
3	138	3.18296e-05
2	139	3.18296e-05
15	112	3.13304e-05
14	113	3.13304e-05
23	137	3.12725e-05
39	51	3.11665e-05
2	28	3.11087e-05
7	64	3.09462e-05
6	65	3.09462e-05
44	52	3.03084e-05
24	124	3.01253e-05
29	41	3.00911e-05
50	106	3.00089e-05
39	135	2.9971e-05
50	59	2.98546e-05
51	58	2.98546e-05
43	105	-2.95559e-05
105	111	2.93551e-05
3	61	2.92142e-05
123	139	2.90275e-05
2	40	2.89612e-05
0	139	2.86714e-05
1	138	2.86714e-05
12	56	2.85592e-05
104	108	2.84924e-05
113	147	2.83312e-05
113	131	2.82621e-05
46	87	2.80993e-05
47	86	2.80993e-05
32	81	2.78953e-05
33	80	2.78953e-05
25	139	2.76392e-05
10	92	-2.65157e-05
7	113	2.62012e-05
47	83	2.5939e-05
72	80	2.55917e-05
51	145	2.55054e-05
22	64	2.50311e-05
135	141	2.46184e-05
38	104	2.45097e-05
119	135	2.42983e-05
47	120	2.40209e-05
46	121	2.40209e-05
88	145	2.35708e-05
89	144	2.35708e-05
83	117	2.3289e-05
3	149	2.31754e-05
61	131	2.27205e-05
68	144	2.27169e-05
7	139	2.26598e-05
59	113	2.25509e-05
86	101	2.23141e-05
87	100	2.23141e-05
29	46	2.18192e-05
28	47	2.18192e-05
49	143	2.13404e-05
85	90	2.09457e-05
84	91	2.09457e-05
90	144	2.03675e-05
3	142	2.00711e-05
2	143	2.00711e-05
117	123	2.00474e-05
47	123	1.97476e-05
1	30	1.95879e-05
0	31	1.95879e-05
66	104	-1.95855e-05
48	109	1.95567e-05
49	108	1.95567e-05
38	87	1.94301e-05
39	86	1.94301e-05
123	149	1.94036e-05
10	43	1.93213e-05
11	42	1.93213e-05
42	70	-1.91013e-05
31	145	1.90758e-05
30	139	1.90609e-05
31	138	1.90609e-05
3	133	1.88875e-05
91	115	1.87459e-05
38	141	1.86735e-05
39	140	1.86735e-05
45	149	1.80669e-05
47	65	1.78564e-05
108	121	1.78462e-05
109	120	1.78462e-05
70	106	1.78375e-05
31	133	1.72129e-05
42	79	1.72126e-05
43	78	1.72126e-05
48	138	1.70187e-05
28	103	1.68092e-05
29	102	1.68092e-05
136	138	1.68008e-05
105	145	1.64951e-05
67	144	-1.64218e-05
66	145	-1.64218e-05
22	60	1.62768e-05
29	87	1.62754e-05
71	125	1.61911e-05
2	138	1.59148e-05
14	112	1.56652e-05
22	137	1.56363e-05
23	136	1.56363e-05
39	50	1.55832e-05
38	51	1.55832e-05
6	64	1.54731e-05
39	139	1.51869e-05
28	41	1.50455e-05
29	40	1.50455e-05
38	135	1.49855e-05
39	134	1.49855e-05
59	67	-1.49799e-05
63	105	1.49735e-05
50	58	1.49273e-05
121	149	1.48702e-05
43	104	-1.47779e-05
42	105	-1.47779e-05
105	110	1.46776e-05
104	111	1.46776e-05
2	61	1.46071e-05
3	60	1.46071e-05
122	139	1.45137e-05
123	138	1.45137e-05
0	138	1.43357e-05
112	147	1.41656e-05
113	146	1.41656e-05
112	131	1.4131e-05
113	130	1.4131e-05
46	86	1.40497e-05
32	80	1.39477e-05
25	138	1.38196e-05
24	139	1.38196e-05
39	123	1.32661e-05
105	115	1.31153e-05
7	112	1.31006e-05
6	113	1.31006e-05
121	123	1.3036e-05
47	82	1.29695e-05
46	83	1.29695e-05
50	145	1.27527e-05
51	144	1.27527e-05
134	141	1.23092e-05
135	140	1.23092e-05
83	143	1.22435e-05
118	135	1.21491e-05
119	134	1.21491e-05
46	120	1.20104e-05
88	144	1.17854e-05
49	133	1.17238e-05
85	141	1.16931e-05
9	39	1.16757e-05
82	117	1.16445e-05
83	116	1.16445e-05
2	149	1.15877e-05
3	148	1.15877e-05
60	131	1.13602e-05
61	130	1.13602e-05
7	138	1.13299e-05
6	139	1.13299e-05
59	112	1.12755e-05
58	113	1.12755e-05
86	100	1.1157e-05
49	123	1.11521e-05
28	46	1.09096e-05
48	143	1.06702e-05
49	142	1.06702e-05
3	25	1.05214e-05
84	90	1.04728e-05
109	149	1.02516e-05
59	89	1.02512e-05
39	63	1.01766e-05
7	31	1.01205e-05
7	61	1.00876e-05
2	142	1.00355e-05
117	122	1.00237e-05
116	123	1.00237e-05
47	122	9.87382e-06
46	123	9.87382e-06
0	30	9.79397e-06
48	108	9.77836e-06
38	86	9.71505e-06
122	149	9.7018e-06
123	148	9.7018e-06
10	42	9.66065e-06
31	144	9.53788e-06
30	145	9.53788e-06
30	138	9.53045e-06
3	132	9.44373e-06
2	133	9.44373e-06
90	115	9.37294e-06
91	114	9.37294e-06
73	117	9.34377e-06
38	140	9.33674e-06
67	91	-9.20226e-06
45	148	9.03346e-06
44	149	9.03346e-06
47	64	8.9282e-06
46	65	8.9282e-06
47	149	8.92784e-06
108	120	8.92308e-06
109	145	8.6371e-06
31	132	8.60646e-06
30	133	8.60646e-06
42	78	8.6063e-06
28	102	8.4046e-06
43	115	-8.40325e-06
104	145	8.24753e-06
105	144	8.24753e-06
66	144	-8.2109e-06
29	86	8.13772e-06
28	87	8.13772e-06
3	137	8.13715e-06
71	124	8.09553e-06
70	125	8.09553e-06
49	83	7.89222e-06
77	85	7.86337e-06
69	143	7.84084e-06
22	136	7.81814e-06
38	50	7.79162e-06
91	135	7.61105e-06
39	138	7.59344e-06
38	139	7.59344e-06
28	40	7.52277e-06
38	134	7.49276e-06
58	67	-7.48995e-06
59	66	-7.48995e-06
62	105	7.48677e-06
63	104	7.48677e-06
3	147	7.45097e-06
121	148	7.4351e-06
120	149	7.4351e-06
141	145	7.39649e-06
42	104	-7.38897e-06
104	110	7.33878e-06
2	60	7.30355e-06
47	109	7.29427e-06
122	138	7.25687e-06
59	111	7.20823e-06
49	145	7.1906e-06
43	91	-7.13653e-06
112	146	7.08281e-06
112	130	7.06551e-06
51	91	6.9404e-06
24	138	6.90981e-06
33	75	6.69061e-06
39	122	6.63303e-06
38	123	6.63303e-06
104	115	6.55766e-06
105	114	6.55766e-06
6	112	6.55031e-06
120	123	6.51798e-06
121	122	6.51798e-06
46	82	6.48474e-06
50	144	6.37635e-06
31	65	6.3712e-06
73	109	6.33088e-06
134	140	6.1546e-06
83	142	6.12176e-06
82	143	6.12176e-06
118	134	6.07457e-06
41	49	5.96834e-06
49	132	5.86192e-06
48	133	5.86192e-06
85	140	5.84657e-06
84	141	5.84657e-06
8	39	5.83786e-06
9	38	5.83786e-06
82	116	5.82226e-06
2	148	5.79386e-06
49	121	5.78271e-06
67	125	-5.72803e-06
60	130	5.68012e-06
6	138	5.66495e-06
58	112	5.63774e-06
71	131	5.6134e-06
109	139	5.59616e-06
48	123	5.57605e-06
49	122	5.57605e-06
115	145	5.56209e-06
85	145	5.44959e-06
83	87	5.44631e-06
45	95	5.33842e-06
48	142	5.33509e-06
3	24	5.26071e-06
2	25	5.26071e-06
63	149	5.23549e-06
51	141	5.21918e-06
113	125	5.16364e-06
85	115	5.14168e-06
109	148	5.12578e-06
108	149	5.12578e-06
59	88	5.12562e-06
58	89	5.12562e-06
38	63	5.08831e-06
39	62	5.08831e-06
6	31	5.06026e-06
7	30	5.06026e-06
7	60	5.04381e-06
6	61	5.04381e-06
77	105	5.02176e-06
116	122	5.01185e-06
46	122	4.93691e-06
83	121	4.8804e-06
122	148	4.8509e-06
30	144	4.76894e-06
53	149	4.74038e-06
2	132	4.72186e-06
31	49	4.70071e-06
90	114	4.68647e-06
73	116	4.67189e-06
72	117	4.67189e-06
67	90	-4.60113e-06
66	91	-4.60113e-06
3	59	4.5726e-06
41	109	4.52696e-06
49	65	4.52012e-06
44	148	4.51673e-06
46	64	4.4641e-06
46	149	4.46392e-06
47	148	4.46392e-06
103	107	4.40543e-06
109	144	4.31855e-06
108	145	4.31855e-06
30	132	4.30323e-06
97	109	4.25944e-06
83	149	4.25853e-06
41	123	4.23746e-06
49	87	4.21294e-06
42	115	-4.20163e-06
43	114	-4.20163e-06
104	144	4.12376e-06
28	86	4.06886e-06
2	137	4.06858e-06
3	136	4.06858e-06
70	124	4.04777e-06
61	113	3.95833e-06
48	83	3.94611e-06
49	82	3.94611e-06
76	85	3.93168e-06
77	84	3.93168e-06
68	143	3.92042e-06
69	142	3.92042e-06
105	123	3.83733e-06
3	123	3.82962e-06
90	135	3.80553e-06
91	134	3.80553e-06
38	138	3.79672e-06
39	41	3.76652e-06
58	66	-3.74497e-06
62	104	3.74339e-06
2	147	3.72548e-06
3	146	3.72548e-06
120	148	3.71755e-06
141	144	3.69825e-06
140	145	3.69825e-06
46	109	3.64714e-06
47	108	3.64714e-06
131	147	3.61335e-06
51	63	3.60895e-06
58	111	3.60411e-06
59	110	3.60411e-06
48	145	3.5953e-06
49	144	3.5953e-06
43	90	-3.56827e-06
42	91	-3.56827e-06
97	117	3.53527e-06
25	113	3.51059e-06
73	123	3.4808e-06
50	91	3.4702e-06
51	90	3.4702e-06
59	149	3.39052e-06
32	75	3.34531e-06
33	74	3.34531e-06
119	145	3.34302e-06
38	122	3.31651e-06
104	114	3.27883e-06
120	122	3.25899e-06
30	65	3.1856e-06
31	64	3.1856e-06
123	143	3.17224e-06
73	108	3.16544e-06
72	109	3.16544e-06
7	125	3.14782e-06
67	113	-3.14422e-06
82	142	3.06088e-06
40	49	2.98417e-06
41	48	2.98417e-06
39	101	2.95472e-06
48	132	2.93096e-06
84	140	2.92328e-06
8	38	2.91893e-06
48	121	2.89136e-06
49	120	2.89136e-06
67	124	-2.86401e-06
66	125	-2.86401e-06
59	69	2.85075e-06
63	145	2.84236e-06
123	145	2.83128e-06
71	130	2.8067e-06
70	131	2.8067e-06
108	139	2.79808e-06
109	138	2.79808e-06
48	122	2.78803e-06
115	144	2.78105e-06
114	145	2.78105e-06
39	109	2.78078e-06
84	145	2.72479e-06
85	144	2.72479e-06
83	86	2.72315e-06
82	87	2.72315e-06
45	94	2.66921e-06
44	95	2.66921e-06
2	24	2.63036e-06
63	148	2.61775e-06
62	149	2.61775e-06
50	141	2.60959e-06
51	140	2.60959e-06
59	91	2.59776e-06
113	124	2.58182e-06
112	125	2.58182e-06
85	114	2.57084e-06
84	115	2.57084e-06
108	148	2.56289e-06
58	88	2.56281e-06
38	62	2.54416e-06
6	30	2.53013e-06
6	60	2.5219e-06
76	105	2.51088e-06
77	104	2.51088e-06
139	147	2.50301e-06
23	113	2.49952e-06
51	113	2.48488e-06
71	113	2.47012e-06
82	121	2.4402e-06
83	120	2.4402e-06
63	85	2.41836e-06
1	113	2.41075e-06
75	81	2.39397e-06
52	149	2.37019e-06
53	148	2.37019e-06
31	48	2.35036e-06
30	49	2.35036e-06
72	116	2.33594e-06
66	90	-2.30056e-06
3	58	2.2863e-06
2	59	2.2863e-06
41	108	2.26348e-06
40	109	2.26348e-06
49	64	2.26006e-06
48	65	2.26006e-06
9	73	2.25011e-06
46	148	2.23196e-06
103	106	2.20271e-06
102	107	2.20271e-06
109	117	2.1637e-06
108	144	2.15928e-06
87	149	2.15562e-06
3	129	2.14997e-06
96	109	2.12972e-06
97	108	2.12972e-06
83	148	2.12926e-06
82	149	2.12926e-06
40	123	2.11873e-06
41	122	2.11873e-06
49	86	2.10647e-06
48	87	2.10647e-06
42	114	-2.10081e-06
67	71	-2.07654e-06
39	103	2.03771e-06
2	136	2.03429e-06
59	103	2.00877e-06
60	113	1.97917e-06
61	112	1.97917e-06
145	149	1.97859e-06
48	82	1.97306e-06
76	84	1.96584e-06
67	107	-1.96499e-06
68	142	1.96021e-06
3	39	1.93548e-06
105	122	1.91866e-06
104	123	1.91866e-06
2	123	1.91481e-06
3	122	1.91481e-06
90	134	1.90276e-06
38	41	1.88326e-06
39	40	1.88326e-06
59	131	1.87859e-06
2	146	1.86274e-06
140	144	1.84912e-06
46	108	1.82357e-06
87	123	1.81889e-06
130	147	1.80667e-06
131	146	1.80667e-06
50	63	1.80447e-06
51	62	1.80447e-06
58	110	1.80206e-06
48	144	1.79765e-06
42	90	-1.78413e-06
97	116	1.76763e-06
96	117	1.76763e-06
25	112	1.75529e-06
24	113	1.75529e-06
73	122	1.7404e-06
72	123	1.7404e-06
50	90	1.7351e-06
77	121	1.73235e-06
85	139	1.71507e-06
59	148	1.69526e-06
58	149	1.69526e-06
32	74	1.67265e-06
118	145	1.67151e-06
119	144	1.67151e-06
3	103	1.65911e-06
79	113	-1.6495e-06
85	97	1.64468e-06
143	149	1.63606e-06
41	147	1.63556e-06
30	64	1.5928e-06
122	143	1.58612e-06
123	142	1.58612e-06
72	108	1.58272e-06
6	125	1.57391e-06
7	124	1.57391e-06
67	112	-1.57211e-06
66	113	-1.57211e-06
3	109	1.49763e-06
40	48	1.49209e-06
55	111	1.479e-06
38	101	1.47736e-06
39	100	1.47736e-06
43	119	-1.46523e-06
31	87	1.46115e-06
85	109	1.44958e-06
48	120	1.44568e-06
101	125	1.4377e-06
66	124	-1.43201e-06
59	68	1.42537e-06
58	69	1.42537e-06
62	145	1.42118e-06
63	144	1.42118e-06
123	144	1.41564e-06
122	145	1.41564e-06
70	130	1.40335e-06
89	107	1.40142e-06
108	138	1.39904e-06
114	144	1.39052e-06
39	108	1.39039e-06
38	109	1.39039e-06
39	119	1.37614e-06
33	73	1.36399e-06
84	144	1.3624e-06
29	39	1.36223e-06
82	86	1.36158e-06
44	94	1.3346e-06
61	125	1.31209e-06
43	149	-1.30982e-06
62	148	1.30887e-06
50	140	1.3048e-06
59	90	1.29888e-06
58	91	1.29888e-06
65	125	1.29613e-06
55	149	1.29543e-06
112	124	1.29091e-06
84	114	1.28542e-06
113	137	1.26069e-06
76	104	1.25544e-06
139	146	1.2515e-06
138	147	1.2515e-06
23	112	1.24976e-06
22	113	1.24976e-06
50	113	1.24244e-06
51	112	1.24244e-06
11	67	1.23987e-06
70	113	1.23506e-06
71	112	1.23506e-06
41	65	1.23327e-06
9	121	1.22776e-06
43	107	-1.22551e-06
82	120	1.2201e-06
63	84	1.20918e-06
62	85	1.20918e-06
0	113	1.20537e-06
1	112	1.20537e-06
74	81	1.19698e-06
75	80	1.19698e-06
91	105	1.19495e-06
91	107	1.18529e-06
52	148	1.18509e-06
30	48	1.17518e-06
65	149	1.16426e-06
1	145	1.1631e-06
2	58	1.14315e-06
40	108	1.13174e-06
48	64	1.13003e-06
9	72	1.12506e-06
8	73	1.12506e-06
63	123	1.11904e-06
9	141	1.11453e-06
3	31	1.11245e-06
102	106	1.10136e-06
109	116	1.08185e-06
108	117	1.08185e-06
47	137	1.07965e-06
86	149	1.07781e-06
87	148	1.07781e-06
31	119	1.07566e-06
3	128	1.07498e-06
2	129	1.07498e-06
96	108	1.06486e-06
82	148	1.06463e-06
107	145	1.05947e-06
40	122	1.05936e-06
48	86	1.05323e-06
67	119	-1.04064e-06
67	70	-1.03827e-06
66	71	-1.03827e-06
139	145	1.02613e-06
38	103	1.01885e-06
39	102	1.01885e-06
59	102	1.00439e-06
58	103	1.00439e-06
89	91	9.94142e-07
60	112	9.89583e-07
145	148	9.89293e-07
144	149	9.89293e-07
25	41	9.83927e-07
66	107	-9.82496e-07
67	106	-9.82496e-07
63	111	9.80306e-07
67	77	-9.69106e-07
3	38	9.6774e-07
2	39	9.6774e-07
104	122	9.59332e-07
2	122	9.57406e-07
38	40	9.41631e-07
58	131	9.39293e-07
59	130	9.39293e-07
51	71	9.32344e-07
31	91	9.14451e-07
87	122	9.09443e-07
86	123	9.09443e-07
23	139	9.05943e-07
55	67	-9.03928e-07
130	146	9.03337e-07
50	62	9.02237e-07
81	117	8.99271e-07
39	59	8.98146e-07
96	116	8.83817e-07
24	112	8.77647e-07
29	123	8.77015e-07
72	122	8.702e-07
77	120	8.66176e-07
76	121	8.66176e-07
84	139	8.57535e-07
85	138	8.57535e-07
31	39	8.56371e-07
58	148	8.47629e-07
31	47	8.44375e-07
118	144	8.35755e-07
47	129	8.32267e-07
41	137	8.29915e-07
2	103	8.29556e-07
3	102	8.29556e-07
78	113	-8.24751e-07
79	112	-8.24751e-07
84	97	8.22338e-07
85	96	8.22338e-07
142	149	8.18032e-07
143	148	8.18032e-07
41	146	8.17779e-07
40	147	8.17779e-07
105	113	8.08138e-07
29	139	7.96315e-07
57	109	7.95495e-07
122	142	7.93061e-07
71	79	-7.89306e-07
59	125	7.8733e-07
6	124	7.86955e-07
66	112	-7.86054e-07
23	31	7.84022e-07
3	111	7.79185e-07
3	108	7.48815e-07
2	109	7.48815e-07
59	105	7.43403e-07
54	111	7.39502e-07
55	110	7.39502e-07
31	59	7.39072e-07
38	100	7.3868e-07
47	61	7.32983e-07
43	118	-7.32613e-07
42	119	-7.32613e-07
31	125	7.30926e-07
30	87	7.30577e-07
31	86	7.30577e-07
84	109	7.24789e-07
85	108	7.24789e-07
101	124	7.18851e-07
100	125	7.18851e-07
58	68	7.12687e-07
62	144	7.10589e-07
122	144	7.0782e-07
79	115	-7.00885e-07
88	107	7.00709e-07
89	106	7.00709e-07
38	108	6.95196e-07
61	139	6.88497e-07
38	119	6.88071e-07
39	118	6.88071e-07
67	109	-6.82765e-07
59	61	6.82014e-07
32	73	6.81993e-07
33	72	6.81993e-07
29	38	6.81117e-07
28	39	6.81117e-07
3	145	6.73098e-07
63	131	6.64609e-07
61	124	6.56044e-07
60	125	6.56044e-07
42	149	-6.5491e-07
43	148	-6.5491e-07
105	141	6.51419e-07
58	90	6.49441e-07
64	125	6.48065e-07
65	124	6.48065e-07
54	149	6.47715e-07
55	148	6.47715e-07
67	111	-6.44014e-07
113	136	6.30347e-07
112	137	6.30347e-07
59	71	6.28986e-07
138	146	6.25751e-07
22	112	6.2488e-07
50	112	6.21219e-07
10	67	6.19937e-07
11	66	6.19937e-07
70	112	6.17529e-07
40	65	6.16636e-07
41	64	6.16636e-07
65	113	6.15589e-07
31	85	6.15392e-07
9	120	6.1388e-07
8	121	6.1388e-07
43	106	-6.12754e-07
42	107	-6.12754e-07
62	84	6.0459e-07
0	112	6.02687e-07
74	80	5.98492e-07
1	101	5.9775e-07
91	104	5.97477e-07
90	105	5.97477e-07
91	106	5.92644e-07
90	107	5.92644e-07
39	145	5.83902e-07
65	148	5.82132e-07
64	149	5.82132e-07
0	145	5.81549e-07
1	144	5.81549e-07
83	139	5.80157e-07
25	131	5.74092e-07
59	101	5.68341e-07
8	72	5.62528e-07
62	123	5.59521e-07
63	122	5.59521e-07
9	140	5.57266e-07
8	141	5.57266e-07
105	121	5.57093e-07
2	31	5.56223e-07
3	30	5.56223e-07
119	149	5.55433e-07
108	116	5.40925e-07
47	136	5.39826e-07
46	137	5.39826e-07
86	148	5.38906e-07
30	119	5.37832e-07
31	118	5.37832e-07
2	128	5.37492e-07
11	91	-5.34097e-07
101	147	5.33296e-07
121	143	5.31455e-07
106	145	5.29736e-07
107	144	5.29736e-07
139	149	5.29488e-07
67	118	-5.2032e-07
66	119	-5.2032e-07
66	70	-5.19136e-07
138	145	5.13064e-07
139	144	5.13064e-07
79	125	-5.09645e-07
38	102	5.09426e-07
39	91	5.05811e-07
39	49	5.05743e-07
58	102	5.02193e-07
119	141	4.9875e-07
89	90	4.97071e-07
88	91	4.97071e-07
41	121	4.96541e-07
41	133	4.95363e-07
144	148	4.94647e-07
77	149	4.92234e-07
31	121	4.92156e-07
25	40	4.91963e-07
24	41	4.91963e-07
51	85	4.91578e-07
66	106	-4.91248e-07
63	110	4.90153e-07
62	111	4.90153e-07
87	109	4.88551e-07
66	77	-4.84553e-07
67	76	-4.84553e-07
2	38	4.8387e-07
43	93	-4.7916e-07
51	69	4.70526e-07
59	147	4.70354e-07
58	130	4.69646e-07
105	135	4.68482e-07
51	70	4.66172e-07
50	71	4.66172e-07
65	143	4.6006e-07
31	90	4.57225e-07
30	91	4.57225e-07
86	122	4.54722e-07
22	139	4.52972e-07
23	138	4.52972e-07
23	41	4.52862e-07
15	125	4.52245e-07
54	67	-4.51964e-07
55	66	-4.51964e-07
81	116	4.49636e-07
80	117	4.49636e-07
39	149	4.49531e-07
38	59	4.49073e-07
39	58	4.49073e-07
87	121	4.45219e-07
9	139	4.44888e-07
28	123	4.38507e-07
29	122	4.38507e-07
49	105	4.36047e-07
76	120	4.33088e-07
84	138	4.28768e-07
30	39	4.28186e-07
31	38	4.28186e-07
3	23	4.24584e-07
30	47	4.22187e-07
31	46	4.22187e-07
29	149	4.2123e-07
1	3	4.1782e-07
47	128	4.16134e-07
46	129	4.16134e-07
40	137	4.14958e-07
41	136	4.14958e-07
2	102	4.14778e-07
78	112	-4.12376e-07
31	137	4.11975e-07
84	96	4.11169e-07
113	145	4.09806e-07
3	83	4.09574e-07
142	148	4.09016e-07
40	146	4.08889e-07
104	113	4.04069e-07
105	112	4.04069e-07
121	145	4.02112e-07
39	47	4.01937e-07
28	139	3.98157e-07
29	138	3.98157e-07
56	109	3.97747e-07
57	108	3.97747e-07
71	78	-3.94653e-07
70	79	-3.94653e-07
59	124	3.93665e-07
58	125	3.93665e-07
22	31	3.92011e-07
23	30	3.92011e-07
2	111	3.89593e-07
3	110	3.89593e-07
139	143	3.85245e-07
97	105	3.76246e-07
2	108	3.74408e-07
59	104	3.71701e-07
58	105	3.71701e-07
54	110	3.69751e-07
31	58	3.69536e-07
30	59	3.69536e-07
47	60	3.66492e-07
46	61	3.66492e-07
42	118	-3.66307e-07
31	124	3.65463e-07
30	125	3.65463e-07
30	86	3.65289e-07
84	108	3.62394e-07
43	145	-3.6225e-07
100	124	3.59425e-07
73	83	3.56737e-07
78	115	-3.50443e-07
79	114	-3.50443e-07
85	123	3.50396e-07
88	106	3.50354e-07
39	107	3.47349e-07
60	139	3.44249e-07
61	138	3.44249e-07
38	118	3.44035e-07
66	109	-3.41383e-07
67	108	-3.41383e-07
59	60	3.41007e-07
58	61	3.41007e-07
32	72	3.40996e-07
28	38	3.40558e-07
65	101	3.37577e-07
2	145	3.36549e-07
3	144	3.36549e-07
85	149	3.36446e-07
53	111	3.35135e-07
62	131	3.32304e-07
63	130	3.32304e-07
31	113	3.29987e-07
31	141	3.28679e-07
60	124	3.28022e-07
87	103	3.27638e-07
42	148	-3.27455e-07
104	141	3.25709e-07
105	140	3.25709e-07
9	135	3.25656e-07
64	124	3.24033e-07
39	125	3.23907e-07
54	148	3.23858e-07
67	110	-3.22007e-07
66	111	-3.22007e-07
112	136	3.15173e-07
59	70	3.14493e-07
58	71	3.14493e-07
10	66	3.09969e-07
83	105	3.09111e-07
40	64	3.08318e-07
61	149	3.07865e-07
65	112	3.07795e-07
64	113	3.07795e-07
31	84	3.07696e-07
30	85	3.07696e-07
8	120	3.0694e-07
42	106	-3.06377e-07
61	105	3.03645e-07
29	129	3.00243e-07
79	111	-2.99424e-07
1	100	2.98875e-07
0	101	2.98875e-07
90	104	2.98738e-07
105	139	2.96478e-07
90	106	2.96322e-07
79	145	-2.94164e-07
38	145	2.91951e-07
39	144	2.91951e-07
49	149	2.91781e-07
64	148	2.91066e-07
0	144	2.90775e-07
3	125	2.90085e-07
83	138	2.90078e-07
82	139	2.90078e-07
25	130	2.87046e-07
24	131	2.87046e-07
58	101	2.84171e-07
59	100	2.84171e-07
119	139	2.82126e-07
41	83	2.80591e-07
91	141	2.79776e-07
62	122	2.79761e-07
8	140	2.78633e-07
105	120	2.78546e-07
104	121	2.78546e-07
2	30	2.78112e-07
119	148	2.77717e-07
118	149	2.77717e-07
125	131	2.73692e-07
46	136	2.69913e-07
30	118	2.68916e-07
10	91	-2.67048e-07
11	90	-2.67048e-07
97	139	2.66911e-07
101	146	2.66648e-07
100	147	2.66648e-07
121	142	2.65727e-07
120	143	2.65727e-07
106	144	2.64868e-07
138	149	2.64744e-07
139	148	2.64744e-07
1	125	2.64695e-07
23	131	2.61521e-07
66	118	-2.6016e-07
73	145	2.57529e-07
138	144	2.56532e-07
65	131	2.56061e-07
79	124	-2.54822e-07
78	125	-2.54822e-07
38	91	2.52906e-07
39	90	2.52906e-07
39	48	2.52871e-07
38	49	2.52871e-07
15	101	2.52458e-07
83	145	2.49851e-07
118	141	2.49375e-07
119	140	2.49375e-07
88	90	2.48536e-07
41	120	2.48271e-07
40	121	2.48271e-07
40	133	2.47682e-07
41	132	2.47682e-07
77	148	2.46117e-07
76	149	2.46117e-07
30	121	2.46078e-07
31	120	2.46078e-07
24	40	2.45982e-07
51	84	2.45789e-07
50	85	2.45789e-07
62	110	2.45077e-07
121	139	2.44377e-07
86	109	2.44275e-07
87	108	2.44275e-07
66	76	-2.42277e-07
43	92	-2.3958e-07
42	93	-2.3958e-07
50	69	2.35263e-07
51	68	2.35263e-07
58	147	2.35177e-07
59	146	2.35177e-07
41	61	2.34756e-07
104	135	2.34241e-07
105	134	2.34241e-07
50	70	2.33086e-07
64	143	2.3003e-07
65	142	2.3003e-07
11	105	-2.29515e-07
30	90	2.28613e-07
22	138	2.26486e-07
22	41	2.26431e-07
23	40	2.26431e-07
14	125	2.26123e-07
15	124	2.26123e-07
54	66	-2.25982e-07
80	116	2.24818e-07
39	148	2.24766e-07
38	149	2.24766e-07
38	58	2.24536e-07
86	121	2.2261e-07
87	120	2.2261e-07
8	139	2.22444e-07
9	138	2.22444e-07
93	99	-2.20171e-07
28	122	2.19254e-07
49	104	2.18024e-07
48	105	2.18024e-07
47	133	2.1786e-07
103	111	2.17214e-07
101	145	2.15637e-07
51	105	2.14414e-07
30	38	2.14093e-07
39	83	2.12431e-07
2	23	2.12292e-07
3	22	2.12292e-07
30	46	2.11094e-07
29	148	2.10615e-07
28	149	2.10615e-07
63	71	2.10484e-07
0	3	2.0891e-07
1	2	2.0891e-07
59	65	2.08332e-07
46	128	2.08067e-07
40	136	2.07479e-07
30	137	2.05987e-07
31	136	2.05987e-07
112	145	2.04903e-07
113	144	2.04903e-07
2	83	2.04787e-07
3	82	2.04787e-07
103	147	2.02713e-07
23	121	2.02231e-07
104	112	2.02034e-07
121	144	2.01056e-07
120	145	2.01056e-07
38	47	2.00969e-07
39	46	2.00969e-07
28	138	1.99079e-07
57	105	1.99025e-07
56	108	1.98874e-07
70	78	-1.97327e-07
58	124	1.96833e-07
121	125	1.96444e-07
22	30	1.96005e-07
91	125	1.95063e-07
2	110	1.94796e-07
139	142	1.92623e-07
138	143	1.92623e-07
25	31	1.92535e-07
67	149	-1.91999e-07
3	69	1.91963e-07
31	147	1.91323e-07
109	119	1.90239e-07
96	105	1.88123e-07
97	104	1.88123e-07
58	104	1.85851e-07
113	133	1.85272e-07
30	58	1.84768e-07
46	60	1.83246e-07
30	124	1.82732e-07
43	144	-1.81125e-07
42	145	-1.81125e-07
67	85	-1.80748e-07
1	9	1.79272e-07
72	83	1.78368e-07
73	82	1.78368e-07
109	143	1.78125e-07
43	85	-1.76984e-07
117	119	1.76133e-07
101	113	1.76053e-07
43	111	-1.75272e-07
78	114	-1.75221e-07
85	122	1.75198e-07
84	123	1.75198e-07
69	149	1.74934e-07
38	107	1.73675e-07
39	106	1.73675e-07
3	9	1.72556e-07
60	138	1.72124e-07
73	141	1.71965e-07
66	108	-1.70691e-07
58	60	1.70504e-07
64	101	1.68789e-07
65	100	1.68789e-07
2	144	1.68274e-07
85	148	1.68223e-07
84	149	1.68223e-07
3	101	1.67947e-07
53	110	1.67567e-07
52	111	1.67567e-07
62	130	1.66152e-07
30	113	1.64993e-07
31	112	1.64993e-07
31	140	1.64339e-07
30	141	1.64339e-07
121	147	1.63854e-07
87	102	1.63819e-07
86	103	1.63819e-07
105	107	1.63681e-07
104	140	1.62855e-07
8	135	1.62828e-07
9	134	1.62828e-07
59	85	1.62626e-07
11	71	-1.62423e-07
38	125	1.61954e-07
39	124	1.61954e-07
39	89	1.61937e-07
66	110	-1.61004e-07
7	9	1.59638e-07
31	51	1.59039e-07
58	70	1.57247e-07
31	109	1.55179e-07
89	123	1.55152e-07
83	104	1.54555e-07
82	105	1.54555e-07
27	141	1.54396e-07
60	149	1.53933e-07
61	148	1.53933e-07
64	112	1.53897e-07
30	84	1.53848e-07
61	104	1.51822e-07
60	105	1.51822e-07
63	91	1.51349e-07
51	67	-1.51189e-07
28	129	1.50121e-07
29	128	1.50121e-07
78	111	-1.49712e-07
79	110	-1.49712e-07
87	139	1.4969e-07
0	100	1.49438e-07
7	101	1.486e-07
43	141	-1.48487e-07
105	138	1.48239e-07
104	139	1.48239e-07
107	111	1.47575e-07
79	144	-1.47082e-07
78	145	-1.47082e-07
38	144	1.45976e-07
49	148	1.45891e-07
48	149	1.45891e-07
2	125	1.45043e-07
3	124	1.45043e-07
82	138	1.45039e-07
24	130	1.43523e-07
25	59	1.43473e-07
58	100	1.42085e-07
119	138	1.41063e-07
118	139	1.41063e-07
40	83	1.40296e-07
41	82	1.40296e-07
91	140	1.39888e-07
90	141	1.39888e-07
9	145	1.39665e-07
104	120	1.39273e-07
118	148	1.38858e-07
25	101	1.37291e-07
125	130	1.36846e-07
124	131	1.36846e-07
137	145	1.35094e-07
65	145	1.33676e-07
10	90	-1.33524e-07
96	139	1.33456e-07
97	138	1.33456e-07
100	146	1.33324e-07
7	39	1.3289e-07
120	142	1.32864e-07
138	148	1.32372e-07
0	125	1.32348e-07
1	124	1.32348e-07
59	87	1.31182e-07
23	130	1.30761e-07
22	131	1.30761e-07
39	147	1.302e-07
49	59	1.30175e-07
91	113	1.29203e-07
72	145	1.28765e-07
73	144	1.28765e-07
47	69	1.28333e-07
65	130	1.2803e-07
64	131	1.2803e-07
78	124	-1.27411e-07
38	90	1.26453e-07
38	48	1.26436e-07
14	101	1.26229e-07
15	100	1.26229e-07
83	144	1.24925e-07
82	145	1.24925e-07
118	140	1.24688e-07
9	47	1.24232e-07
40	120	1.24135e-07
40	132	1.23841e-07
77	91	1.23675e-07
11	15	-1.23082e-07
76	148	1.23058e-07
30	120	1.23039e-07
50	84	1.22895e-07
120	139	1.22189e-07
121	138	1.22189e-07
86	108	1.22138e-07
42	92	-1.1979e-07
29	49	1.19764e-07
47	147	1.18804e-07
3	105	1.18447e-07
50	68	1.17632e-07
58	146	1.17588e-07
41	60	1.17378e-07
40	61	1.17378e-07
104	134	1.17121e-07
135	139	1.15309e-07
64	142	1.15015e-07
11	104	-1.14758e-07
10	105	-1.14758e-07
59	137	1.13558e-07
115	149	1.13481e-07
22	40	1.13216e-07
14	124	1.13061e-07
38	148	1.12383e-07
86	120	1.11305e-07
8	138	1.11222e-07
47	59	1.10435e-07
93	98	-1.10085e-07
92	99	-1.10085e-07
48	104	1.09012e-07
47	132	1.0893e-07
46	133	1.0893e-07
49	69	1.08783e-07
102	111	1.08607e-07
103	110	1.08607e-07
131	137	1.08532e-07
101	144	1.07818e-07
100	145	1.07818e-07
51	104	1.07207e-07
50	105	1.07207e-07
111	145	1.06658e-07
38	83	1.06215e-07
39	82	1.06215e-07
2	22	1.06146e-07
28	148	1.05308e-07
63	70	1.05242e-07
62	71	1.05242e-07
0	2	1.04455e-07
58	65	1.04166e-07
59	64	1.04166e-07
15	23	1.03912e-07
87	143	1.0354e-07
30	136	1.02994e-07
63	89	1.02804e-07
112	144	1.02452e-07
2	82	1.02394e-07
102	147	1.01356e-07
103	146	1.01356e-07
107	113	1.0117e-07
23	120	1.01115e-07
22	121	1.01115e-07
25	145	1.01032e-07
120	144	1.00528e-07
137	143	1.00517e-07
38	46	1.00484e-07
55	69	1.00134e-07
56	105	9.95123e-08
57	104	9.95123e-08
133	145	9.91466e-08
9	49	9.83926e-08
120	125	9.82221e-08
121	124	9.82221e-08
79	105	-9.77742e-08
91	124	9.75317e-08
90	125	9.75317e-08
67	121	-9.70657e-08
63	113	9.70212e-08
43	125	-9.68765e-08
138	142	9.63113e-08
25	30	9.62674e-08
24	31	9.62674e-08
66	149	-9.59997e-08
67	148	-9.59997e-08
3	68	9.59814e-08
2	69	9.59814e-08
7	41	9.58084e-08
30	147	9.56617e-08
31	146	9.56617e-08
61	63	9.55547e-08
108	119	9.51193e-08
109	118	9.51193e-08
43	117	-9.49196e-08
96	104	9.40615e-08
115	121	9.29107e-08
23	67	-9.27169e-08
112	133	9.26361e-08
113	132	9.26361e-08
31	115	9.25251e-08
25	47	9.24195e-08
23	85	9.23021e-08
33	141	9.22068e-08
51	135	9.21441e-08
9	147	9.20995e-08
31	41	9.13963e-08
39	97	9.06778e-08
42	144	-9.05626e-08
59	79	-9.05056e-08
66	85	-9.03739e-08
67	84	-9.03739e-08
1	8	8.96359e-08
0	9	8.96359e-08
72	82	8.91842e-08
109	142	8.90627e-08
108	143	8.90627e-08
65	105	8.86503e-08
42	85	-8.84922e-08
43	84	-8.84922e-08
117	118	8.80663e-08
116	119	8.80663e-08
101	112	8.80266e-08
100	113	8.80266e-08
43	110	-8.76359e-08
42	111	-8.76359e-08
84	122	8.75989e-08
69	148	8.7467e-08
68	149	8.7467e-08
38	106	8.68373e-08
3	8	8.62779e-08
2	9	8.62779e-08
73	140	8.59825e-08
72	141	8.59825e-08
13	37	8.57033e-08
64	100	8.43943e-08
84	148	8.41114e-08
3	100	8.39737e-08
2	101	8.39737e-08
52	110	8.37837e-08
30	112	8.24967e-08
30	140	8.21697e-08
25	121	8.21516e-08
121	146	8.19271e-08
120	147	8.19271e-08
86	102	8.19094e-08
104	107	8.18404e-08
105	106	8.18404e-08
8	134	8.14141e-08
58	85	8.13129e-08
59	84	8.13129e-08
10	71	-8.12114e-08
11	70	-8.12114e-08
38	124	8.09768e-08
38	89	8.09686e-08
39	88	8.09686e-08
31	123	8.01591e-08
7	8	7.98192e-08
6	9	7.98192e-08
105	117	7.97403e-08
13	105	7.96605e-08
30	51	7.95197e-08
31	50	7.95197e-08
13	41	7.85653e-08
31	108	7.75894e-08
30	109	7.75894e-08
88	123	7.75762e-08
89	122	7.75762e-08
82	104	7.72776e-08
26	141	7.71981e-08
27	140	7.71981e-08
79	149	-7.70152e-08
60	148	7.69664e-08
63	139	7.66947e-08
23	101	7.66353e-08
125	133	7.63086e-08
39	113	7.60277e-08
29	109	7.60151e-08
60	104	7.59112e-08
62	91	7.56746e-08
63	90	7.56746e-08
50	67	-7.55944e-08
51	66	-7.55944e-08
39	121	7.5252e-08
15	91	7.52223e-08
28	128	7.50607e-08
78	110	-7.4856e-08
87	138	7.48451e-08
86	139	7.48451e-08
6	101	7.43002e-08
7	100	7.43002e-08
42	141	-7.42437e-08
43	140	-7.42437e-08
104	138	7.41195e-08
106	111	7.37873e-08
107	110	7.37873e-08
41	143	7.37854e-08
78	144	-7.35411e-08
13	139	7.33437e-08
135	145	7.30524e-08
48	148	7.29453e-08
73	87	7.2872e-08
59	115	7.26249e-08
2	124	7.25213e-08
3	7	7.24196e-08
97	145	7.22272e-08
1	91	7.21905e-08
25	58	7.17363e-08
24	59	7.17363e-08
91	101	7.16332e-08
117	145	7.09247e-08
118	138	7.05316e-08
40	82	7.01478e-08
90	140	6.99441e-08
9	144	6.98327e-08
8	145	6.98327e-08
24	101	6.86457e-08
25	100	6.86457e-08
124	130	6.84229e-08
107	149	6.78501e-08
136	145	6.75469e-08
137	144	6.75469e-08
39	67	-6.74829e-08
65	144	6.6838e-08
64	145	6.6838e-08
96	138	6.67278e-08
6	39	6.64451e-08
7	38	6.64451e-08
0	124	6.61738e-08
59	86	6.55909e-08
58	87	6.55909e-08
22	130	6.53803e-08
9	85	6.52241e-08
38	147	6.51002e-08
39	146	6.51002e-08
48	59	6.50875e-08
49	58	6.50875e-08
90	113	6.46013e-08
91	112	6.46013e-08
72	144	6.43823e-08
51	101	6.43589e-08
46	69	6.41665e-08
47	68	6.41665e-08
64	130	6.40152e-08
1	85	6.32631e-08
14	100	6.31144e-08
49	137	6.26109e-08
82	144	6.24627e-08
9	46	6.2116e-08
8	47	6.2116e-08
77	90	6.18373e-08
76	91	6.18373e-08
69	105	6.1633e-08
103	131	6.15718e-08
10	15	-6.15412e-08
11	14	-6.15412e-08
111	113	6.13071e-08
120	138	6.10943e-08
117	149	6.04225e-08
39	69	6.01126e-08
25	49	6.00128e-08
28	49	5.98822e-08
29	48	5.98822e-08
69	123	5.94515e-08
47	146	5.94019e-08
46	147	5.94019e-08
1	59	5.93097e-08
3	104	5.92237e-08
2	105	5.92237e-08
40	60	5.8689e-08
63	83	5.86758e-08
77	135	5.83741e-08
85	107	5.77128e-08
134	139	5.76546e-08
135	138	5.76546e-08
65	121	5.74015e-08
10	104	-5.73789e-08
59	136	5.67789e-08
58	137	5.67789e-08
115	148	5.67407e-08
114	149	5.67407e-08
67	69	-5.65977e-08
53	79	-5.54925e-08
47	58	5.52175e-08
46	59	5.52175e-08
92	98	-5.50427e-08
7	15	5.48767e-08
143	145	5.48366e-08
31	83	5.46202e-08
46	132	5.44651e-08
48	69	5.43913e-08
49	68	5.43913e-08
105	125	5.43439e-08
102	110	5.43036e-08
131	136	5.42658e-08
130	137	5.42658e-08
23	49	5.40243e-08
100	144	5.39092e-08
50	104	5.36035e-08
111	144	5.33291e-08
110	145	5.33291e-08
57	103	5.32056e-08
38	82	5.31077e-08
45	79	-5.28064e-08
62	70	5.2621e-08
41	149	5.20974e-08
58	64	5.20831e-08
15	22	5.19561e-08
14	23	5.19561e-08
59	139	5.18885e-08
87	142	5.177e-08
86	143	5.177e-08
63	109	5.16479e-08
59	119	5.14599e-08
62	89	5.14019e-08
63	88	5.14019e-08
69	111	5.10949e-08
102	146	5.06782e-08
106	113	5.05848e-08
107	112	5.05848e-08
22	120	5.05577e-08
25	144	5.05158e-08
24	145	5.05158e-08
137	142	5.02585e-08
136	143	5.02585e-08
61	111	5.01841e-08
59	109	5.00954e-08
54	69	5.0067e-08
55	68	5.0067e-08
43	121	-4.99344e-08
56	104	4.97562e-08
133	144	4.95733e-08
132	145	4.95733e-08
8	49	4.91963e-08
9	48	4.91963e-08
120	124	4.9111e-08
137	149	4.89906e-08
79	104	-4.88871e-08
78	105	-4.88871e-08
90	124	4.87658e-08
33	145	4.87418e-08
63	67	-4.86078e-08
67	120	-4.85328e-08
66	121	-4.85328e-08
63	112	4.85106e-08
62	113	4.85106e-08
42	125	-4.84383e-08
43	124	-4.84383e-08
131	149	4.8329e-08
24	30	4.81337e-08
66	148	-4.79999e-08
2	68	4.79907e-08
125	137	4.79286e-08
6	41	4.79042e-08
7	40	4.79042e-08
30	146	4.78309e-08
43	59	-4.77948e-08
61	62	4.77774e-08
60	63	4.77774e-08
108	118	4.75596e-08
42	117	-4.74598e-08
43	116	-4.74598e-08
77	117	4.68952e-08
63	87	4.65858e-08
23	105	4.64648e-08
115	120	4.64554e-08
114	121	4.64554e-08
22	67	-4.63585e-08
23	66	-4.63585e-08
112	132	4.6318e-08
30	115	4.62625e-08
31	114	4.62625e-08
25	46	4.62097e-08
24	47	4.62097e-08
23	84	4.61511e-08
22	85	4.61511e-08
32	141	4.61034e-08
33	140	4.61034e-08
50	135	4.6072e-08
51	134	4.6072e-08
8	147	4.60498e-08
9	146	4.60498e-08
59	83	4.60172e-08
41	87	4.57377e-08
30	41	4.56982e-08
31	40	4.56982e-08
77	145	4.56244e-08
55	145	4.54764e-08
39	96	4.53389e-08
38	97	4.53389e-08
58	79	-4.52528e-08
59	78	-4.52528e-08
66	84	-4.5187e-08
11	119	-4.48226e-08
0	8	4.4818e-08
108	142	4.45314e-08
65	104	4.43252e-08
64	105	4.43252e-08
42	84	-4.42461e-08
116	118	4.40332e-08
100	112	4.40133e-08
23	115	4.3969e-08
42	110	-4.38179e-08
68	148	4.37335e-08
3	63	4.37101e-08
67	93	-4.35488e-08
71	111	4.35261e-08
2	8	4.3139e-08
9	125	4.30505e-08
72	140	4.29913e-08
67	141	-4.29905e-08
13	36	4.28517e-08
12	37	4.28517e-08
15	131	4.28045e-08
103	105	4.27959e-08
9	109	4.27124e-08
1	131	4.2432e-08
2	100	4.19869e-08
119	121	4.17668e-08
87	147	4.15792e-08
24	121	4.10758e-08
25	120	4.10758e-08
120	146	4.09636e-08
104	106	4.09202e-08
37	105	4.07167e-08
91	139	4.06669e-08
58	84	4.06565e-08
10	70	-4.06057e-08
38	88	4.04843e-08
107	131	4.02623e-08
30	123	4.00796e-08
31	122	4.00796e-08
6	8	3.99096e-08
104	117	3.98701e-08
105	116	3.98701e-08
12	105	3.98302e-08
13	104	3.98302e-08
30	50	3.97599e-08
13	40	3.92827e-08
12	41	3.92827e-08
89	141	3.91996e-08
101	133	3.89373e-08
30	108	3.87947e-08
88	122	3.87881e-08
26	140	3.8599e-08
79	148	-3.85076e-08
78	149	-3.85076e-08
85	101	3.83962e-08
62	139	3.83474e-08
63	138	3.83474e-08
65	111	3.8345e-08
23	100	3.83177e-08
22	101	3.83177e-08
103	149	3.82614e-08
124	133	3.81543e-08
125	132	3.81543e-08
38	113	3.80139e-08
39	112	3.80139e-08
29	108	3.80076e-08
28	109	3.80076e-08
39	61	3.80002e-08
62	90	3.78373e-08
50	66	-3.77972e-08
39	120	3.7626e-08
38	121	3.7626e-08
15	90	3.76112e-08
14	91	3.76112e-08
86	138	3.74226e-08
6	100	3.71501e-08
33	55	3.71442e-08
79	121	-3.71427e-08
42	140	-3.71218e-08
106	110	3.68937e-08
40	143	3.68927e-08
41	142	3.68927e-08
13	138	3.66719e-08
12	139	3.66719e-08
134	145	3.65262e-08
135	144	3.65262e-08
73	86	3.6436e-08
72	87	3.6436e-08
59	114	3.63124e-08
58	115	3.63124e-08
3	6	3.62098e-08
2	7	3.62098e-08
15	43	-3.61422e-08
97	144	3.61136e-08
96	145	3.61136e-08
0	91	3.60953e-08
1	90	3.60953e-08
125	145	3.59363e-08
24	58	3.58682e-08
90	101	3.58166e-08
91	100	3.58166e-08
89	143	3.57619e-08
117	144	3.54624e-08
116	145	3.54624e-08
8	144	3.49164e-08
24	100	3.43229e-08
69	139	3.40014e-08
106	149	3.39251e-08
107	148	3.39251e-08
136	144	3.37735e-08
38	67	-3.37414e-08
39	66	-3.37414e-08
64	144	3.3419e-08
6	38	3.32225e-08
58	86	3.27954e-08
89	113	3.27458e-08
8	85	3.2612e-08
9	84	3.2612e-08
38	146	3.25501e-08
48	58	3.25437e-08
57	123	3.24834e-08
90	112	3.23006e-08
51	100	3.21794e-08
50	101	3.21794e-08
46	68	3.20833e-08
49	103	3.16738e-08
0	85	3.16315e-08
1	84	3.16315e-08
48	137	3.13054e-08
49	136	3.13054e-08
31	135	3.1078e-08
8	46	3.1058e-08
13	123	3.10311e-08
76	90	3.09187e-08
68	105	3.08165e-08
69	104	3.08165e-08
102	131	3.07859e-08
103	130	3.07859e-08
10	14	-3.07706e-08
110	113	3.06536e-08
111	112	3.06536e-08
27	119	3.05562e-08
65	87	3.03972e-08
49	147	3.03771e-08
85	133	3.02776e-08
116	149	3.02113e-08
117	148	3.02113e-08
38	69	3.00563e-08
39	68	3.00563e-08
25	48	3.00064e-08
24	49	3.00064e-08
28	48	2.99411e-08
71	149	2.99154e-08
101	121	2.99145e-08
1	49	2.98227e-08
15	67	-2.98054e-08
49	119	2.97471e-08
69	122	2.97257e-08
68	123	2.97257e-08
46	146	2.97009e-08
129	149	2.96572e-08
0	59	2.96549e-08
1	58	2.96549e-08
59	123	2.96164e-08
2	104	2.96118e-08
113	149	2.94099e-08
63	82	2.93379e-08
62	83	2.93379e-08
11	145	-2.92658e-08
9	33	2.923e-08
77	134	2.91871e-08
76	135	2.91871e-08
39	73	2.90736e-08
109	111	2.88963e-08
85	106	2.88564e-08
84	107	2.88564e-08
85	117	2.88447e-08
134	138	2.88273e-08
101	139	2.87122e-08
65	120	2.87007e-08
64	121	2.87007e-08
23	91	2.84742e-08
97	149	2.84425e-08
58	136	2.83894e-08
114	148	2.83703e-08
67	68	-2.82989e-08
66	69	-2.82989e-08
53	78	-2.77462e-08
52	79	-2.77462e-08
46	58	2.76088e-08
83	85	2.75992e-08
59	133	2.74729e-08
6	15	2.74383e-08
7	14	2.74383e-08
39	43	-2.74329e-08
142	145	2.74183e-08
143	144	2.74183e-08
49	101	2.74181e-08
15	31	2.73517e-08
31	82	2.73101e-08
30	83	2.73101e-08
48	68	2.71956e-08
105	124	2.71719e-08
104	125	2.71719e-08
133	149	2.7155e-08
43	63	-2.7136e-08
130	136	2.71329e-08
22	49	2.70122e-08
23	48	2.70122e-08
71	105	2.69989e-08
99	113	-2.69069e-08
71	93	2.67301e-08
110	144	2.66645e-08
57	102	2.66028e-08
56	103	2.66028e-08
129	147	2.6465e-08
101	137	2.64428e-08
45	78	-2.64032e-08
44	79	-2.64032e-08
57	149	2.63492e-08
41	148	2.60487e-08
40	149	2.60487e-08
14	22	2.59781e-08
58	139	2.59442e-08
59	138	2.59442e-08
86	142	2.5885e-08
63	108	2.58239e-08
62	109	2.58239e-08
58	119	2.57299e-08
59	118	2.57299e-08
62	88	2.5701e-08
69	110	2.55474e-08
68	111	2.55474e-08
47	101	2.53394e-08
106	112	2.52924e-08
24	144	2.52579e-08
13	85	2.51563e-08
136	142	2.51292e-08
60	111	2.50921e-08
61	110	2.50921e-08
58	109	2.50477e-08
59	108	2.50477e-08
54	68	2.50335e-08
42	121	-2.49672e-08
43	120	-2.49672e-08
31	81	2.49061e-08
132	144	2.47866e-08
49	85	2.47255e-08
8	48	2.45981e-08
111	121	2.45704e-08
39	137	2.45439e-08
136	149	2.44953e-08
137	148	2.44953e-08
78	104	-2.44435e-08
32	145	2.43709e-08
33	144	2.43709e-08
63	66	-2.43039e-08
62	67	-2.43039e-08
7	145	2.42918e-08
66	120	-2.42664e-08
62	112	2.42553e-08
42	124	-2.42191e-08
131	148	2.41645e-08
130	149	2.41645e-08
125	136	2.39643e-08
124	137	2.39643e-08
6	40	2.39521e-08
43	58	-2.38974e-08
42	59	-2.38974e-08
60	62	2.38887e-08
91	97	2.38356e-08
42	116	-2.37299e-08
49	111	2.3715e-08
7	131	2.36446e-08
25	39	2.36346e-08
23	39	2.35117e-08
76	117	2.34476e-08
77	116	2.34476e-08
59	141	2.34047e-08
62	87	2.32929e-08
63	86	2.32929e-08
22	105	2.32324e-08
23	104	2.32324e-08
114	120	2.32277e-08
61	145	2.32016e-08
93	113	2.32013e-08
22	66	-2.31792e-08
30	114	2.31313e-08
24	46	2.31049e-08
22	84	2.30755e-08
32	140	2.30517e-08
107	125	2.30397e-08
50	134	2.3036e-08
8	146	2.30249e-08
59	82	2.30086e-08
58	83	2.30086e-08
40	87	2.28688e-08
41	86	2.28688e-08
30	40	2.28491e-08
76	145	2.28122e-08
77	144	2.28122e-08
54	145	2.27382e-08
55	144	2.27382e-08
38	96	2.26694e-08
15	71	2.2658e-08
58	78	-2.26264e-08
11	118	-2.24113e-08
10	119	-2.24113e-08
64	104	2.21626e-08
22	115	2.19845e-08
23	114	2.19845e-08
7	91	2.19422e-08
31	73	2.19216e-08
2	63	2.1855e-08
3	62	2.1855e-08
67	92	-2.17744e-08
66	93	-2.17744e-08
70	111	2.1763e-08
71	110	2.1763e-08
57	85	2.15808e-08
49	125	2.15403e-08
9	124	2.15253e-08
8	125	2.15253e-08
31	61	2.15136e-08
67	140	-2.14952e-08
66	141	-2.14952e-08
12	36	2.14258e-08
14	131	2.14022e-08
15	130	2.14022e-08
102	105	2.13979e-08
103	104	2.13979e-08
9	108	2.13562e-08
8	109	2.13562e-08
87	111	2.13558e-08
23	59	2.13442e-08
0	131	2.1216e-08
1	130	2.1216e-08
85	103	2.08949e-08
118	121	2.08834e-08
119	120	2.08834e-08
123	133	2.08377e-08
86	147	2.07896e-08
87	146	2.07896e-08
13	39	2.07585e-08
24	120	2.05379e-08
37	104	2.03584e-08
36	105	2.03584e-08
91	138	2.03335e-08
90	139	2.03335e-08
41	105	2.01515e-08
106	131	2.01312e-08
107	130	2.01312e-08
49	97	2.007e-08
30	122	2.00398e-08
104	116	1.99351e-08
12	104	1.99151e-08
97	119	1.98276e-08
69	97	1.97641e-08
12	40	1.96413e-08
88	141	1.95998e-08
89	140	1.95998e-08
3	13	1.95321e-08
101	132	1.94687e-08
100	133	1.94687e-08
78	148	-1.92538e-08
13	63	1.92066e-08
85	100	1.91981e-08
84	101	1.91981e-08
62	138	1.91737e-08
65	110	1.91725e-08
64	111	1.91725e-08
22	100	1.91588e-08
103	148	1.91307e-08
102	149	1.91307e-08
124	132	1.90772e-08
38	112	1.90069e-08
28	108	1.90038e-08
38	61	1.90001e-08
39	60	1.90001e-08
61	121	1.88328e-08
38	120	1.8813e-08
14	90	1.88056e-08
107	123	1.87559e-08
105	137	1.87313e-08
27	135	1.85838e-08
32	55	1.85721e-08
33	54	1.85721e-08
78	121	-1.85714e-08
79	120	-1.85714e-08
40	142	1.84464e-08
91	133	1.84346e-08
29	121	1.83794e-08
12	138	1.83359e-08
31	143	1.82968e-08
134	144	1.82631e-08
72	86	1.8218e-08
91	149	1.81946e-08
58	114	1.81562e-08
2	6	1.81049e-08
14	43	-1.80711e-08
15	42	-1.80711e-08
96	144	1.80568e-08
0	90	1.80476e-08
124	145	1.79681e-08
125	144	1.79681e-08
90	100	1.79083e-08
88	143	1.78809e-08
89	142	1.78809e-08
9	59	1.78588e-08
116	144	1.77312e-08
47	145	1.74784e-08
9	25	1.73551e-08
63	119	1.73009e-08
103	123	1.72494e-08
13	149	1.72356e-08
69	91	1.70239e-08
69	138	1.70007e-08
68	139	1.70007e-08
106	148	1.69625e-08
38	66	-1.68707e-08
1	41	1.68473e-08
9	123	1.67627e-08
51	125	1.6641e-08
9	83	1.6516e-08
47	105	1.64756e-08
88	113	1.63729e-08
89	112	1.63729e-08
8	84	1.6306e-08
56	123	1.62417e-08
57	122	1.62417e-08
85	125	1.62169e-08
50	100	1.60897e-08
23	135	1.60294e-08
49	102	1.58369e-08
48	103	1.58369e-08
0	84	1.58158e-08
7	59	1.57548e-08
69	137	1.5653e-08
48	136	1.56527e-08
30	135	1.5539e-08
31	134	1.5539e-08
13	122	1.55156e-08
12	123	1.55156e-08
73	97	1.55098e-08
68	104	1.54082e-08
102	130	1.53929e-08
110	112	1.53268e-08
27	118	1.52781e-08
26	119	1.52781e-08
64	87	1.51986e-08
65	86	1.51986e-08
49	146	1.51885e-08
48	147	1.51885e-08
84	133	1.51388e-08
85	132	1.51388e-08
116	148	1.51056e-08
47	111	1.50933e-08
43	113	-1.50737e-08
71	91	1.50303e-08
38	68	1.50281e-08
24	48	1.50032e-08
39	77	1.49611e-08
71	148	1.49577e-08
70	149	1.49577e-08
101	120	1.49573e-08
100	121	1.49573e-08
105	133	1.4935e-08
1	48	1.49114e-08
0	49	1.49114e-08
15	66	-1.49027e-08
14	67	-1.49027e-08
48	119	1.48735e-08
49	118	1.48735e-08
68	122	1.48629e-08
129	148	1.48286e-08
128	149	1.48286e-08
0	58	1.48274e-08
58	123	1.48082e-08
59	122	1.48082e-08
87	145	1.47302e-08
112	149	1.4705e-08
113	148	1.4705e-08
62	82	1.46689e-08
10	145	-1.46329e-08
11	144	-1.46329e-08
9	32	1.4615e-08
8	33	1.4615e-08
13	103	1.46029e-08
76	134	1.45935e-08
73	135	1.45643e-08
39	72	1.45368e-08
38	73	1.45368e-08
145	147	1.45115e-08
39	133	1.44797e-08
109	110	1.44482e-08
108	111	1.44482e-08
84	106	1.44282e-08
84	117	1.44224e-08
85	116	1.44224e-08
61	103	1.4403e-08
100	139	1.43561e-08
101	138	1.43561e-08
64	120	1.43504e-08
23	90	1.42371e-08
22	91	1.42371e-08
105	147	1.42239e-08
96	149	1.42212e-08
97	148	1.42212e-08
66	68	-1.41494e-08
11	77	-1.40475e-08
85	121	1.39843e-08
31	89	1.39199e-08
52	78	-1.38731e-08
82	85	1.37996e-08
83	84	1.37996e-08
59	132	1.37365e-08
58	133	1.37365e-08
6	14	1.37192e-08
38	43	-1.37164e-08
39	42	-1.37164e-08
142	144	1.37092e-08
48	101	1.3709e-08
49	100	1.3709e-08
87	113	1.37047e-08
14	31	1.36758e-08
15	30	1.36758e-08
30	82	1.36551e-08
25	105	1.3641e-08
29	147	1.36098e-08
104	124	1.3586e-08
132	149	1.35775e-08
133	148	1.35775e-08
43	62	-1.3568e-08
42	63	-1.3568e-08
1	135	1.35611e-08
22	48	1.35061e-08
70	105	1.34995e-08
71	104	1.34995e-08
99	112	-1.34535e-08
98	113	-1.34535e-08
1	15	1.34396e-08
70	93	1.33651e-08
71	92	1.33651e-08
56	102	1.33014e-08
128	147	1.32325e-08
129	146	1.32325e-08
100	137	1.32214e-08
101	136	1.32214e-08
44	78	-1.32016e-08
29	63	1.31967e-08
57	148	1.31746e-08
56	149	1.31746e-08
40	148	1.30243e-08
81	87	1.29776e-08
58	138	1.29721e-08
55	81	1.29374e-08
62	108	1.2912e-08
101	119	1.28842e-08
58	118	1.2865e-08
68	110	1.27737e-08
11	83	-1.27633e-08
111	131	1.26853e-08
46	101	1.26697e-08
47	100	1.26697e-08
12	85	1.25782e-08
13	84	1.25782e-08
60	110	1.2546e-08
58	108	1.25238e-08
47	97	1.24951e-08
42	120	-1.24836e-08
30	81	1.24531e-08
31	80	1.24531e-08
77	111	1.24305e-08
65	69	1.23842e-08
48	85	1.23628e-08
49	84	1.23628e-08
111	120	1.22852e-08
110	121	1.22852e-08
39	136	1.22719e-08
38	137	1.22719e-08
63	147	1.2254e-08
136	148	1.22476e-08
32	144	1.21855e-08
62	66	-1.2152e-08
7	144	1.21459e-08
6	145	1.21459e-08
130	148	1.20822e-08
77	79	-1.19922e-08
124	136	1.19822e-08
51	119	1.19508e-08
42	58	-1.19487e-08
91	96	1.19178e-08
90	97	1.19178e-08
48	111	1.18575e-08
49	110	1.18575e-08
31	67	-1.18422e-08
6	131	1.18223e-08
7	130	1.18223e-08
25	38	1.18173e-08
24	39	1.18173e-08
22	39	1.17559e-08
23	38	1.17559e-08
121	133	1.17459e-08
76	116	1.17238e-08
59	140	1.17024e-08
58	141	1.17024e-08
62	86	1.16464e-08
22	104	1.16162e-08
60	145	1.16008e-08
61	144	1.16008e-08
92	113	1.16006e-08
93	112	1.16006e-08
43	51	-1.15754e-08
106	125	1.15198e-08
107	124	1.15198e-08
58	82	1.15043e-08
41	119	1.14887e-08
40	86	1.14344e-08
115	135	1.14254e-08
57	111	1.14095e-08
76	144	1.14061e-08
54	144	1.13691e-08
81	141	1.1329e-08
14	71	1.1329e-08
15	70	1.1329e-08
65	91	1.1277e-08
147	149	1.12498e-08
10	118	-1.12056e-08
111	129	1.11772e-08
13	109	1.11445e-08
53	81	1.11121e-08
101	129	1.10632e-08
41	85	1.10217e-08
22	114	1.09923e-08
7	90	1.09711e-08
6	91	1.09711e-08
31	72	1.09608e-08
30	73	1.09608e-08
2	62	1.09275e-08
11	107	-1.08897e-08
66	92	-1.08872e-08
70	110	1.08815e-08
39	143	1.07951e-08
57	84	1.07904e-08
56	85	1.07904e-08
49	124	1.07702e-08
48	125	1.07702e-08
8	124	1.07626e-08
31	60	1.07568e-08
30	61	1.07568e-08
66	140	-1.07476e-08
14	130	1.07011e-08
102	104	1.0699e-08
8	108	1.06781e-08
87	110	1.06779e-08
86	111	1.06779e-08
22	59	1.06721e-08
23	58	1.06721e-08
25	91	1.0637e-08
51	103	1.06194e-08
105	131	1.0612e-08
0	130	1.0608e-08
85	102	1.04474e-08
84	103	1.04474e-08
118	120	1.04417e-08
123	132	1.04189e-08
122	133	1.04189e-08
86	146	1.03948e-08
12	39	1.03793e-08
13	38	1.03793e-08
39	65	1.03245e-08
33	149	1.02794e-08
36	104	1.01792e-08
90	138	1.01667e-08
41	104	1.00757e-08
40	105	1.00757e-08
106	130	1.00656e-08
48	97	1.0035e-08
49	96	1.0035e-08
