29	37	234.839
7	37	202.598
2	3	187.998
36	37	165.627
28	29	161.42
5	37	158.36
1	37	150.378
35	37	149.927
9	31	147.659
31	37	146.523
19	33	146.435
11	25	141.224
13	37	139.229
25	35	137.352
9	33	136.237
33	37	134.48
1	7	134.184
31	33	132.424
7	29	132.143
13	29	130.581
7	27	127.869
15	37	124.605
17	31	123.142
1	29	121.866
27	37	119.864
9	37	119.239
11	29	118.62
31	35	117.986
28	37	117.419
29	36	117.419
15	31	115.391
9	19	114.656
9	15	114.602
24	25	114.076
27	29	113.848
5	7	112.717
33	35	107.093
25	29	106.341
1	5	105.529
11	15	105.471
1	27	105.1
6	7	104.329
11	35	103.785
15	33	103.504
17	35	103.394
11	37	103.376
5	23	102.952
17	37	102.224
15	29	102.211
6	37	101.299
7	36	101.299
29	35	100.978
19	31	100.465
18	19	100.021
10	11	99.1704
7	31	98.7155
9	29	97.8912
5	33	97.8528
15	35	95.5805
4	5	95.2948
8	9	93.8573
12	13	93.1441
19	37	92.7561
9	35	92.7484
17	33	92.4441
15	19	92.2328
7	35	91.8393
5	31	91.0264
7	9	90.7141
21	27	90.5866
9	17	90.1848
3	19	-89.3053
7	15	89.2266
34	35	88.9804
25	37	88.2456
9	11	85.1754
1	21	85.0786
15	17	84.9381
16	17	84.8991
29	31	84.3761
25	33	84.3701
30	31	84.0564
7	21	83.7133
7	11	83.5262
1	25	83.3506
7	33	83.3118
29	33	83.0531
5	21	81.7733
32	33	81.719
4	37	79.18
5	36	79.18
13	35	78.1063
7	17	76.6461
14	15	76.579
3	13	-76.2035
1	36	75.1891
0	37	75.1891
34	37	74.9635
35	36	74.9635
5	35	74.777
0	1	74.731
1	13	74.4368
11	27	73.9084
1	31	73.8735
9	30	73.8297
8	31	73.8297
5	27	73.7772
31	36	73.2614
30	37	73.2614
19	32	73.2175
18	33	73.2175
17	25	72.8846
1	35	72.4592
7	13	72.3054
19	25	72.1006
5	9	71.9282
10	25	70.6118
11	24	70.6118
12	37	69.6143
13	36	69.6143
26	27	69.559
19	35	69.4159
24	35	68.676
25	34	68.676
21	37	68.3189
9	32	68.1187
8	33	68.1187
11	31	67.8161
32	37	67.24
33	36	67.24
22	23	67.1648
0	7	67.0922
1	6	67.0922
1	11	66.7162
1	9	66.7016
5	29	66.3075
30	33	66.2121
31	32	66.2121
6	29	66.0717
7	28	66.0717
5	19	65.8391
19	29	65.5236
12	29	65.2906
13	28	65.2906
15	27	64.3798
6	27	63.9344
7	26	63.9344
11	33	63.0876
1	33	63.0097
9	27	62.6018
14	37	62.3025
15	36	62.3025
15	25	62.2494
23	37	61.8827
16	31	61.5709
17	30	61.5709
0	29	60.933
1	28	60.933
17	29	60.1564
25	31	60.139
27	36	59.9318
26	37	59.9318
9	36	59.6193
8	37	59.6193
1	17	59.5501
9	25	59.4701
11	28	59.31
10	29	59.31
7	19	59.0574
31	34	58.993
30	35	58.993
28	36	58.7096
7	23	58.5879
7	25	58.1563
15	30	57.6956
14	31	57.6956
20	21	57.3732
9	18	57.328
8	19	57.328
9	14	57.3009
8	15	57.3009
26	29	56.9238
27	28	56.9238
5	13	56.7736
4	7	56.3583
5	6	56.3583
13	31	55.2977
27	31	54.6907
1	15	54.3085
13	25	53.7674
33	34	53.5463
32	35	53.5463
11	17	53.2617
24	29	53.1707
25	28	53.1707
17	19	53.0577
25	27	52.979
21	29	52.9745
1	23	52.8395
1	4	52.7643
0	5	52.7643
11	14	52.7354
10	15	52.7354
0	27	52.55
1	26	52.55
11	34	51.8925
10	35	51.8925
14	33	51.7519
15	32	51.7519
17	34	51.697
16	35	51.697
11	36	51.688
10	37	51.688
4	23	51.4758
5	22	51.4758
13	27	51.2659
16	37	51.1119
17	36	51.1119
14	29	51.1053
15	28	51.1053
9	13	50.8919
6	36	50.6495
29	34	50.489
28	35	50.489
18	31	50.2327
19	30	50.2327
13	17	49.5552
7	30	49.3578
6	31	49.3578
8	29	48.9456
9	28	48.9456
4	33	48.9264
5	32	48.9264
5	17	48.5836
15	34	47.7903
14	35	47.7903
13	33	46.9012
5	15	46.7754
18	37	46.3781
19	36	46.3781
8	35	46.3742
9	34	46.3742
17	32	46.222
16	33	46.222
15	18	46.1164
14	19	46.1164
7	34	45.9196
6	35	45.9196
5	30	45.5132
4	31	45.5132
6	9	45.3571
7	8	45.3571
27	33	45.3306
21	26	45.2933
20	27	45.2933
8	17	45.0924
9	16	45.0924
3	18	-44.6526
2	19	-44.6526
6	15	44.6133
7	14	44.6133
13	19	44.5425
17	27	44.3314
25	36	44.1228
24	37	44.1228
27	35	43.6995
13	15	43.0462
8	11	42.5877
9	10	42.5877
0	21	42.5393
1	20	42.5393
15	16	42.4691
14	17	42.4691
5	25	42.4467
28	31	42.188
29	30	42.188
24	33	42.185
25	32	42.185
6	21	41.8566
7	20	41.8566
7	10	41.7631
6	11	41.7631
0	25	41.6753
1	24	41.6753
6	33	41.6559
7	32	41.6559
29	32	41.5266
28	33	41.5266
11	21	41.5193
4	21	40.8866
5	20	40.8866
21	23	40.7727
23	33	40.4946
23	31	40.4103
21	25	40.0132
4	36	39.59
11	13	39.3555
12	35	39.0532
13	34	39.0532
13	23	38.347
6	17	38.323
7	16	38.323
2	13	-38.1018
3	12	-38.1018
0	36	37.5945
34	36	37.4817
5	34	37.3885
4	35	37.3885
9	21	37.2648
1	12	37.2184
0	13	37.2184
1	19	37.1522
10	27	36.9542
11	26	36.9542
0	31	36.9367
1	30	36.9367
3	35	36.9161
8	30	36.9148
5	26	36.8886
4	27	36.8886
30	36	36.6307
18	32	36.6088
17	24	36.4423
16	25	36.4423
11	19	36.3826
0	35	36.2296
1	34	36.2296
6	13	36.1527
7	12	36.1527
18	25	36.0503
19	24	36.0503
4	9	35.9641
5	8	35.9641
3	11	35.7186
10	24	35.3059
12	36	34.8071
19	34	34.708
18	35	34.708
17	21	34.3809
24	34	34.338
21	36	34.1594
20	37	34.1594
19	27	34.1165
8	32	34.0593
11	30	33.9081
10	31	33.9081
23	35	33.6987
32	36	33.62
0	6	33.5461
0	11	33.3581
1	10	33.3581
1	8	33.3508
0	9	33.3508
4	29	33.1537
5	28	33.1537
30	32	33.1061
6	28	33.0358
3	17	33.0336
4	19	32.9195
5	18	32.9195
18	29	32.7618
19	28	32.7618
12	28	32.6453
14	27	32.1899
15	26	32.1899
6	26	31.9672
10	33	31.5438
11	32	31.5438
0	33	31.5049
1	32	31.5049
8	27	31.3009
9	26	31.3009
14	36	31.1513
14	25	31.1247
15	24	31.1247
23	36	30.9414
22	37	30.9414
16	30	30.7855
21	31	30.7215
0	28	30.4665
23	27	30.3752
17	28	30.0782
16	29	30.0782
25	30	30.0695
24	31	30.0695
26	36	29.9659
8	36	29.8097
1	16	29.775
0	17	29.775
9	24	29.7351
8	25	29.7351
10	28	29.655
7	18	29.5287
6	19	29.5287
3	5	29.5212
30	34	29.4965
7	22	29.2939
6	23	29.2939
7	24	29.0782
6	25	29.0782
14	30	28.8478
8	18	28.664
8	14	28.6505
21	33	28.6147
26	28	28.4619
5	12	28.3868
4	13	28.3868
3	9	-28.1808
4	6	28.1791
13	30	27.6488
12	31	27.6488
3	23	-27.4424
27	30	27.3454
26	31	27.3454
1	14	27.1543
0	15	27.1543
13	24	26.8837
12	25	26.8837
32	34	26.7731
11	16	26.6308
10	17	26.6308
24	28	26.5853
16	19	26.5288
17	18	26.5288
25	26	26.4895
24	27	26.4895
21	28	26.4872
20	29	26.4872
1	22	26.4198
0	23	26.4198
0	4	26.3822
10	14	26.3677
0	26	26.275
3	33	-25.984
10	34	25.9463
14	32	25.8759
16	34	25.8485
10	36	25.844
4	22	25.7379
12	27	25.6329
13	26	25.6329
16	36	25.556
14	28	25.5526
8	13	25.446
9	12	25.446
3	37	25.3481
28	34	25.2445
18	30	25.1163
12	17	24.7776
13	16	24.7776
6	30	24.6789
8	28	24.4728
4	32	24.4632
5	16	24.2918
4	17	24.2918
14	34	23.8951
15	21	23.8089
13	32	23.4506
12	33	23.4506
5	14	23.3877
4	15	23.3877
18	36	23.189
8	34	23.1871
16	32	23.111
14	18	23.0582
9	23	23.035
6	34	22.9598
4	30	22.7566
6	8	22.6785
27	32	22.6653
26	33	22.6653
20	26	22.6467
8	16	22.5462
3	31	22.4984
2	18	-22.3263
6	14	22.3066
13	18	22.2713
12	19	22.2713
17	26	22.1657
16	27	22.1657
19	23	22.1236
24	36	22.0614
27	34	21.8497
26	35	21.8497
1	3	21.7526
3	7	21.5818
13	14	21.5231
12	15	21.5231
8	10	21.2939
0	20	21.2697
14	16	21.2345
4	25	21.2233
5	24	21.2233
28	30	21.094
24	32	21.0925
6	20	20.9283
6	10	20.8816
0	24	20.8376
6	32	20.828
28	32	20.7633
10	21	20.7597
11	20	20.7597
17	23	20.711
4	20	20.4433
20	23	20.3863
21	22	20.3863
23	32	20.2473
22	33	20.2473
22	31	20.2051
23	30	20.2051
20	25	20.0066
21	24	20.0066
10	13	19.6778
11	12	19.6778
12	34	19.5266
13	22	19.1735
12	23	19.1735
6	16	19.1615
2	12	-19.0509
4	34	18.6943
8	21	18.6324
9	20	18.6324
0	12	18.6092
3	29	-18.5982
0	19	18.5761
1	18	18.5761
10	26	18.4771
0	30	18.4684
2	35	18.4581
3	34	18.4581
4	26	18.4443
16	24	18.2212
10	19	18.1913
11	18	18.1913
0	34	18.1148
6	12	18.0764
18	24	18.0251
4	8	17.9821
2	11	17.8593
3	10	17.8593
18	34	17.354
17	20	17.1905
16	21	17.1905
20	36	17.0797
18	27	17.0583
19	26	17.0583
10	30	16.954
22	35	16.8493
23	34	16.8493
11	23	-16.7866
21	35	16.7466
0	10	16.679
0	8	16.6754
4	28	16.5769
3	16	16.5168
2	17	16.5168
4	18	16.4598
18	28	16.3809
14	26	16.0949
13	21	16.0337
10	32	15.7719
0	32	15.7524
8	26	15.6505
14	24	15.5624
22	36	15.4707
20	31	15.3608
21	30	15.3608
23	26	15.1876
22	27	15.1876
16	28	15.0391
24	30	15.0348
0	16	14.8875
8	24	14.8675
6	18	14.7644
3	4	14.7606
2	5	14.7606
6	22	14.647
6	24	14.5391
21	32	14.3074
20	33	14.3074
4	12	14.1934
3	8	-14.0904
2	9	-14.0904
12	30	13.8244
3	22	-13.7212
2	23	-13.7212
26	30	13.6727
0	14	13.5771
12	24	13.4418
10	16	13.3154
16	18	13.2644
24	26	13.2448
20	28	13.2436
0	22	13.2099
2	33	-12.992
3	32	-12.992
12	26	12.8165
8	12	12.723
3	36	12.674
2	37	12.674
12	16	12.3888
4	16	12.1459
15	20	11.9044
14	21	11.9044
12	32	11.7253
4	14	11.6938
9	22	11.5175
8	23	11.5175
26	32	11.3327
3	30	11.2492
2	31	11.2492
12	18	11.1356
16	26	11.0829
19	22	11.0618
18	23	11.0618
26	34	10.9249
1	2	10.8763
0	3	10.8763
3	6	10.7909
2	7	10.7909
12	14	10.7616
4	24	10.6117
10	20	10.3798
17	22	10.3555
16	23	10.3555
20	22	10.1932
22	32	10.1237
22	30	10.1026
20	24	10.0033
10	12	9.83888
12	22	9.58674
8	20	9.3162
3	28	-9.29912
2	29	-9.29912
0	18	9.28806
2	34	9.22903
10	18	9.09565
2	10	8.92966
16	20	8.59523
18	26	8.52913
3	25	-8.51756
22	34	8.42467
11	22	-8.39332
10	23	-8.39332
20	35	8.37332
21	34	8.37332
2	16	8.2584
12	21	8.01685
13	20	8.01685
20	30	7.68039
22	26	7.59379
2	4	7.38031
20	32	7.15368
2	8	-7.0452
2	22	-6.8606
3	21	6.55649
2	32	-6.49601
2	36	6.33702
3	15	6.10531
14	20	5.95222
8	22	5.75875
19	21	-5.62851
2	30	5.62461
18	22	5.5309
0	2	5.43815
2	6	5.39546
16	22	5.17776
23	29	5.15244
15	23	4.87102
2	28	-4.64956
3	24	-4.25878
2	25	-4.25878
3	27	-4.23496
10	22	-4.19666
20	34	4.18666
23	25	4.12338
12	20	4.00842
3	20	3.27825
2	21	3.27825
2	15	3.05265
3	14	3.05265
19	20	-2.81425
18	21	-2.81425
22	29	2.57622
23	28	2.57622
14	23	2.43551
15	22	2.43551
2	24	-2.12939
3	26	-2.11748
2	27	-2.11748
23	24	2.06169
22	25	2.06169
2	20	1.63912
2	14	1.52633
18	20	-1.40713
22	28	1.28811
14	22	1.21775
2	26	-1.05874
22	24	1.03085
5	11	0.027611
4	11	0.0138055
5	10	0.0138055
4	10	0.00690274
