0	1	2
34	35	2
32	33	2
30	31	2
28	29	2
26	27	2
24	25	2
22	23	2
36	37	2
20	21	2
76	77	2
16	17	2
14	15	2
12	13	2
10	11	2
8	9	2
6	7	2
18	19	2
4	5	2
38	39	2
42	43	2
74	75	2
72	73	2
70	71	2
68	69	2
66	67	2
64	65	2
62	63	2
40	41	2
60	61	2
56	57	2
54	55	2
52	53	2
50	51	2
48	49	2
46	47	2
44	45	2
58	59	2
2	3	2
78	79	2
21	29	0.0579554
21	28	0.0289777
20	29	0.0289777
15	59	0.0164766
20	28	0.0144888
15	58	0.00823828
14	59	0.00823828
14	58	0.00411914
39	59	0.00317442
67	73	0.00276669
3	71	0.00200871
13	39	0.00179615
38	59	0.00158721
39	58	0.00158721
3	13	0.00149101
15	39	0.00143854
31	69	0.00142128
66	73	0.00138334
67	72	0.00138334
1	3	0.00130444
7	31	0.00103666
3	70	0.00100436
2	71	0.00100436
13	15	0.00100141
12	39	0.000898073
13	38	0.000898073
38	58	0.000793605
2	13	0.000745505
3	12	0.000745505
14	39	0.000719269
15	38	0.000719269
30	69	0.000710641
31	68	0.000710641
66	72	0.000691672
0	3	0.000652218
1	2	0.000652218
17	35	0.000589354
7	30	0.000518328
6	31	0.000518328
2	70	0.000502178
13	14	0.000500705
12	15	0.000500705
12	38	0.000449036
55	67	0.000418582
13	59	0.000387576
7	69	0.000380289
2	12	0.000372753
14	38	0.000359635
30	68	0.00035532
0	2	0.000326109
1	23	0.000311256
17	34	0.000294677
16	35	0.000294677
6	30	0.000259164
12	14	0.000250352
29	65	0.000216916
1	79	0.000211751
55	66	0.000209291
54	67	0.000209291
12	59	0.000193788
13	58	0.000193788
6	69	0.000190145
7	68	0.000190145
1	22	0.000155628
0	23	0.000155628
3	15	0.000150587
16	34	0.000147339
28	65	0.000108458
29	64	0.000108458
1	78	0.000105875
0	79	0.000105875
54	66	0.000104646
12	58	9.6894e-05
6	68	9.50723e-05
0	22	7.78139e-05
3	14	7.52936e-05
2	15	7.52936e-05
15	25	7.07025e-05
28	64	5.4229e-05
0	78	5.29376e-05
3	59	5.10911e-05
1	71	4.19168e-05
2	14	3.76468e-05
21	65	3.70899e-05
14	25	3.53513e-05
15	24	3.53513e-05
2	59	2.55456e-05
3	58	2.55456e-05
3	25	2.46124e-05
17	41	2.40347e-05
0	71	2.09584e-05
1	70	2.09584e-05
21	64	1.8545e-05
20	65	1.8545e-05
3	33	1.80544e-05
1	25	1.78062e-05
14	24	1.76756e-05
25	37	1.45521e-05
2	58	1.27728e-05
3	24	1.23062e-05
2	25	1.23062e-05
16	41	1.20173e-05
17	40	1.20173e-05
15	71	1.07918e-05
1	59	1.07231e-05
0	70	1.04792e-05
20	64	9.27248e-06
2	33	9.0272e-06
3	32	9.0272e-06
1	24	8.9031e-06
0	25	8.9031e-06
24	37	7.27604e-06
25	36	7.27604e-06
29	35	6.64042e-06
2	24	6.15311e-06
16	40	6.00867e-06
14	71	5.39588e-06
15	70	5.39588e-06
1	58	5.36157e-06
0	59	5.36157e-06
3	23	4.55551e-06
2	32	4.5136e-06
0	24	4.45155e-06
25	79	4.32906e-06
49	67	4.01361e-06
3	19	3.80317e-06
24	36	3.63802e-06
21	35	3.43457e-06
28	35	3.32021e-06
29	34	3.32021e-06
25	33	3.31471e-06
13	71	3.28784e-06
1	15	2.99299e-06
15	33	2.87882e-06
14	70	2.69794e-06
0	58	2.68079e-06
59	71	2.62475e-06
37	79	2.4881e-06
9	17	2.37665e-06
3	22	2.27775e-06
2	23	2.27775e-06
15	77	2.23799e-06
21	53	2.19114e-06
24	79	2.16453e-06
25	78	2.16453e-06
55	59	2.05547e-06
49	66	2.0068e-06
48	67	2.0068e-06
3	18	1.90158e-06
2	19	1.90158e-06
20	35	1.71728e-06
21	34	1.71728e-06
28	34	1.66011e-06
25	32	1.65736e-06
24	33	1.65736e-06
12	71	1.64392e-06
13	70	1.64392e-06
0	15	1.49649e-06
1	14	1.49649e-06
14	33	1.43941e-06
15	32	1.43941e-06
5	47	1.39659e-06
19	71	1.36819e-06
37	71	1.3677e-06
59	70	1.31238e-06
58	71	1.31238e-06
37	78	1.24405e-06
36	79	1.24405e-06
9	16	1.18833e-06
8	17	1.18833e-06
15	79	1.1556e-06
2	22	1.13888e-06
15	76	1.11899e-06
14	77	1.11899e-06
20	53	1.09557e-06
21	52	1.09557e-06
24	78	1.08226e-06
54	59	1.02774e-06
55	58	1.02774e-06
59	77	1.02364e-06
48	66	1.0034e-06
2	18	9.50792e-07
20	34	8.58642e-07
1	13	8.475e-07
24	32	8.28678e-07
12	70	8.21961e-07
15	55	8.16542e-07
0	14	7.48247e-07
49	55	7.46413e-07
14	32	7.19706e-07
5	46	6.98297e-07
4	47	6.98297e-07
19	70	6.84093e-07
18	71	6.84093e-07
36	71	6.8385e-07
37	70	6.8385e-07
9	41	6.64897e-07
58	70	6.56188e-07
27	53	6.2613e-07
36	78	6.22026e-07
8	16	5.94164e-07
15	78	5.77799e-07
14	79	5.77799e-07
14	76	5.59497e-07
20	52	5.47784e-07
9	35	5.28795e-07
54	58	5.13868e-07
59	76	5.11818e-07
58	77	5.11818e-07
25	59	4.85864e-07
49	71	4.48901e-07
0	13	4.2375e-07
1	12	4.2375e-07
15	54	4.08271e-07
14	55	4.08271e-07
49	54	3.73206e-07
48	55	3.73206e-07
33	71	3.68957e-07
4	46	3.49148e-07
18	70	3.42047e-07
36	70	3.41925e-07
23	71	3.33031e-07
9	40	3.32448e-07
8	41	3.32448e-07
71	79	3.27834e-07
1	33	3.24887e-07
26	53	3.13065e-07
27	52	3.13065e-07
25	71	2.97691e-07
14	78	2.88899e-07
8	35	2.64398e-07
9	34	2.64398e-07
29	53	2.62981e-07
58	76	2.55909e-07
24	59	2.42932e-07
25	58	2.42932e-07
39	77	2.41384e-07
55	73	2.32799e-07
59	79	2.29935e-07
49	70	2.24451e-07
48	71	2.24451e-07
27	29	2.18668e-07
0	12	2.11875e-07
14	54	2.04136e-07
11	69	1.90248e-07
55	79	1.88528e-07
48	54	1.86603e-07
32	71	1.84478e-07
33	70	1.84478e-07
37	45	1.70387e-07
23	70	1.66515e-07
22	71	1.66515e-07
8	40	1.66224e-07
70	79	1.63917e-07
71	78	1.63917e-07
0	33	1.62443e-07
1	32	1.62443e-07
26	52	1.56532e-07
24	71	1.48846e-07
25	70	1.48846e-07
3	39	1.39126e-07
8	34	1.32199e-07
28	53	1.3149e-07
29	52	1.3149e-07
3	79	1.25991e-07
24	58	1.21466e-07
13	25	1.2097e-07
38	77	1.20692e-07
39	76	1.20692e-07
55	72	1.16399e-07
54	73	1.16399e-07
59	78	1.14967e-07
58	79	1.14967e-07
48	70	1.12225e-07
35	65	1.1058e-07
26	29	1.09334e-07
27	28	1.09334e-07
10	69	9.51241e-08
11	68	9.51241e-08
55	78	9.4264e-08
54	79	9.4264e-08
32	70	9.22392e-08
37	44	8.51934e-08
36	45	8.51934e-08
22	70	8.32576e-08
70	78	8.19585e-08
0	32	8.12217e-08
1	37	7.52048e-08
24	70	7.44228e-08
21	27	7.40842e-08
3	38	6.9563e-08
2	39	6.9563e-08
28	52	6.57452e-08
2	79	6.29955e-08
3	78	6.29955e-08
33	59	6.1437e-08
12	25	6.0485e-08
13	24	6.0485e-08
38	76	6.0346e-08
54	72	5.81996e-08
58	78	5.74837e-08
35	64	5.52898e-08
34	65	5.52898e-08
26	28	5.4667e-08
10	68	4.7562e-08
54	78	4.7132e-08
17	67	4.47135e-08
36	44	4.25967e-08
45	71	4.06701e-08
1	36	3.76024e-08
0	37	3.76024e-08
20	27	3.70421e-08
21	26	3.70421e-08
2	38	3.47815e-08
13	19	3.4167e-08
29	75	3.33977e-08
7	11	3.20899e-08
2	78	3.14978e-08
33	58	3.07185e-08
32	59	3.07185e-08
12	24	3.02425e-08
29	63	3.00074e-08
34	64	2.76449e-08
1	55	2.529e-08
33	79	2.36346e-08
13	55	2.36149e-08
16	67	2.23567e-08
17	66	2.23567e-08
17	27	2.06246e-08
45	70	2.03351e-08
44	71	2.03351e-08
15	23	1.99033e-08
0	36	1.88012e-08
20	26	1.8521e-08
19	25	1.83438e-08
12	19	1.70835e-08
13	18	1.70835e-08
28	75	1.66988e-08
29	74	1.66988e-08
49	79	1.66101e-08
7	10	1.6045e-08
6	11	1.6045e-08
32	58	1.53593e-08
28	63	1.50037e-08
29	62	1.50037e-08
1	54	1.2645e-08
0	55	1.2645e-08
32	79	1.18173e-08
33	78	1.18173e-08
12	55	1.18074e-08
13	54	1.18074e-08
11	31	1.14136e-08
3	55	1.14101e-08
16	66	1.11784e-08
17	26	1.03123e-08
16	27	1.03123e-08
44	70	1.01675e-08
