34	35	230.259
3	33	195.464
7	11	192.492
32	33	174.512
23	37	162.515
7	21	155.365
11	25	155.266
19	37	153.673
31	33	152.481
10	11	151.207
6	7	143.265
19	23	142.926
5	33	137.965
20	21	137.194
7	25	132.798
13	19	124.157
13	23	120.938
21	25	120.5
9	13	117.977
11	21	116.428
15	29	116.376
15	31	114.758
2	3	112.04
33	37	110.223
27	29	109.782
17	27	107.372
3	5	106.436
23	33	106.232
13	37	103.573
1	5	101.988
1	33	100.596
24	25	99.9457
5	17	98.6518
36	37	98.383
2	33	97.7322
3	32	97.7322
1	31	96.7744
7	10	96.246
6	11	96.246
9	23	94.4887
5	31	93.7209
3	31	93.372
25	33	91.8852
11	35	-91.4229
9	19	91.0394
1	3	89.6528
9	21	89.1676
28	29	88.5453
30	31	88.4596
4	5	88.1138
21	33	87.773
22	23	84.3035
15	33	83.3989
22	37	81.2577
23	36	81.2577
13	33	81.0197
18	19	80.7482
19	35	80.4853
14	15	79.3066
7	20	77.6823
6	21	77.6823
10	25	77.6331
11	24	77.6331
26	27	77.2305
17	29	77.2054
19	36	76.8365
18	37	76.8365
5	13	76.4841
31	32	76.2403
30	33	76.2403
9	37	75.8709
9	33	75.0231
8	9	75.0112
19	33	74.3883
9	35	74.1842
12	13	73.6867
35	37	72.6387
18	23	71.4631
19	22	71.4631
3	9	71.2621
23	25	70.5066
5	21	70.4934
16	17	70.0886
25	29	69.9706
31	37	69.2379
4	33	68.9827
5	32	68.9827
29	31	68.462
25	31	67.5832
21	27	66.6319
7	24	66.3992
6	25	66.3992
3	21	65.8726
11	19	-65.2236
29	33	65.1737
13	25	64.039
15	27	63.5901
5	9	63.58
5	27	63.4839
7	31	63.2156
23	31	62.9359
15	35	62.7117
3	13	62.1094
12	19	62.0786
13	18	62.0786
0	1	61.6997
17	21	60.9889
1	17	60.8026
13	22	60.4691
12	23	60.4691
13	35	60.4528
20	25	60.2498
21	24	60.2498
23	35	60.2379
5	25	60.1635
9	12	58.9883
8	13	58.9883
1	21	58.9257
25	37	58.4978
11	20	58.2139
10	21	58.2139
14	29	58.1879
15	28	58.1879
15	17	58.1814
7	33	58.0768
3	23	57.9953
14	31	57.3788
15	30	57.3788
15	37	56.8951
15	25	55.4387
33	36	55.1113
32	37	55.1113
26	29	54.8911
27	28	54.8911
5	23	54.3794
31	35	53.955
16	27	53.6858
17	26	53.6858
1	9	53.6696
3	4	53.2181
2	5	53.2181
22	33	53.116
23	32	53.116
33	35	52.7318
11	29	52.4437
13	21	51.9289
1	27	51.8964
12	37	51.7865
13	36	51.7865
25	27	51.3364
1	15	51.1362
1	4	50.9938
0	5	50.9938
9	25	50.8388
7	19	-50.7501
0	33	50.2978
1	32	50.2978
17	33	50.0379
4	17	49.3259
5	16	49.3259
2	32	48.8661
1	30	48.3872
0	31	48.3872
17	25	48.3338
6	10	48.123
5	19	48.0959
8	23	47.2443
9	22	47.2443
5	30	46.8605
4	31	46.8605
3	30	46.686
2	31	46.686
24	33	45.9426
25	32	45.9426
10	35	-45.7114
11	34	-45.7114
9	18	45.5197
8	19	45.5197
1	2	44.8264
0	3	44.8264
8	21	44.5838
9	20	44.5838
20	33	43.8865
21	32	43.8865
21	23	42.9066
19	25	42.6457
1	35	42.5796
3	37	41.7173
15	32	41.6994
14	33	41.6994
19	31	41.5534
13	31	41.5217
21	31	41.4509
11	37	-41.3981
7	35	-41.2798
22	36	40.6288
5	15	40.5691
12	33	40.5099
13	32	40.5099
5	29	40.2459
19	34	40.2426
18	35	40.2426
5	35	40.1403
13	17	39.7295
15	23	39.4721
17	31	39.4381
15	19	38.9283
6	20	38.8412
1	13	38.8179
10	24	38.8165
7	15	38.7536
17	28	38.6027
16	29	38.6027
18	36	38.4183
4	13	38.242
5	12	38.242
30	32	38.1202
8	37	37.9354
9	36	37.9354
9	31	37.801
29	37	37.5628
8	33	37.5115
9	32	37.5115
21	29	37.5063
5	37	37.3867
19	32	37.1942
18	33	37.1942
9	34	37.0921
8	35	37.0921
1	23	36.7451
9	17	36.7367
35	36	36.3193
34	37	36.3193
17	19	36.0967
18	22	35.7316
3	8	35.6311
2	9	35.6311
22	25	35.2533
23	24	35.2533
4	21	35.2467
5	20	35.2467
25	28	34.9853
24	29	34.9853
31	36	34.6189
30	37	34.6189
4	32	34.4913
29	30	34.231
28	31	34.231
25	30	33.7916
24	31	33.7916
3	35	33.7768
20	27	33.316
21	26	33.316
6	24	33.1996
3	20	32.9363
2	21	32.9363
10	19	-32.6118
11	18	-32.6118
29	32	32.5869
28	33	32.5869
11	23	-32.4307
27	35	-32.3755
1	25	32.2997
11	27	32.0916
13	24	32.0195
12	25	32.0195
14	27	31.7951
15	26	31.7951
4	9	31.79
5	8	31.79
5	26	31.7419
4	27	31.7419
6	31	31.6078
7	30	31.6078
22	31	31.468
23	30	31.468
14	35	31.3559
15	34	31.3559
3	12	31.0547
2	13	31.0547
12	18	31.0393
7	29	30.8921
7	37	-30.7216
17	20	30.4944
16	21	30.4944
0	17	30.4013
1	16	30.4013
12	22	30.2346
13	34	30.2264
12	35	30.2264
20	24	30.1249
23	34	30.119
22	35	30.119
4	25	30.0818
5	24	30.0818
3	17	29.732
23	29	29.7129
8	12	29.4942
1	20	29.4629
0	21	29.4629
24	37	29.2489
25	36	29.2489
10	20	29.107
14	28	29.0939
14	17	29.0907
15	16	29.0907
7	32	29.0384
6	33	29.0384
3	22	28.9977
2	23	28.9977
14	30	28.6894
7	23	-28.5297
14	37	28.4476
15	36	28.4476
14	25	27.7193
15	24	27.7193
32	36	27.5557
26	28	27.4455
1	37	27.2933
4	23	27.1897
5	22	27.1897
11	33	27.1755
21	37	27.0959
30	35	26.9775
31	34	26.9775
16	26	26.8429
0	9	26.8348
1	8	26.8348
2	4	26.609
22	32	26.558
33	34	26.3659
32	35	26.3659
10	29	26.2219
11	28	26.2219
13	20	25.9645
12	21	25.9645
1	26	25.9482
0	27	25.9482
12	36	25.8933
24	27	25.6682
25	26	25.6682
0	15	25.5681
1	14	25.5681
0	4	25.4969
9	24	25.4194
8	25	25.4194
1	19	25.4122
6	19	-25.3751
7	18	-25.3751
0	32	25.1489
1	7	25.1217
17	32	25.0189
16	33	25.0189
19	21	24.7742
4	16	24.663
1	29	24.6272
0	30	24.1936
17	24	24.1669
16	25	24.1669
4	19	24.048
5	18	24.048
8	22	23.6222
19	29	23.5658
3	25	23.5583
4	30	23.4302
2	30	23.343
24	32	22.9713
10	34	-22.8557
8	18	22.7598
0	2	22.4132
8	20	22.2919
20	32	21.9432
27	31	21.5555
21	22	21.4533
20	23	21.4533
19	24	21.3229
18	25	21.3229
1	34	21.2898
0	35	21.2898
3	19	21.2315
2	37	20.8587
3	36	20.8587
14	32	20.8497
18	31	20.7767
19	30	20.7767
12	31	20.7608
13	30	20.7608
21	30	20.7255
20	31	20.7255
15	21	20.72
10	37	-20.6991
11	36	-20.6991
7	34	-20.6399
6	35	-20.6399
5	14	20.2845
4	15	20.2845
12	32	20.2549
4	29	20.1229
5	28	20.1229
18	34	20.1213
4	35	20.0702
5	34	20.0702
1	11	-19.9927
13	16	19.8648
12	17	19.8648
15	22	19.7361
14	23	19.7361
17	30	19.719
16	31	19.719
14	19	19.4641
15	18	19.4641
0	13	19.409
1	12	19.409
7	14	19.3768
6	15	19.3768
16	28	19.3014
11	17	19.2055
13	27	19.1264
4	12	19.121
17	23	19.0312
8	36	18.9677
8	31	18.9005
9	30	18.9005
17	35	18.8614
29	36	18.7814
28	37	18.7814
8	32	18.7558
20	29	18.7532
21	28	18.7532
4	37	18.6933
5	36	18.6933
18	32	18.5971
8	34	18.5461
0	23	18.3725
1	22	18.3725
9	16	18.3683
8	17	18.3683
34	36	18.1597
17	18	18.0484
16	19	18.0484
2	8	17.8155
3	15	17.6827
7	13	-17.6386
22	24	17.6267
4	20	17.6234
24	28	17.4926
30	36	17.3095
28	30	17.1155
24	30	16.8958
3	34	16.8884
2	35	16.8884
20	26	16.658
2	20	16.4682
10	18	-16.3059
28	32	16.2934
10	23	-16.2154
11	22	-16.2154
27	34	-16.1877
26	35	-16.1877
1	24	16.1499
0	25	16.1499
11	26	16.0458
10	27	16.0458
12	24	16.0098
19	27	15.9518
14	26	15.8975
4	8	15.895
4	26	15.871
6	30	15.8039
22	30	15.734
14	34	15.6779
23	27	15.6623
2	12	15.5273
7	28	15.446
6	29	15.446
7	36	-15.3608
6	37	-15.3608
5	11	15.3177
16	20	15.2472
0	16	15.2006
12	34	15.1132
22	34	15.0595
4	24	15.0409
3	16	14.866
2	17	14.866
23	28	14.8564
22	29	14.8564
0	20	14.7314
24	36	14.6245
14	16	14.5454
7	27	14.5373
6	32	14.5192
2	22	14.4988
25	35	-14.4142
7	22	-14.2649
6	23	-14.2649
14	36	14.2238
17	37	13.8793
14	24	13.8597
11	13	-13.817
1	36	13.6467
0	37	13.6467
4	22	13.5949
11	32	13.5877
10	33	13.5877
20	37	13.5479
21	36	13.5479
30	34	13.4888
0	8	13.4174
5	7	13.2474
32	34	13.1829
10	28	13.1109
12	20	12.9822
0	26	12.9741
24	26	12.8341
0	14	12.784
8	24	12.7097
1	18	12.7061
0	19	12.7061
6	18	-12.6875
1	6	12.5608
0	7	12.5608
16	32	12.5095
18	21	12.3871
19	20	12.3871
0	29	12.3136
1	28	12.3136
21	35	-12.1908
16	24	12.0834
4	18	12.024
18	29	11.7829
19	28	11.7829
3	24	11.7791
2	25	11.7791
9	27	11.6023
3	7	-11.4697
7	17	-11.265
13	29	10.937
26	31	10.7777
27	30	10.7777
20	22	10.7266
18	24	10.6614
0	34	10.6449
3	18	10.6158
2	19	10.6158
2	36	10.4293
27	33	10.3884
18	30	10.3884
12	30	10.3804
20	30	10.3627
14	21	10.36
15	20	10.36
10	36	-10.3495
6	34	-10.3199
4	14	10.1423
4	28	10.0615
4	34	10.0351
0	11	-9.99634
1	10	-9.99634
12	16	9.93238
14	22	9.86803
16	30	9.85951
14	18	9.73207
0	12	9.70448
6	14	9.6884
11	16	9.60275
10	17	9.60275
9	11	-9.57286
12	27	9.56321
13	26	9.56321
16	23	9.51561
17	22	9.51561
8	30	9.45024
16	35	9.43072
17	34	9.43072
28	36	9.39071
20	28	9.37658
4	36	9.34667
13	15	9.23795
0	22	9.18627
8	16	9.18417
16	18	9.02418
2	15	8.84136
3	14	8.84136
6	13	-8.81928
7	12	-8.81928
2	34	8.4442
10	22	-8.10768
26	34	-8.09387
0	24	8.07493
9	29	8.06466
10	26	8.02291
18	27	7.97588
19	26	7.97588
23	26	7.83114
22	27	7.83114
6	28	7.72302
6	36	-7.68039
4	11	7.65884
5	10	7.65884
2	16	7.433
22	28	7.42822
7	26	7.26864
6	27	7.26864
24	35	-7.20712
25	34	-7.20712
6	22	-7.13243
17	36	6.93966
16	37	6.93966
10	13	-6.90849
11	12	-6.90849
0	36	6.82334
10	32	6.79387
20	36	6.77397
4	7	6.62368
5	6	6.62368
0	18	6.35304
0	6	6.28041
18	20	6.19356
0	28	6.15681
20	35	-6.09539
21	34	-6.09539
18	28	5.89145
2	24	5.88956
8	27	5.80115
9	26	5.80115
2	7	-5.73484
3	6	-5.73484
7	16	-5.63248
6	17	-5.63248
12	29	5.4685
13	28	5.4685
26	30	5.38887
2	18	5.30788
3	11	5.24009
26	33	5.19419
27	32	5.19419
14	20	5.18
0	10	-4.99817
10	16	4.80138
9	10	-4.78643
8	11	-4.78643
12	26	4.78161
16	22	4.75781
16	34	4.71536
12	15	4.61898
13	14	4.61898
2	14	4.42068
6	12	-4.40964
27	37	4.31587
9	28	4.03233
8	29	4.03233
18	26	3.98794
22	26	3.91557
4	10	3.82942
3	27	-3.64876
6	26	3.63432
24	34	-3.60356
16	36	3.46983
10	12	-3.45425
4	6	3.31184
29	35	-3.17121
20	34	-3.04769
11	15	3.02736
8	26	2.90057
2	6	-2.86742
7	9	2.84389
6	16	-2.81624
12	28	2.73425
2	11	2.62005
3	10	2.62005
26	32	2.5971
8	10	-2.39321
12	14	2.30949
26	37	2.15793
27	36	2.15793
8	28	2.01616
3	26	-1.82438
2	27	-1.82438
11	31	-1.77435
28	35	-1.58561
29	34	-1.58561
10	15	1.51368
11	14	1.51368
3	29	-1.4782
6	9	1.42194
7	8	1.42194
2	10	1.31002
26	36	1.07897
2	26	-0.91219
11	30	-0.887175
10	31	-0.887175
9	15	-0.879769
28	34	-0.792803
10	14	0.75684
3	28	-0.739101
2	29	-0.739101
6	8	0.710971
10	30	-0.443588
8	15	-0.439885
9	14	-0.439885
2	28	-0.369551
8	14	-0.219942
