9	21	246.751
7	35	210.41
1	9	201.08
16	17	188.296
15	23	185.771
3	23	180.462
3	15	175.07
1	21	174.505
5	7	162.279
5	35	153.733
27	31	151.251
20	21	150.73
7	37	142.517
7	33	133.581
34	35	133.552
7	11	132.949
33	35	132.71
6	7	130.348
8	9	127.312
13	35	126.1
11	19	125.527
1	35	124.993
27	33	124.663
8	21	123.375
9	20	123.375
0	1	122.424
1	7	117.242
14	15	116.234
1	33	115.233
32	33	115.047
17	31	112.976
30	31	111.967
9	33	110.792
17	27	109.076
22	23	108.292
7	34	105.205
6	35	105.205
5	33	102.988
31	33	102.974
19	25	102.082
35	37	101.629
1	8	100.54
0	9	100.54
5	11	100.464
7	19	100.086
7	9	99.8044
1	23	96.7942
7	21	96.4239
36	37	95.8616
26	27	95.1447
2	3	94.275
21	33	93.9978
15	22	92.8857
14	23	92.8857
5	29	92.6099
9	35	91.0254
2	23	90.2308
3	22	90.2308
7	23	90.0617
23	35	89.1926
4	5	87.9156
2	15	87.5348
3	14	87.5348
1	20	87.2524
0	21	87.2524
7	13	87.1831
23	33	87.1178
3	33	86.1236
11	35	85.5653
12	13	85.1421
5	13	84.5204
5	9	83.3785
5	6	81.1393
4	7	81.1393
11	25	80.9439
1	13	80.7741
13	37	80.5815
5	19	79.9418
13	29	79.3926
21	35	79.3336
28	29	78.7278
5	23	78.7026
10	11	78.5837
5	25	77.3202
3	7	77.2262
4	35	76.8664
5	34	76.8664
13	21	76.7152
1	3	76.6604
13	25	75.7682
25	29	75.6368
27	30	75.6257
26	31	75.6257
9	13	75.1935
18	19	74.3365
5	21	73.4859
19	35	73.2483
7	15	72.5102
1	5	72.0752
6	37	71.2586
7	36	71.2586
3	35	71.2442
3	5	70.8284
5	37	70.7242
1	15	70.0565
5	15	69.4685
7	31	69.3795
7	25	67.6561
7	32	66.7907
6	33	66.7907
7	27	66.7813
7	10	66.4746
6	11	66.4746
32	35	66.3552
33	34	66.3552
1	37	65.4367
31	35	65.0949
11	33	63.5562
12	35	63.0502
13	34	63.0502
15	35	62.9402
11	18	62.7637
10	19	62.7637
0	35	62.4963
1	34	62.4963
26	33	62.3315
27	32	62.3315
25	35	61.7798
8	20	61.6876
27	35	59.9797
1	6	58.6211
0	7	58.6211
15	33	58.5803
24	25	57.8106
13	33	57.7685
9	23	57.7681
1	32	57.6166
0	33	57.6166
17	30	56.488
16	31	56.488
29	35	55.6644
9	32	55.396
8	33	55.396
17	26	54.5378
16	27	54.5378
9	37	54.4968
6	34	52.6025
21	23	52.1294
4	33	51.4941
5	32	51.4941
31	32	51.4872
30	33	51.4872
19	24	51.0408
18	25	51.0408
35	36	50.8145
34	37	50.8145
11	17	50.4623
33	37	50.3608
1	11	50.2899
0	8	50.2701
4	11	50.2318
5	10	50.2318
6	19	50.0432
7	18	50.0432
7	8	49.9022
6	9	49.9022
17	19	49.426
19	23	49.0938
1	22	48.3971
0	23	48.3971
1	19	48.2431
6	21	48.2119
7	20	48.2119
9	11	47.5132
19	29	47.5131
15	25	47.0654
20	33	46.9989
21	32	46.9989
1	17	-46.65
14	22	46.4429
4	29	46.3049
5	28	46.3049
11	21	45.9238
11	27	45.9027
19	33	45.7578
9	34	45.5127
8	35	45.5127
2	22	45.1154
7	22	45.0309
6	23	45.0309
23	34	44.5963
22	35	44.5963
21	29	44.4344
15	19	44.4179
13	23	44.3487
2	14	43.7674
0	20	43.6262
7	12	43.5915
6	13	43.5915
22	33	43.5589
23	32	43.5589
29	33	43.439
25	37	43.2087
3	32	43.0618
2	33	43.0618
11	34	42.7826
10	35	42.7826
11	29	42.4988
13	19	42.3812
23	25	42.341
4	13	42.2602
5	12	42.2602
21	37	42.0834
5	31	41.9939
4	9	41.6892
5	8	41.6892
17	25	41.528
1	25	41.5084
9	17	-41.189
4	6	40.5697
10	25	40.4719
11	24	40.4719
0	13	40.387
1	12	40.387
3	9	40.3596
13	36	40.2908
12	37	40.2908
5	18	39.9709
4	19	39.9709
13	28	39.6963
12	29	39.6963
21	34	39.6668
20	35	39.6668
7	29	39.3684
4	23	39.3513
5	22	39.3513
11	37	39.1977
9	29	38.9565
4	25	38.6601
5	24	38.6601
3	6	38.6131
2	7	38.6131
4	34	38.4332
11	31	38.4045
13	20	38.3576
12	21	38.3576
0	3	38.3302
1	2	38.3302
12	25	37.8841
13	24	37.8841
24	29	37.8184
25	28	37.8184
26	30	37.8129
8	13	37.5968
9	12	37.5968
23	37	36.9171
17	33	36.8741
4	21	36.7429
5	20	36.7429
18	35	36.6242
19	34	36.6242
25	33	36.2888
7	14	36.2551
6	15	36.2551
1	4	36.0376
0	5	36.0376
6	36	35.6293
2	35	35.6221
3	34	35.6221
3	4	35.4142
2	5	35.4142
5	36	35.3621
4	37	35.3621
0	15	35.0283
1	14	35.0283
15	37	34.7585
5	14	34.7342
4	15	34.7342
7	30	34.6897
6	31	34.6897
19	27	34.5047
3	25	33.9643
6	25	33.8281
7	24	33.8281
23	29	33.656
1	27	33.6224
6	32	33.3953
7	26	33.3907
6	27	33.3907
6	10	33.2373
32	34	33.1776
1	36	32.7183
0	37	32.7183
30	35	32.5475
31	34	32.5475
3	37	32.3069
19	21	32.0824
9	19	31.9142
11	32	31.7781
10	33	31.7781
3	13	31.7232
12	34	31.5251
14	35	31.4701
15	34	31.4701
11	13	31.4057
10	18	31.3818
0	34	31.2482
26	32	31.1657
24	35	30.8899
25	34	30.8899
5	27	30.6752
3	19	30.4311
26	35	29.9899
27	34	29.9899
3	21	29.6648
11	15	29.6519
0	6	29.3105
14	33	29.2902
15	32	29.2902
13	32	28.8842
12	33	28.8842
8	23	28.8841
9	22	28.8841
0	32	28.8083
11	23	28.4985
1	31	28.3333
16	30	28.244
28	35	27.8322
29	34	27.8322
8	32	27.698
9	15	27.4667
23	27	27.3895
21	25	27.3673
16	26	27.2689
8	37	27.2484
9	36	27.2484
9	25	26.5206
19	37	26.3172
21	22	26.0647
20	23	26.0647
4	32	25.7471
30	32	25.7436
18	24	25.5204
34	36	25.4073
11	16	25.2311
10	17	25.2311
32	37	25.1804
33	36	25.1804
1	10	25.145
0	11	25.145
4	10	25.1159
6	18	25.0216
6	8	24.9511
16	19	24.713
17	18	24.713
18	23	24.5469
19	22	24.5469
0	22	24.1986
1	18	24.1216
0	19	24.1216
6	20	24.106
17	21	-23.8601
9	10	23.7566
8	11	23.7566
19	28	23.7566
18	29	23.7566
14	25	23.5327
15	24	23.5327
20	32	23.4995
29	37	23.3574
0	17	-23.325
1	16	-23.325
4	28	23.1525
11	20	22.9619
10	21	22.9619
11	26	22.9513
10	27	22.9513
18	33	22.8789
19	32	22.8789
8	34	22.7563
6	22	22.5154
22	34	22.2982
20	29	22.2172
21	28	22.2172
15	18	22.209
14	19	22.209
13	22	22.1743
12	23	22.1743
3	29	22.0668
6	12	21.7958
22	32	21.7794
29	32	21.7195
28	33	21.7195
25	36	21.6043
24	37	21.6043
2	32	21.5309
27	37	21.4756
10	34	21.3913
17	35	-21.2796
10	29	21.2494
11	28	21.2494
12	19	21.1906
13	18	21.1906
23	24	21.1705
22	25	21.1705
4	12	21.1301
20	37	21.0417
21	36	21.0417
4	31	20.997
5	30	20.997
4	8	20.8446
17	24	20.764
16	25	20.764
0	25	20.7542
1	24	20.7542
9	16	-20.5945
8	17	-20.5945
10	24	20.236
0	12	20.1935
3	8	20.1798
2	9	20.1798
12	36	20.1454
17	23	-19.9863
4	18	19.9854
21	27	19.9265
12	28	19.8482
20	34	19.8334
7	28	19.6842
6	29	19.6842
4	22	19.6756
10	37	19.5989
11	36	19.5989
9	28	19.4782
8	29	19.4782
4	24	19.33
2	6	19.3066
10	31	19.2023
11	30	19.2023
12	20	19.1788
0	2	19.1651
12	24	18.942
24	28	18.9092
8	12	18.7984
23	36	18.4586
22	37	18.4586
17	32	18.4371
16	33	18.4371
4	20	18.3715
18	34	18.3121
25	32	18.1444
24	33	18.1444
6	14	18.1275
0	4	18.0188
2	34	17.811
9	31	17.7339
2	4	17.7071
4	36	17.681
0	14	17.5141
15	36	17.3792
14	37	17.3792
4	14	17.3671
6	30	17.3449
18	27	17.2524
19	26	17.2524
2	25	16.9821
3	24	16.9821
6	24	16.914
22	29	16.828
23	28	16.828
0	27	16.8112
1	26	16.8112
6	26	16.6953
0	36	16.3592
30	34	16.2737
17	29	16.2452
25	27	16.2337
3	27	16.1557
2	37	16.1534
3	36	16.1534
19	20	16.0412
18	21	16.0412
8	19	15.9571
9	18	15.9571
10	32	15.889
2	13	15.8616
3	12	15.8616
14	34	15.735
10	13	15.7028
11	12	15.7028
13	27	15.5419
3	11	15.516
24	34	15.4449
4	27	15.3376
5	26	15.3376
27	29	15.2165
3	18	15.2156
2	19	15.2156
26	34	14.9949
3	17	-14.9345
13	15	14.9325
3	20	14.8324
2	21	14.8324
11	14	14.8259
10	15	14.8259
14	32	14.6451
12	32	14.4421
8	22	14.442
11	22	14.2492
10	23	14.2492
1	30	14.1667
0	31	14.1667
1	29	13.9206
28	34	13.9161
8	15	13.7334
9	14	13.7334
23	26	13.6948
22	27	13.6948
20	25	13.6837
21	24	13.6837
8	36	13.6242
9	27	13.4171
8	25	13.2603
9	24	13.2603
18	37	13.1586
19	36	13.1586
20	22	13.0323
3	31	-12.8037
10	16	12.6156
32	36	12.5902
0	10	12.5725
16	18	12.3565
18	22	12.2735
0	18	12.0608
17	20	-11.93
16	21	-11.93
8	10	11.8783
18	28	11.8783
14	24	11.7664
28	37	11.6787
29	36	11.6787
0	16	-11.6625
10	20	11.481
10	26	11.4757
18	32	11.4395
23	31	-11.217
20	28	11.1086
14	18	11.1045
12	22	11.0872
2	29	11.0334
3	28	11.0334
28	32	10.8597
24	36	10.8022
31	37	10.7897
27	36	10.7378
26	37	10.7378
17	34	-10.6398
16	35	-10.6398
10	28	10.6247
12	18	10.5953
22	24	10.5853
20	36	10.5208
4	30	10.4985
16	24	10.382
0	24	10.3771
8	16	-10.2972
2	8	10.0899
17	22	-9.99316
16	23	-9.99316
21	26	9.96325
20	27	9.96325
15	17	9.93205
6	28	9.84211
10	36	9.79943
8	28	9.73911
10	30	9.60113
17	37	-9.36943
22	36	9.22928
16	32	9.21853
24	32	9.0722
9	30	8.86697
8	31	8.86697
14	36	8.68962
18	26	8.62618
2	24	8.49107
22	28	8.414
0	26	8.4056
17	28	8.12262
16	29	8.12262
24	27	8.11686
25	26	8.11686
2	27	8.07785
3	26	8.07785
2	36	8.07672
18	20	8.0206
8	18	7.97856
2	12	7.9308
10	12	7.85141
13	26	7.77097
12	27	7.77097
2	11	7.75798
3	10	7.75798
4	26	7.66879
27	28	7.60825
26	29	7.60825
2	18	7.60778
2	17	-7.46724
3	16	-7.46724
12	15	7.46626
13	14	7.46626
2	20	7.41619
10	14	7.41297
25	31	7.19879
10	22	7.12462
0	30	7.08333
0	29	6.96029
1	28	6.96029
8	14	6.86668
22	26	6.84738
20	24	6.84184
9	26	6.70855
8	27	6.70855
8	24	6.63016
18	36	6.57931
2	31	-6.40187
3	30	-6.40187
5	17	-6.17365
16	20	-5.96502
28	36	5.83935
23	30	-5.6085
22	31	-5.6085
2	28	5.5167
30	37	5.39485
31	36	5.39485
26	36	5.36891
16	34	-5.31989
15	29	5.12113
16	22	-4.99658
20	26	4.98163
15	16	4.96602
14	17	4.96602
17	36	-4.68471
16	37	-4.68471
8	30	4.43348
16	28	4.06131
24	26	4.05843
2	26	4.03892
12	26	3.88549
2	10	3.87899
26	28	3.80413
2	16	-3.73362
12	14	3.73313
25	30	3.59939
24	31	3.59939
0	28	3.48014
8	26	3.35428
2	30	-3.20093
4	17	-3.08683
5	16	-3.08683
22	30	-2.80425
13	31	2.7646
30	36	2.69742
15	28	2.56057
14	29	2.56057
21	31	2.52985
14	16	2.48301
16	36	-2.34236
13	17	-2.14492
24	30	1.7997
4	16	-1.54341
13	30	1.3823
12	31	1.3823
14	28	1.28028
20	31	1.26493
21	30	1.26493
12	17	-1.07246
13	16	-1.07246
15	21	0.746327
12	30	0.69115
20	30	0.632463
12	16	-0.53623
15	27	0.520852
29	31	0.440935
15	20	0.373163
14	21	0.373163
14	27	0.260426
15	26	0.260426
15	31	0.253423
28	31	0.220467
29	30	0.220467
14	20	0.186582
7	17	0.135381
14	26	0.130213
15	30	0.126711
14	31	0.126711
28	30	0.110234
19	31	-0.100863
6	17	0.0676907
7	16	0.0676907
14	30	0.0633557
19	30	-0.0504315
18	31	-0.0504315
6	16	0.0338454
18	30	-0.0252158
