0	1	2
44	45	2
46	47	2
146	147	2
48	49	2
50	51	2
52	53	2
42	43	2
54	55	2
58	59	2
60	61	2
62	63	2
64	65	2
66	67	2
68	69	2
56	57	2
40	41	2
38	39	2
36	37	2
6	7	2
8	9	2
10	11	2
12	13	2
14	15	2
16	17	2
18	19	2
20	21	2
22	23	2
24	25	2
26	27	2
28	29	2
30	31	2
32	33	2
34	35	2
70	71	2
72	73	2
74	75	2
76	77	2
116	117	2
118	119	2
120	121	2
122	123	2
124	125	2
126	127	2
128	129	2
130	131	2
132	133	2
134	135	2
136	137	2
138	139	2
140	141	2
142	143	2
144	145	2
114	115	2
4	5	2
112	113	2
108	109	2
78	79	2
80	81	2
82	83	2
84	85	2
86	87	2
88	89	2
90	91	2
92	93	2
94	95	2
96	97	2
98	99	2
100	101	2
102	103	2
104	105	2
106	107	2
110	111	2
2	3	2
148	149	2
51	93	0.355309
105	117	0.325497
7	31	0.194775
51	92	0.177654
50	93	0.177654
131	149	0.173387
105	116	0.162748
104	117	0.162748
45	127	0.141002
51	53	0.119589
53	93	0.101622
6	31	0.0973875
7	30	0.0973875
50	92	0.0888271
131	148	0.0866937
130	149	0.0866937
104	116	0.0813741
45	126	0.070501
44	127	0.070501
51	52	0.0597946
50	53	0.0597946
3	117	0.0525095
52	93	0.050811
53	92	0.050811
6	30	0.0486937
7	127	0.0454732
93	97	0.0443675
130	148	0.0433469
44	126	0.0352505
50	52	0.0298973
3	116	0.0262548
2	117	0.0262548
52	92	0.0254055
6	127	0.0227366
7	126	0.0227366
51	97	0.022511
92	97	0.0221837
93	96	0.0221837
71	103	0.0216216
105	111	0.021001
81	141	0.0136125
2	116	0.0131274
31	127	0.0117548
17	53	0.0115121
6	126	0.0113683
50	97	0.0112555
51	96	0.0112555
92	96	0.0110919
71	102	0.0108108
70	103	0.0108108
105	110	0.0105005
104	111	0.0105005
11	115	0.00967713
29	109	0.00895696
1	149	0.00870087
49	101	0.00782862
81	140	0.00680624
80	141	0.00680624
33	101	0.00655047
49	145	0.00644355
77	89	0.00607476
30	127	0.00587739
31	126	0.00587739
17	52	0.00575607
16	53	0.00575607
50	96	0.00562776
70	102	0.0054054
104	110	0.00525025
10	115	0.00483857
11	114	0.00483857
29	108	0.00447848
28	109	0.00447848
0	149	0.00435044
1	148	0.00435044
21	93	0.00419898
48	101	0.00391431
49	100	0.00391431
31	137	0.00381375
17	93	0.00359192
77	113	0.00342396
80	140	0.00340312
32	101	0.00327523
33	100	0.00327523
3	105	0.00323983
49	144	0.00322178
48	145	0.00322178
7	45	0.00316259
77	88	0.00303738
76	89	0.00303738
19	25	0.00295106
30	126	0.0029387
16	52	0.00287804
101	145	0.00276208
21	97	0.00266487
10	114	0.00241928
28	108	0.00223924
53	97	0.00219288
0	148	0.00217522
20	93	0.00209949
21	92	0.00209949
73	95	0.00209584
17	51	0.00204924
48	100	0.00195716
30	137	0.00190688
31	136	0.00190688
17	92	0.00179596
16	93	0.00179596
29	41	0.00175181
76	113	0.00171198
77	112	0.00171198
32	100	0.00163762
3	104	0.00161992
2	105	0.00161992
48	144	0.00161089
63	103	0.00158186
7	44	0.0015813
6	45	0.0015813
76	88	0.00151869
103	113	0.00148449
21	47	0.00147915
19	24	0.00147553
18	25	0.00147553
63	71	0.00143391
21	53	0.00142772
101	144	0.00138104
100	145	0.00138104
20	97	0.00133244
21	96	0.00133244
52	97	0.00109644
53	96	0.00109644
20	92	0.00104975
72	95	0.00104792
73	94	0.00104792
16	51	0.00102462
17	50	0.00102462
95	127	0.00098804
30	136	0.000953439
16	92	0.000897979
28	41	0.000875904
29	40	0.000875904
76	112	0.00085599
2	104	0.000809958
63	102	0.00079093
62	103	0.00079093
6	44	0.000790648
47	93	0.000749168
103	112	0.000742245
102	113	0.000742245
21	46	0.000739576
20	47	0.000739576
18	24	0.000737764
62	71	0.000716954
63	70	0.000716954
21	52	0.000713862
20	53	0.000713862
100	144	0.000690519
7	137	0.000682791
17	97	0.00067972
20	96	0.000666218
21	51	0.000616587
52	96	0.000548221
71	95	0.000547962
72	94	0.000523961
16	50	0.000512311
31	45	0.000497005
95	126	0.00049402
94	127	0.00049402
39	147	0.000445085
28	40	0.000437952
9	43	0.000432082
95	131	0.000426534
47	51	0.000417404
63	77	0.000395797
33	129	0.000395685
62	102	0.000395465
71	149	0.000392604
47	92	0.000374584
46	93	0.000374584
1	73	0.000371194
102	112	0.000371122
20	46	0.000369788
62	70	0.000358477
20	52	0.000356931
1	131	0.000353754
35	117	-0.000345395
6	137	0.000341395
7	136	0.000341395
3	113	-0.000341328
17	96	0.00033986
16	97	0.00033986
33	49	0.000331797
39	59	0.000326216
89	113	0.000315557
21	50	0.000308293
20	51	0.000308293
59	147	0.000303548
71	131	0.000291092
35	105	-0.00028339
71	94	0.000273981
70	95	0.000273981
61	147	0.000263413
111	117	0.000262206
30	45	0.000248502
31	44	0.000248502
94	126	0.00024701
7	29	0.000245094
41	109	0.000237373
37	109	0.000236649
47	143	0.000231339
41	91	0.000225449
38	147	0.000222543
39	146	0.000222543
47	53	0.000220433
8	43	0.000216041
9	42	0.000216041
95	130	0.000213267
94	131	0.000213267
46	51	0.000208702
47	50	0.000208702
141	145	-0.000205864
109	127	0.000205616
62	77	0.000197898
63	76	0.000197898
33	128	0.000197842
32	129	0.000197842
71	148	0.000196302
70	149	0.000196302
29	95	0.000192755
59	61	0.000190243
46	92	0.000187292
1	72	0.000185597
0	73	0.000185597
1	130	0.000176877
0	131	0.000176877
35	116	-0.000172698
34	117	-0.000172698
6	136	0.000170698
3	112	-0.000170664
2	113	-0.000170664
16	96	0.00016993
11	89	0.000167714
33	48	0.000165899
32	49	0.000165899
39	58	0.000163108
38	59	0.000163108
89	112	0.000157779
88	113	0.000157779
33	145	0.000157511
103	105	-0.000154861
20	50	0.000154147
59	146	0.000151774
58	147	0.000151774
63	89	0.000149257
73	119	0.000148143
70	131	0.000145546
71	130	0.000145546
35	104	-0.000141695
34	105	-0.000141695
29	133	0.000140328
45	73	0.00013984
29	91	0.000139135
70	94	0.00013699
29	31	0.000132746
29	127	0.000132723
105	113	-0.000132478
61	146	0.000131706
60	147	0.000131706
110	117	0.000131103
111	116	0.000131103
35	113	0.000126412
30	44	0.000124251
6	29	0.000122547
7	28	0.000122547
40	109	0.000118686
41	108	0.000118686
36	109	0.000118324
37	108	0.000118324
46	143	0.000115669
47	142	0.000115669
77	103	0.000113775
40	91	0.000112724
41	90	0.000112724
38	146	0.000111271
47	52	0.000110217
46	53	0.000110217
105	139	-0.000108707
8	42	0.000108021
71	113	0.000107899
94	130	0.000106633
46	50	0.000104351
93	143	0.000104053
141	144	-0.000102932
140	145	-0.000102932
109	126	0.000102808
108	127	0.000102808
62	76	9.89491e-05
32	128	9.89212e-05
70	148	9.81509e-05
28	95	9.63773e-05
29	94	9.63773e-05
58	61	9.51214e-05
59	60	9.51214e-05
0	72	9.27985e-05
0	130	8.84386e-05
34	116	-8.63488e-05
2	112	-8.53319e-05
11	88	8.38569e-05
10	89	8.38569e-05
77	95	8.33573e-05
32	48	8.29493e-05
5	107	8.22458e-05
38	58	8.1554e-05
51	143	8.14828e-05
88	112	7.88893e-05
33	144	7.87555e-05
32	145	7.87555e-05
103	104	-7.74303e-05
102	105	-7.74303e-05
7	77	7.74018e-05
1	95	7.66863e-05
71	105	-7.64999e-05
58	146	7.58871e-05
62	89	7.46285e-05
63	88	7.46285e-05
73	118	7.40714e-05
72	119	7.40714e-05
71	111	-7.36595e-05
70	130	7.27729e-05
83	117	-7.23763e-05
67	75	7.15512e-05
34	104	-7.08474e-05
28	133	7.01642e-05
29	132	7.01642e-05
7	109	6.99344e-05
45	72	6.99202e-05
44	73	6.99202e-05
28	91	6.95676e-05
29	90	6.95676e-05
28	31	6.6373e-05
29	30	6.6373e-05
29	126	6.63616e-05
28	127	6.63616e-05
104	113	-6.62388e-05
105	112	-6.62388e-05
60	146	6.58532e-05
45	95	6.5611e-05
110	116	6.55516e-05
35	112	6.32058e-05
34	113	6.32058e-05
77	127	6.1367e-05
6	28	6.12735e-05
40	108	5.93431e-05
36	108	5.91622e-05
31	77	5.89345e-05
29	137	5.79076e-05
46	142	5.78347e-05
103	111	-5.73809e-05
77	102	5.68873e-05
76	103	5.68873e-05
47	97	5.6493e-05
40	90	5.63622e-05
46	52	5.51084e-05
104	139	-5.43534e-05
105	138	-5.43534e-05
61	143	5.42064e-05
70	113	5.39496e-05
71	112	5.39496e-05
5	137	5.36719e-05
92	143	5.20263e-05
93	142	5.20263e-05
140	144	-5.14659e-05
108	126	5.14041e-05
129	145	5.07214e-05
127	143	5.03637e-05
28	94	4.81887e-05
103	149	4.75712e-05
58	60	4.75607e-05
63	107	4.65536e-05
53	143	4.29625e-05
29	77	4.27673e-05
10	88	4.19284e-05
77	94	4.16786e-05
76	95	4.16786e-05
4	107	4.11229e-05
5	106	4.11229e-05
50	143	4.07414e-05
51	142	4.07414e-05
17	21	4.05625e-05
32	144	3.93778e-05
113	117	-3.87181e-05
102	104	-3.87151e-05
6	77	3.87009e-05
7	76	3.87009e-05
1	94	3.83432e-05
0	95	3.83432e-05
70	105	-3.825e-05
71	104	-3.825e-05
62	88	3.73143e-05
72	118	3.70357e-05
71	110	-3.68298e-05
70	111	-3.68298e-05
82	117	-3.61881e-05
83	116	-3.61881e-05
66	75	3.57756e-05
67	74	3.57756e-05
103	117	-3.57375e-05
31	123	3.56709e-05
3	71	-3.54639e-05
28	132	3.50821e-05
7	108	3.49672e-05
6	109	3.49672e-05
44	72	3.49601e-05
28	90	3.47838e-05
28	30	3.31865e-05
28	126	3.31808e-05
104	112	-3.31194e-05
44	95	3.28055e-05
45	94	3.28055e-05
3	103	-3.17722e-05
34	112	3.16029e-05
31	95	3.09895e-05
73	131	3.0785e-05
76	127	3.06835e-05
77	126	3.06835e-05
31	76	2.94673e-05
30	77	2.94673e-05
73	127	2.94389e-05
47	61	2.92003e-05
28	137	2.89538e-05
29	136	2.89538e-05
102	111	-2.86905e-05
103	110	-2.86905e-05
76	102	2.84436e-05
46	97	2.82465e-05
47	96	2.82465e-05
1	63	2.77821e-05
5	57	2.72032e-05
119	131	2.71909e-05
104	138	-2.71767e-05
61	142	2.71032e-05
60	143	2.71032e-05
70	112	2.69748e-05
4	137	2.6836e-05
5	136	2.6836e-05
92	142	2.60132e-05
1	7	2.58917e-05
95	149	2.56671e-05
129	144	2.53607e-05
128	145	2.53607e-05
126	143	2.51818e-05
127	142	2.51818e-05
47	145	2.4649e-05
102	149	2.37856e-05
103	148	2.37856e-05
63	106	2.32768e-05
62	107	2.32768e-05
77	137	2.24664e-05
63	113	2.24519e-05
21	35	2.15672e-05
53	142	2.14813e-05
52	143	2.14813e-05
28	77	2.13837e-05
29	76	2.13837e-05
76	94	2.08393e-05
65	83	2.06025e-05
4	106	2.05614e-05
50	142	2.03707e-05
16	21	2.02812e-05
17	20	2.02812e-05
112	117	-1.93591e-05
113	116	-1.93591e-05
6	76	1.93505e-05
0	94	1.91716e-05
70	104	-1.9125e-05
35	63	1.87039e-05
91	109	1.86561e-05
70	110	-1.84149e-05
82	116	-1.80941e-05
66	74	1.78878e-05
102	117	-1.78687e-05
103	116	-1.78687e-05
30	123	1.78355e-05
31	122	1.78355e-05
2	71	-1.7732e-05
3	70	-1.7732e-05
6	108	1.74836e-05
35	83	1.73761e-05
59	93	1.73243e-05
44	94	1.64027e-05
1	71	1.64001e-05
3	102	-1.58861e-05
2	103	-1.58861e-05
71	73	1.58368e-05
71	77	1.57447e-05
31	94	1.54947e-05
30	95	1.54947e-05
73	130	1.53925e-05
72	131	1.53925e-05
76	126	1.53417e-05
95	109	1.53186e-05
30	76	1.47336e-05
73	126	1.47194e-05
72	127	1.47194e-05
57	63	1.46289e-05
47	60	1.46001e-05
46	61	1.46001e-05
11	57	1.4571e-05
95	113	1.45578e-05
47	147	1.45573e-05
117	139	-1.45213e-05
28	136	1.44769e-05
127	137	1.44696e-05
102	110	-1.43452e-05
46	96	1.41232e-05
51	127	1.40219e-05
0	63	1.38911e-05
1	62	1.38911e-05
4	57	1.36016e-05
5	56	1.36016e-05
118	131	1.35954e-05
119	130	1.35954e-05
91	133	1.35897e-05
60	142	1.35516e-05
4	136	1.3418e-05
75	131	1.314e-05
83	105	-1.30709e-05
1	6	1.29458e-05
0	7	1.29458e-05
94	149	1.28335e-05
95	148	1.28335e-05
128	144	1.26803e-05
126	142	1.25909e-05
46	145	1.23245e-05
47	144	1.23245e-05
7	95	1.20083e-05
89	103	1.19974e-05
75	119	1.19129e-05
102	148	1.18928e-05
93	127	1.16839e-05
62	106	1.16384e-05
5	109	1.15692e-05
57	77	1.15664e-05
47	127	1.13918e-05
17	59	1.12827e-05
76	137	1.12332e-05
77	136	1.12332e-05
62	113	1.1226e-05
63	112	1.1226e-05
20	35	1.07836e-05
21	34	1.07836e-05
52	142	1.07406e-05
28	76	1.06918e-05
65	82	1.03012e-05
64	83	1.03012e-05
16	20	1.01406e-05
71	139	1.00811e-05
63	73	9.82254e-06
112	116	-9.67953e-06
34	63	9.35197e-06
35	62	9.35197e-06
91	108	9.32805e-06
90	109	9.32805e-06
3	45	-9.16498e-06
1	77	9.01956e-06
102	116	-8.93437e-06
30	122	8.91774e-06
2	70	-8.86598e-06
35	82	8.68805e-06
34	83	8.68805e-06
58	93	8.66213e-06
59	92	8.66213e-06
59	113	8.46611e-06
71	117	-8.37848e-06
0	71	8.20007e-06
1	70	8.20007e-06
41	133	8.15459e-06
91	95	8.11683e-06
2	102	-7.94305e-06
70	73	7.9184e-06
71	72	7.9184e-06
71	76	7.87237e-06
70	77	7.87237e-06
7	27	7.85179e-06
30	94	7.74737e-06
72	130	7.69624e-06
94	109	7.65928e-06
95	108	7.65928e-06
27	77	7.62922e-06
45	143	7.49385e-06
72	126	7.35972e-06
27	109	7.32528e-06
57	62	7.31444e-06
56	63	7.31444e-06
63	95	7.3093e-06
46	60	7.30007e-06
10	57	7.28551e-06
11	56	7.28551e-06
95	112	7.27888e-06
94	113	7.27888e-06
46	147	7.27864e-06
47	146	7.27864e-06
47	105	-7.26167e-06
117	138	-7.26065e-06
116	139	-7.26065e-06
127	136	7.2348e-06
126	137	7.2348e-06
51	126	7.01093e-06
50	127	7.01093e-06
0	62	6.94554e-06
4	56	6.8008e-06
118	130	6.79772e-06
90	133	6.79484e-06
91	132	6.79484e-06
95	103	6.73626e-06
74	131	6.57001e-06
75	130	6.57001e-06
83	104	-6.53545e-06
82	105	-6.53545e-06
0	6	6.47292e-06
94	148	6.41677e-06
107	139	6.35033e-06
46	144	6.16226e-06
53	127	6.01666e-06
6	95	6.00417e-06
7	94	6.00417e-06
89	102	5.99871e-06
88	103	5.99871e-06
75	118	5.95645e-06
74	119	5.95645e-06
93	126	5.84196e-06
92	127	5.84196e-06
5	108	5.7846e-06
4	109	5.7846e-06
56	77	5.78319e-06
57	76	5.78319e-06
47	126	5.69589e-06
46	127	5.69589e-06
115	127	5.68917e-06
17	58	5.64134e-06
16	59	5.64134e-06
76	136	5.6166e-06
62	112	5.61298e-06
29	53	5.59199e-06
31	143	5.57916e-06
20	34	5.39181e-06
11	77	5.35821e-06
7	123	5.2127e-06
51	59	5.20345e-06
64	82	5.15061e-06
71	138	5.04057e-06
70	139	5.04057e-06
113	147	5.03971e-06
62	73	4.91127e-06
63	72	4.91127e-06
11	113	4.71454e-06
97	137	4.67787e-06
34	62	4.67598e-06
90	108	4.66402e-06
7	73	4.61371e-06
3	44	-4.58249e-06
2	45	-4.58249e-06
109	137	4.56813e-06
3	63	-4.53607e-06
1	76	4.50978e-06
0	77	4.50978e-06
77	123	4.46142e-06
34	82	4.34403e-06
58	92	4.33107e-06
35	111	-4.32272e-06
58	113	4.23305e-06
59	112	4.23305e-06
1	103	4.20969e-06
71	116	-4.18924e-06
70	117	-4.18924e-06
0	70	4.10004e-06
41	132	4.07729e-06
40	133	4.07729e-06
90	95	4.05841e-06
91	94	4.05841e-06
70	72	3.9592e-06
70	76	3.93619e-06
77	109	3.92874e-06
6	27	3.9259e-06
7	26	3.9259e-06
45	47	3.84009e-06
94	108	3.82964e-06
27	76	3.81461e-06
26	77	3.81461e-06
3	77	-3.76371e-06
44	143	3.74693e-06
45	142	3.74693e-06
27	73	3.72495e-06
77	149	3.72129e-06
111	113	-3.69912e-06
57	71	3.67705e-06
73	77	3.66515e-06
26	109	3.66264e-06
27	108	3.66264e-06
56	62	3.65722e-06
62	95	3.65465e-06
63	94	3.65465e-06
10	56	3.64276e-06
94	112	3.63944e-06
46	146	3.63932e-06
46	105	-3.63083e-06
47	104	-3.63083e-06
116	138	-3.63032e-06
126	136	3.6174e-06
1	31	3.51306e-06
50	126	3.50546e-06
107	137	3.43941e-06
35	47	3.41367e-06
90	132	3.39742e-06
95	102	3.36813e-06
94	103	3.36813e-06
17	35	3.32903e-06
61	77	3.32061e-06
7	93	3.29875e-06
74	130	3.285e-06
82	104	-3.26773e-06
3	145	-3.26708e-06
75	149	3.24238e-06
11	31	3.21695e-06
73	149	3.21441e-06
107	138	3.17516e-06
106	139	3.17516e-06
35	57	3.14105e-06
49	129	3.12146e-06
3	83	-3.09492e-06
35	77	3.09387e-06
17	29	3.0735e-06
81	145	-3.07117e-06
77	117	-3.05858e-06
52	127	3.00833e-06
53	126	3.00833e-06
35	51	3.00509e-06
6	94	3.00209e-06
88	102	2.99935e-06
91	97	2.99275e-06
77	107	2.98769e-06
74	118	2.97823e-06
7	143	2.96139e-06
11	47	2.94451e-06
92	126	2.92098e-06
4	108	2.8923e-06
56	76	2.8916e-06
46	126	2.84794e-06
115	126	2.84458e-06
114	127	2.84458e-06
61	115	2.83191e-06
16	58	2.82067e-06
28	53	2.796e-06
29	52	2.796e-06
30	143	2.78958e-06
31	142	2.78958e-06
21	33	2.75108e-06
35	89	2.73267e-06
11	76	2.6791e-06
10	77	2.6791e-06
11	127	2.66525e-06
6	123	2.60635e-06
7	122	2.60635e-06
50	59	2.60173e-06
51	58	2.60173e-06
11	137	2.59447e-06
27	127	2.57493e-06
35	93	2.55571e-06
70	138	2.52028e-06
112	147	2.51985e-06
113	146	2.51985e-06
57	89	2.50082e-06
3	35	-2.47329e-06
62	72	2.45564e-06
45	109	2.40933e-06
35	103	2.40038e-06
25	37	2.39541e-06
45	77	2.39379e-06
35	139	2.39351e-06
11	112	2.35727e-06
10	113	2.35727e-06
95	119	2.35088e-06
96	137	2.33893e-06
97	136	2.33893e-06
115	143	2.33688e-06
6	73	2.30686e-06
7	72	2.30686e-06
2	44	-2.29124e-06
108	137	2.28406e-06
109	136	2.28406e-06
97	109	2.2832e-06
2	63	-2.26804e-06
3	62	-2.26804e-06
0	76	2.25489e-06
3	95	-2.25446e-06
7	53	2.25146e-06
77	122	2.23071e-06
76	123	2.23071e-06
35	71	2.22251e-06
47	115	2.17286e-06
35	110	-2.16136e-06
34	111	-2.16136e-06
58	112	2.11653e-06
1	102	2.10485e-06
0	103	2.10485e-06
70	116	-2.09462e-06
47	117	-2.09156e-06
11	91	2.0846e-06
47	77	2.07176e-06
40	132	2.03865e-06
57	109	2.02978e-06
90	94	2.02921e-06
77	105	-2.02888e-06
97	127	2.02871e-06
76	109	1.96437e-06
77	108	1.96437e-06
6	26	1.96295e-06
61	145	1.96087e-06
27	29	1.95333e-06
31	73	1.9255e-06
44	47	1.92004e-06
45	46	1.92004e-06
133	137	1.91815e-06
26	76	1.9073e-06
2	77	-1.88186e-06
3	76	-1.88186e-06
44	142	1.87346e-06
26	73	1.86247e-06
27	72	1.86247e-06
77	148	1.86065e-06
76	149	1.86065e-06
95	115	1.85229e-06
53	109	1.85202e-06
110	113	-1.84956e-06
111	112	-1.84956e-06
56	71	1.83853e-06
57	70	1.83853e-06
72	77	1.83258e-06
73	76	1.83258e-06
35	107	1.83132e-06
26	108	1.83132e-06
62	94	1.82733e-06
57	137	1.82411e-06
46	104	-1.81542e-06
11	95	1.80717e-06
1	30	1.75653e-06
0	31	1.75653e-06
63	149	1.74603e-06
103	131	1.72579e-06
107	136	1.71971e-06
106	137	1.71971e-06
53	59	1.71894e-06
29	51	1.70977e-06
35	46	1.70683e-06
34	47	1.70683e-06
7	51	1.69613e-06
94	102	1.68407e-06
16	35	1.66452e-06
17	34	1.66452e-06
60	77	1.6603e-06
61	76	1.6603e-06
97	143	1.65323e-06
6	93	1.64937e-06
7	92	1.64937e-06
3	144	-1.63354e-06
2	145	-1.63354e-06
75	148	1.62119e-06
74	149	1.62119e-06
11	30	1.60847e-06
10	31	1.60847e-06
73	148	1.6072e-06
72	149	1.6072e-06
117	145	-1.60347e-06
29	93	1.59557e-06
106	138	1.58758e-06
61	105	-1.58556e-06
35	56	1.57052e-06
34	57	1.57052e-06
48	129	1.56073e-06
49	128	1.56073e-06
111	139	-1.54919e-06
2	83	-1.54746e-06
3	82	-1.54746e-06
34	77	1.54694e-06
35	76	1.54694e-06
16	29	1.53675e-06
17	28	1.53675e-06
81	144	-1.53559e-06
80	145	-1.53559e-06
77	116	-1.52929e-06
76	117	-1.52929e-06
3	111	1.52889e-06
7	81	-1.51178e-06
31	115	1.51172e-06
9	139	1.51008e-06
52	126	1.50417e-06
35	50	1.50255e-06
34	51	1.50255e-06
89	137	1.50171e-06
35	141	-1.49847e-06
61	113	1.49825e-06
90	97	1.49638e-06
91	96	1.49638e-06
77	106	1.49384e-06
76	107	1.49384e-06
89	107	1.48378e-06
7	142	1.48069e-06
6	143	1.48069e-06
10	47	1.47226e-06
11	46	1.47226e-06
57	107	1.4651e-06
55	103	1.45888e-06
65	117	-1.44799e-06
114	126	1.42229e-06
59	89	1.41915e-06
11	143	1.41611e-06
61	114	1.41595e-06
60	115	1.41595e-06
28	52	1.398e-06
35	97	1.39574e-06
30	142	1.39479e-06
57	113	1.38087e-06
21	32	1.37554e-06
20	33	1.37554e-06
35	88	1.36634e-06
34	89	1.36634e-06
31	93	1.35193e-06
10	76	1.33955e-06
107	117	-1.33277e-06
10	127	1.33263e-06
11	126	1.33263e-06
47	109	1.32083e-06
113	149	1.30735e-06
95	137	1.3064e-06
6	122	1.30318e-06
50	58	1.30086e-06
11	136	1.29723e-06
10	137	1.29723e-06
27	126	1.28746e-06
26	127	1.28746e-06
21	109	1.28471e-06
34	93	1.27786e-06
35	92	1.27786e-06
37	111	-1.27322e-06
112	146	1.25993e-06
1	123	1.25792e-06
56	89	1.25041e-06
57	88	1.25041e-06
2	35	-1.23665e-06
3	34	-1.23665e-06
115	131	1.21939e-06
44	109	1.20466e-06
45	108	1.20466e-06
77	131	1.20103e-06
35	102	1.20019e-06
34	103	1.20019e-06
25	36	1.19771e-06
24	37	1.19771e-06
44	77	1.19689e-06
45	76	1.19689e-06
34	139	1.19676e-06
35	138	1.19676e-06
10	112	1.17864e-06
95	118	1.17544e-06
94	119	1.17544e-06
43	71	1.17482e-06
123	127	1.17062e-06
96	136	1.16947e-06
114	143	1.16844e-06
115	142	1.16844e-06
113	131	1.15892e-06
6	72	1.15343e-06
108	136	1.14203e-06
96	109	1.1416e-06
97	108	1.1416e-06
77	115	1.13816e-06
41	137	1.13655e-06
2	62	-1.13402e-06
19	109	1.12989e-06
73	91	1.12958e-06
2	95	-1.12723e-06
3	94	-1.12723e-06
6	53	1.12573e-06
7	52	1.12573e-06
76	122	1.11535e-06
35	70	1.11126e-06
34	71	1.11126e-06
51	77	1.10284e-06
27	97	1.08796e-06
46	115	1.08643e-06
47	114	1.08643e-06
3	73	-1.0815e-06
34	110	-1.08068e-06
63	117	-1.05794e-06
35	81	-1.05709e-06
0	102	1.05242e-06
143	145	1.05237e-06
47	116	-1.04578e-06
46	117	-1.04578e-06
10	91	1.0423e-06
11	90	1.0423e-06
46	77	1.03588e-06
47	76	1.03588e-06
67	149	1.03284e-06
107	109	1.03217e-06
29	37	1.03209e-06
101	129	1.0276e-06
57	108	1.01489e-06
56	109	1.01489e-06
77	104	-1.01444e-06
76	105	-1.01444e-06
97	126	1.01435e-06
96	127	1.01435e-06
69	85	1.01034e-06
19	37	9.8572e-07
76	108	9.82186e-07
60	145	9.80436e-07
61	144	9.80436e-07
26	29	9.76664e-07
27	28	9.76664e-07
47	113	9.71142e-07
47	59	9.68328e-07
31	72	9.62749e-07
30	73	9.62749e-07
44	46	9.60021e-07
133	136	9.59075e-07
132	137	9.59075e-07
15	123	9.56256e-07
2	76	-9.40928e-07
26	72	9.31237e-07
76	148	9.30323e-07
94	115	9.26144e-07
95	114	9.26144e-07
53	108	9.26008e-07
52	109	9.26008e-07
110	112	-9.24779e-07
56	70	9.19263e-07
72	76	9.16288e-07
35	106	9.15662e-07
34	107	9.15662e-07
51	109	9.13092e-07
57	136	9.12054e-07
56	137	9.12054e-07
63	137	9.05182e-07
11	94	9.03586e-07
10	95	9.03586e-07
3	131	-8.92762e-07
0	30	8.78265e-07
111	115	-8.74987e-07
63	148	8.73016e-07
62	149	8.73016e-07
81	109	-8.72293e-07
103	130	8.62897e-07
102	131	8.62897e-07
106	136	8.59854e-07
53	58	8.59469e-07
52	59	8.59469e-07
28	51	8.54885e-07
29	50	8.54885e-07
34	46	8.53417e-07
17	63	8.53076e-07
7	50	8.48067e-07
6	51	8.48067e-07
47	111	-8.40088e-07
16	34	8.32258e-07
60	76	8.30152e-07
96	143	8.26614e-07
97	142	8.26614e-07
6	92	8.24687e-07
47	89	8.204e-07
19	57	8.16979e-07
2	144	-8.16769e-07
74	148	8.10594e-07
103	139	8.08174e-07
10	30	8.04237e-07
72	148	8.03602e-07
117	144	-8.01737e-07
116	145	-8.01737e-07
28	93	7.97785e-07
29	92	7.97785e-07
57	103	7.94208e-07
60	105	-7.92778e-07
61	104	-7.92778e-07
11	111	-7.91326e-07
3	81	7.90871e-07
34	56	7.85262e-07
48	128	7.80365e-07
110	139	-7.74594e-07
111	138	-7.74594e-07
2	82	-7.73729e-07
34	76	7.73468e-07
1	29	7.72431e-07
7	47	7.69142e-07
16	28	7.68374e-07
80	144	-7.67793e-07
76	116	-7.64646e-07
3	110	7.64447e-07
2	111	7.64447e-07
29	97	7.64036e-07
6	81	-7.55892e-07
7	80	-7.55892e-07
31	114	7.55861e-07
30	115	7.55861e-07
8	139	7.55042e-07
9	138	7.55042e-07
34	50	7.51273e-07
88	137	7.50853e-07
89	136	7.50853e-07
35	140	-7.49236e-07
34	141	-7.49236e-07
60	113	7.49127e-07
61	112	7.49127e-07
90	96	7.48188e-07
76	106	7.46922e-07
27	89	7.43481e-07
88	107	7.41891e-07
89	106	7.41891e-07
6	142	7.40347e-07
31	53	7.39451e-07
10	46	7.36128e-07
29	73	7.34569e-07
56	107	7.32549e-07
57	106	7.32549e-07
35	145	7.31116e-07
54	103	7.29441e-07
55	102	7.29441e-07
35	53	7.28565e-07
64	117	-7.23993e-07
65	116	-7.23993e-07
49	105	-7.15243e-07
83	141	-7.14633e-07
59	88	7.09577e-07
58	89	7.09577e-07
10	143	7.08054e-07
11	142	7.08054e-07
60	114	7.07977e-07
45	51	7.03628e-07
35	96	6.97868e-07
34	97	6.97868e-07
45	81	-6.97376e-07
59	97	6.91874e-07
81	83	-6.91727e-07
105	145	-6.90566e-07
56	113	6.90437e-07
57	112	6.90437e-07
20	32	6.87769e-07
34	88	6.83169e-07
30	93	6.75966e-07
31	92	6.75966e-07
107	116	-6.66385e-07
106	117	-6.66385e-07
10	126	6.66313e-07
1	45	6.65587e-07
47	108	6.60416e-07
46	109	6.60416e-07
113	148	6.53674e-07
112	149	6.53674e-07
95	136	6.53198e-07
94	137	6.53198e-07
11	61	6.50671e-07
10	136	6.48617e-07
27	91	6.47998e-07
29	45	6.45768e-07
26	126	6.43732e-07
21	108	6.42356e-07
20	109	6.42356e-07
34	92	6.38928e-07
35	49	6.38662e-07
21	49	6.38247e-07
31	51	6.37737e-07
37	110	-6.36609e-07
36	111	-6.36609e-07
89	127	6.30501e-07
0	123	6.2896e-07
1	122	6.2896e-07
49	117	-6.27271e-07
77	97	6.26162e-07
56	88	6.25206e-07
107	119	6.24764e-07
29	89	6.2412e-07
5	97	6.19146e-07
2	34	-6.18324e-07
13	121	6.13722e-07
41	95	6.1292e-07
7	115	6.12341e-07
114	131	6.09695e-07
115	130	6.09695e-07
95	97	6.04628e-07
91	113	6.03146e-07
44	108	6.02332e-07
77	130	6.00515e-07
76	131	6.00515e-07
34	102	6.00096e-07
24	36	5.98854e-07
44	76	5.98447e-07
34	138	5.98379e-07
91	137	5.95317e-07
17	143	5.90704e-07
94	118	5.87719e-07
42	71	5.87408e-07
43	70	5.87408e-07
123	126	5.85311e-07
122	127	5.85311e-07
114	142	5.8422e-07
59	143	5.82183e-07
59	77	5.8016e-07
113	130	5.79462e-07
112	131	5.79462e-07
11	103	5.72183e-07
96	108	5.70801e-07
76	115	5.69082e-07
77	114	5.69082e-07
40	137	5.68276e-07
41	136	5.68276e-07
19	108	5.64945e-07
18	109	5.64945e-07
72	91	5.64792e-07
73	90	5.64792e-07
2	94	-5.63614e-07
31	89	5.63473e-07
6	52	5.62865e-07
1	127	5.61998e-07
17	77	5.59493e-07
57	91	5.58703e-07
34	70	5.55628e-07
83	107	5.53183e-07
51	76	5.51422e-07
50	77	5.51422e-07
31	109	5.46776e-07
26	97	5.43979e-07
27	96	5.43979e-07
46	114	5.43214e-07
2	73	-5.40749e-07
3	72	-5.40749e-07
5	77	5.31477e-07
67	131	5.29749e-07
63	116	-5.28971e-07
62	117	-5.28971e-07
34	81	-5.28547e-07
35	80	-5.28547e-07
143	144	5.26186e-07
142	145	5.26186e-07
46	116	-5.22891e-07
10	90	5.21149e-07
46	76	5.17939e-07
73	137	5.17729e-07
67	148	5.16421e-07
66	149	5.16421e-07
107	108	5.16083e-07
106	109	5.16083e-07
28	37	5.16047e-07
29	36	5.16047e-07
100	129	5.138e-07
101	128	5.138e-07
29	113	5.12577e-07
3	107	-5.11716e-07
123	137	5.11305e-07
56	108	5.07445e-07
76	104	-5.0722e-07
96	126	5.07177e-07
63	119	5.06394e-07
68	85	5.0517e-07
69	84	5.0517e-07
133	149	5.02743e-07
109	141	-4.99809e-07
67	103	4.95693e-07
109	113	4.93318e-07
19	36	4.9286e-07
18	37	4.9286e-07
60	144	4.90218e-07
26	28	4.88332e-07
47	49	4.87065e-07
46	113	4.85571e-07
47	112	4.85571e-07
46	59	4.84164e-07
47	58	4.84164e-07
30	72	4.81375e-07
132	136	4.79538e-07
14	123	4.78128e-07
15	122	4.78128e-07
57	95	4.71074e-07
93	137	4.70624e-07
119	149	4.66389e-07
89	115	4.6613e-07
94	114	4.63072e-07
52	108	4.63004e-07
17	47	4.62614e-07
53	137	4.58484e-07
39	61	4.58277e-07
34	106	4.57831e-07
29	143	4.57151e-07
51	108	4.56546e-07
50	109	4.56546e-07
56	136	4.56027e-07
62	137	4.52591e-07
63	136	4.52591e-07
73	83	4.52337e-07
10	94	4.51793e-07
7	89	4.50503e-07
7	11	4.46953e-07
2	131	-4.46381e-07
3	130	-4.46381e-07
57	117	-4.44751e-07
111	114	-4.37493e-07
110	115	-4.37493e-07
49	143	4.37307e-07
62	148	4.36508e-07
81	108	-4.36147e-07
80	109	-4.36147e-07
102	130	4.31449e-07
52	58	4.29735e-07
28	50	4.27442e-07
16	63	4.26538e-07
17	62	4.26538e-07
6	50	4.24034e-07
61	65	4.20453e-07
46	111	-4.20044e-07
47	110	-4.20044e-07
127	131	4.15643e-07
96	142	4.13307e-07
11	29	4.11344e-07
47	88	4.102e-07
46	89	4.102e-07
19	56	4.0849e-07
18	57	4.0849e-07
113	127	4.05842e-07
103	138	4.04087e-07
102	139	4.04087e-07
116	144	-4.00868e-07
28	92	3.98892e-07
57	102	3.97104e-07
56	103	3.97104e-07
60	104	-3.96389e-07
10	111	-3.95663e-07
11	110	-3.95663e-07
2	81	3.95436e-07
3	80	3.95436e-07
110	138	-3.87297e-07
0	29	3.86216e-07
1	28	3.86216e-07
6	47	3.84571e-07
7	46	3.84571e-07
2	110	3.82224e-07
29	96	3.82018e-07
28	97	3.82018e-07
89	123	3.81329e-07
6	80	-3.77946e-07
30	114	3.77931e-07
8	138	3.77521e-07
51	101	3.75742e-07
88	136	3.75427e-07
34	140	-3.74618e-07
60	112	3.74564e-07
71	75	3.72783e-07
26	89	3.71741e-07
27	88	3.71741e-07
88	106	3.70945e-07
31	52	3.69726e-07
30	53	3.69726e-07
45	53	3.69283e-07
28	73	3.67285e-07
29	72	3.67285e-07
56	106	3.66274e-07
35	144	3.65558e-07
34	145	3.65558e-07
54	102	3.64721e-07
35	52	3.64282e-07
34	53	3.64282e-07
64	116	-3.61996e-07
71	119	3.58288e-07
48	105	-3.57622e-07
49	104	-3.57622e-07
82	141	-3.57316e-07
83	140	-3.57316e-07
58	88	3.54788e-07
10	142	3.54027e-07
44	51	3.51814e-07
45	50	3.51814e-07
51	95	3.5069e-07
97	107	3.49007e-07
34	96	3.48934e-07
44	81	-3.48688e-07
45	80	-3.48688e-07
27	137	3.48418e-07
58	97	3.45937e-07
59	96	3.45937e-07
80	83	-3.45863e-07
81	82	-3.45863e-07
89	117	-3.45843e-07
104	145	-3.45283e-07
105	144	-3.45283e-07
56	112	3.45219e-07
77	93	3.42432e-07
7	141	-3.42228e-07
77	133	3.39644e-07
17	109	3.38019e-07
30	92	3.37983e-07
73	113	3.35004e-07
106	116	-3.33192e-07
0	45	3.32794e-07
1	44	3.32794e-07
46	108	3.30208e-07
112	148	3.26837e-07
94	136	3.26599e-07
37	119	3.261e-07
9	119	3.25651e-07
11	60	3.25336e-07
10	61	3.25336e-07
27	90	3.23999e-07
26	91	3.23999e-07
7	149	3.23018e-07
29	44	3.22884e-07
28	45	3.22884e-07
20	108	3.21178e-07
57	105	-3.20249e-07
34	49	3.19331e-07
35	48	3.19331e-07
20	49	3.19123e-07
21	48	3.19123e-07
31	50	3.18869e-07
30	51	3.18869e-07
36	110	-3.18305e-07
25	109	3.17335e-07
89	126	3.1525e-07
88	127	3.1525e-07
45	115	3.1475e-07
0	122	3.1448e-07
49	116	-3.13635e-07
48	117	-3.13635e-07
77	96	3.13081e-07
76	97	3.13081e-07
106	119	3.12382e-07
107	118	3.12382e-07
29	88	3.1206e-07
28	89	3.1206e-07
29	131	3.10403e-07
4	97	3.09573e-07
5	96	3.09573e-07
45	141	-3.09261e-07
93	95	3.08914e-07
13	120	3.06861e-07
12	121	3.06861e-07
41	94	3.0646e-07
40	95	3.0646e-07
7	114	3.06171e-07
6	115	3.06171e-07
114	130	3.04848e-07
95	96	3.02314e-07
94	97	3.02314e-07
91	112	3.01573e-07
90	113	3.01573e-07
76	130	3.00258e-07
91	136	2.97659e-07
90	137	2.97659e-07
31	131	2.97653e-07
16	143	2.95352e-07
17	142	2.95352e-07
105	147	-2.94984e-07
42	70	2.93704e-07
122	126	2.92655e-07
58	143	2.91092e-07
59	142	2.91092e-07
59	76	2.9008e-07
58	77	2.9008e-07
93	109	2.89954e-07
112	130	2.89731e-07
17	137	2.8904e-07
11	102	2.86091e-07
10	103	2.86091e-07
76	114	2.84541e-07
71	115	2.84301e-07
40	136	2.84138e-07
18	108	2.82472e-07
72	90	2.82396e-07
81	127	-2.8201e-07
31	88	2.81737e-07
30	89	2.81737e-07
1	126	2.80999e-07
0	127	2.80999e-07
17	76	2.79746e-07
16	77	2.79746e-07
57	90	2.79351e-07
56	91	2.79351e-07
11	71	2.76646e-07
82	107	2.76591e-07
83	106	2.76591e-07
50	76	2.75711e-07
31	108	2.73388e-07
30	109	2.73388e-07
26	96	2.7199e-07
17	91	2.71707e-07
2	72	-2.70374e-07
5	76	2.65738e-07
4	77	2.65738e-07
63	127	2.65635e-07
67	130	2.64874e-07
66	131	2.64874e-07
62	116	-2.64485e-07
34	80	-2.64274e-07
17	83	2.63894e-07
142	144	2.63093e-07
45	131	2.61856e-07
72	137	2.58864e-07
73	136	2.58864e-07
71	127	2.58662e-07
66	148	2.5821e-07
106	108	2.58041e-07
28	36	2.58023e-07
100	128	2.569e-07
29	112	2.56289e-07
28	113	2.56289e-07
35	109	2.56219e-07
2	107	-2.55858e-07
3	106	-2.55858e-07
122	137	2.55652e-07
123	136	2.55652e-07
63	118	2.53197e-07
62	119	2.53197e-07
68	84	2.52585e-07
45	93	2.52392e-07
51	137	2.51394e-07
132	149	2.51371e-07
133	148	2.51371e-07
108	141	-2.49904e-07
109	140	-2.49904e-07
13	145	2.48669e-07
67	102	2.47846e-07
66	103	2.47846e-07
109	112	2.46659e-07
108	113	2.46659e-07
18	36	2.4643e-07
27	95	2.45614e-07
47	48	2.43532e-07
46	49	2.43532e-07
46	112	2.42785e-07
21	145	2.42669e-07
46	58	2.42082e-07
113	145	2.40904e-07
14	122	2.39064e-07
7	63	2.38505e-07
21	143	2.38303e-07
3	139	-2.37208e-07
56	95	2.35537e-07
57	94	2.35537e-07
92	137	2.35312e-07
93	136	2.35312e-07
7	97	2.34505e-07
119	148	2.33195e-07
118	149	2.33195e-07
88	115	2.33065e-07
89	114	2.33065e-07
3	149	-2.31424e-07
21	101	2.31421e-07
16	47	2.31307e-07
17	46	2.31307e-07
31	47	2.31242e-07
89	95	2.30485e-07
63	97	2.3048e-07
53	136	2.29242e-07
52	137	2.29242e-07
39	60	2.29139e-07
38	61	2.29139e-07
1	89	2.28859e-07
29	142	2.28576e-07
28	143	2.28576e-07
25	57	2.28325e-07
50	108	2.28273e-07
65	105	-2.28203e-07
62	136	2.26295e-07
72	83	2.26169e-07
73	82	2.26169e-07
6	89	2.25252e-07
7	88	2.25252e-07
7	10	2.23476e-07
6	11	2.23476e-07
2	130	-2.23191e-07
56	117	-2.22376e-07
57	116	-2.22376e-07
110	114	-2.18747e-07
49	142	2.18653e-07
48	143	2.18653e-07
80	108	-2.18073e-07
51	145	2.17485e-07
16	62	2.13269e-07
37	41	2.10506e-07
60	65	2.10226e-07
61	64	2.10226e-07
46	110	-2.10022e-07
73	109	2.09631e-07
127	130	2.07821e-07
126	131	2.07821e-07
10	29	2.05672e-07
11	28	2.05672e-07
27	45	2.05247e-07
46	88	2.051e-07
18	56	2.04245e-07
113	126	2.02921e-07
112	127	2.02921e-07
53	95	2.02113e-07
102	138	2.02044e-07
51	113	2.0101e-07
56	102	1.98552e-07
10	110	-1.97831e-07
2	80	1.97718e-07
27	57	1.94102e-07
7	131	1.933e-07
0	28	1.93108e-07
11	63	1.92685e-07
6	46	1.92285e-07
28	96	1.91009e-07
77	143	1.9094e-07
89	122	1.90665e-07
88	123	1.90665e-07
7	113	1.89744e-07
103	115	1.89477e-07
29	123	1.88864e-07
51	100	1.87871e-07
50	101	1.87871e-07
89	147	1.87394e-07
83	145	1.86866e-07
70	75	1.86391e-07
71	74	1.86391e-07
26	88	1.8587e-07
61	117	-1.85525e-07
77	91	1.85437e-07
21	137	1.85312e-07
30	52	1.84863e-07
44	53	1.84642e-07
45	52	1.84642e-07
28	72	1.83642e-07
59	101	1.83145e-07
34	144	1.82779e-07
34	52	1.82141e-07
81	117	1.81852e-07
3	127	-1.81848e-07
71	118	1.79144e-07
70	119	1.79144e-07
48	104	-1.78811e-07
45	145	1.78673e-07
82	140	-1.78658e-07
57	83	1.7836e-07
91	131	1.77723e-07
44	50	1.75907e-07
51	94	1.75345e-07
50	95	1.75345e-07
97	106	1.74503e-07
96	107	1.74503e-07
44	80	-1.74344e-07
27	136	1.74209e-07
26	137	1.74209e-07
27	31	1.73142e-07
58	96	1.72968e-07
80	82	-1.72932e-07
88	117	-1.72922e-07
89	116	-1.72922e-07
104	144	-1.72641e-07
35	59	1.722e-07
76	93	1.71216e-07
77	92	1.71216e-07
7	140	-1.71114e-07
6	141	-1.71114e-07
115	149	1.70357e-07
76	133	1.69822e-07
77	132	1.69822e-07
16	109	1.69009e-07
17	108	1.69009e-07
63	139	1.687e-07
73	112	1.67502e-07
72	113	1.67502e-07
89	97	1.67078e-07
0	44	1.66397e-07
31	149	1.64437e-07
73	97	1.64216e-07
37	118	1.6305e-07
36	119	1.6305e-07
8	119	1.62826e-07
9	118	1.62826e-07
10	60	1.62668e-07
26	90	1.61999e-07
7	148	1.61509e-07
6	149	1.61509e-07
28	44	1.61442e-07
49	121	1.61434e-07
57	104	-1.60125e-07
56	105	-1.60125e-07
34	48	1.59665e-07
20	48	1.59562e-07
30	50	1.59434e-07
3	47	-1.58846e-07
24	109	1.58668e-07
25	108	1.58668e-07
63	131	1.58485e-07
91	115	1.58002e-07
88	126	1.57625e-07
31	113	1.57508e-07
45	114	1.57375e-07
44	115	1.57375e-07
48	116	-1.56818e-07
76	96	1.5654e-07
106	118	1.56191e-07
28	88	1.5603e-07
28	131	1.55201e-07
29	130	1.55201e-07
4	96	1.54786e-07
44	141	-1.54631e-07
45	140	-1.54631e-07
93	94	1.54457e-07
92	95	1.54457e-07
61	89	1.54018e-07
12	120	1.53431e-07
40	94	1.5323e-07
6	114	1.53085e-07
97	101	1.52731e-07
11	105	-1.52004e-07
94	96	1.51157e-07
90	112	1.50787e-07
71	89	1.50271e-07
45	117	-1.50204e-07
90	136	1.48829e-07
30	131	1.48826e-07
31	130	1.48826e-07
16	142	1.47676e-07
104	147	-1.47492e-07
105	146	-1.47492e-07
77	81	-1.47102e-07
58	142	1.45546e-07
58	76	1.4504e-07
93	108	1.44977e-07
92	109	1.44977e-07
17	136	1.4452e-07
16	137	1.4452e-07
10	102	1.43046e-07
11	45	1.42984e-07
113	115	1.42162e-07
71	114	1.42151e-07
70	115	1.42151e-07
45	61	1.41952e-07
11	27	1.41729e-07
80	127	-1.41005e-07
81	126	-1.41005e-07
30	88	1.40868e-07
0	126	1.405e-07
93	101	1.40484e-07
7	103	1.40465e-07
16	76	1.39873e-07
56	90	1.39676e-07
29	115	1.3936e-07
11	70	1.38323e-07
10	71	1.38323e-07
82	106	1.38296e-07
55	57	1.37403e-07
73	107	1.36824e-07
30	108	1.36694e-07
49	61	1.36375e-07
17	90	1.35854e-07
16	91	1.35854e-07
29	71	1.35306e-07
111	147	-1.33965e-07
105	115	-1.33305e-07
4	76	1.32869e-07
62	127	1.32818e-07
63	126	1.32818e-07
66	130	1.32437e-07
17	82	1.31947e-07
16	83	1.31947e-07
44	131	1.30928e-07
45	130	1.30928e-07
3	57	-1.30514e-07
72	136	1.29432e-07
71	126	1.29331e-07
70	127	1.29331e-07
28	112	1.28144e-07
35	108	1.2811e-07
34	109	1.2811e-07
2	106	-1.27929e-07
122	136	1.27826e-07
17	113	1.27391e-07
62	118	1.26599e-07
44	93	1.26196e-07
45	92	1.26196e-07
50	137	1.25697e-07
51	136	1.25697e-07
132	148	1.25686e-07
108	140	-1.24952e-07
119	127	1.24742e-07
63	105	-1.24536e-07
12	145	1.24335e-07
13	144	1.24335e-07
66	102	1.23923e-07
108	112	1.23329e-07
27	94	1.22807e-07
26	95	1.22807e-07
49	83	1.22546e-07
46	48	1.21766e-07
21	144	1.21335e-07
20	145	1.21335e-07
113	144	1.20452e-07
112	145	1.20452e-07
7	62	1.19252e-07
6	63	1.19252e-07
21	142	1.19152e-07
20	143	1.19152e-07
2	139	-1.18604e-07
3	138	-1.18604e-07
56	94	1.17769e-07
89	109	1.1769e-07
92	136	1.17656e-07
7	96	1.17252e-07
6	97	1.17252e-07
118	148	1.16597e-07
88	114	1.16532e-07
109	143	1.16203e-07
2	149	-1.15712e-07
3	148	-1.15712e-07
21	100	1.1571e-07
20	101	1.1571e-07
16	46	1.15654e-07
30	47	1.15621e-07
31	46	1.15621e-07
5	89	1.15596e-07
73	81	-1.15263e-07
89	94	1.15243e-07
88	95	1.15243e-07
62	97	1.1524e-07
63	96	1.1524e-07
43	131	1.15042e-07
52	136	1.14621e-07
38	60	1.14569e-07
1	88	1.1443e-07
0	89	1.1443e-07
28	142	1.14288e-07
41	131	1.14248e-07
25	56	1.14163e-07
24	57	1.14163e-07
64	105	-1.14102e-07
65	104	-1.14102e-07
72	82	1.13084e-07
6	88	1.12626e-07
6	10	1.11738e-07
56	116	-1.11188e-07
63	93	1.10965e-07
11	35	1.10414e-07
48	142	1.09327e-07
50	145	1.08742e-07
51	144	1.08742e-07
41	57	1.08427e-07
145	147	1.08218e-07
11	147	1.0803e-07
51	89	1.06799e-07
37	40	1.05253e-07
36	41	1.05253e-07
60	64	1.05113e-07
73	108	1.04816e-07
72	109	1.04816e-07
7	17	1.04131e-07
49	139	1.04074e-07
126	130	1.03911e-07
41	119	1.03689e-07
10	28	1.02836e-07
3	141	1.02667e-07
26	45	1.02624e-07
27	44	1.02624e-07
37	55	1.02519e-07
5	55	1.01794e-07
112	126	1.01461e-07
52	95	1.01057e-07
53	94	1.01057e-07
83	139	1.00844e-07
50	113	1.00505e-07
51	112	1.00505e-07
17	89	9.98063e-08
117	141	9.78783e-08
71	107	9.73976e-08
55	113	9.72883e-08
109	133	9.72452e-08
71	91	9.71764e-08
27	56	9.7051e-08
26	57	9.7051e-08
6	131	9.665e-08
7	130	9.665e-08
5	63	9.65436e-08
11	62	9.63424e-08
10	63	9.63424e-08
76	143	9.547e-08
77	142	9.547e-08
88	122	9.53323e-08
6	113	9.4872e-08
7	112	9.4872e-08
102	115	9.47384e-08
103	114	9.47384e-08
29	122	9.4432e-08
28	123	9.4432e-08
50	100	9.39355e-08
88	147	9.3697e-08
89	146	9.3697e-08
82	145	9.3433e-08
83	144	9.3433e-08
17	127	9.34056e-08
5	41	9.32382e-08
70	74	9.31957e-08
67	71	9.27871e-08
61	116	-9.27623e-08
60	117	-9.27623e-08
76	91	9.27187e-08
77	90	9.27187e-08
21	136	9.26559e-08
20	137	9.26559e-08
44	52	9.23209e-08
71	109	9.20491e-08
59	100	9.15726e-08
58	101	9.15726e-08
29	57	9.09529e-08
80	117	9.09261e-08
81	116	9.09261e-08
2	127	-9.09239e-08
3	126	-9.09239e-08
70	118	8.95719e-08
7	21	8.94962e-08
45	144	8.93366e-08
44	145	8.93366e-08
57	82	8.91801e-08
56	83	8.91801e-08
91	130	8.88614e-08
90	131	8.88614e-08
5	35	8.88533e-08
101	121	8.86348e-08
81	107	-8.85006e-08
29	149	8.83986e-08
3	49	-8.82559e-08
50	94	8.76726e-08
96	106	8.72516e-08
5	27	8.71676e-08
26	136	8.71045e-08
26	31	8.6571e-08
27	30	8.6571e-08
88	116	-8.64608e-08
103	127	8.63354e-08
35	58	8.61001e-08
34	59	8.61001e-08
76	92	8.56081e-08
6	140	-8.55569e-08
114	149	8.51787e-08
115	148	8.51787e-08
76	132	8.49111e-08
16	108	8.45047e-08
29	47	8.44044e-08
62	139	8.43499e-08
63	138	8.43499e-08
27	41	8.4147e-08
17	101	8.40336e-08
45	137	8.3809e-08
72	112	8.37511e-08
88	97	8.35389e-08
89	96	8.35389e-08
11	117	-8.24525e-08
30	149	8.22184e-08
31	148	8.22184e-08
5	29	8.2193e-08
72	97	8.21081e-08
73	96	8.21081e-08
59	145	8.15706e-08
36	118	8.15249e-08
8	118	8.14128e-08
6	148	8.07545e-08
48	121	8.07169e-08
49	120	8.07169e-08
63	83	8.01735e-08
56	104	-8.00623e-08
2	47	-7.9423e-08
3	46	-7.9423e-08
24	108	7.93338e-08
62	131	7.92423e-08
63	130	7.92423e-08
89	93	7.92224e-08
90	115	7.90011e-08
91	114	7.90011e-08
30	113	7.87542e-08
31	112	7.87542e-08
61	93	7.87011e-08
44	114	7.86875e-08
28	130	7.76007e-08
44	140	-7.73154e-08
92	94	7.72285e-08
61	88	7.70088e-08
60	89	7.70088e-08
96	101	7.63654e-08
97	100	7.63654e-08
11	104	-7.60019e-08
10	105	-7.60019e-08
70	89	7.51355e-08
71	88	7.51355e-08
44	117	-7.51018e-08
45	116	-7.51018e-08
30	130	7.44132e-08
104	146	-7.3746e-08
76	81	-7.35509e-08
77	80	-7.35509e-08
92	108	7.24885e-08
16	136	7.226e-08
61	127	7.17639e-08
11	44	7.14921e-08
10	45	7.14921e-08
112	115	7.10809e-08
113	114	7.10809e-08
70	114	7.10753e-08
117	147	-7.10412e-08
44	61	7.09759e-08
45	60	7.09759e-08
113	141	-7.09564e-08
11	26	7.08643e-08
10	27	7.08643e-08
27	81	-7.06309e-08
53	77	7.06043e-08
80	126	-7.05025e-08
95	133	7.03052e-08
93	100	7.02422e-08
92	101	7.02422e-08
6	103	7.02326e-08
7	102	7.02326e-08
28	115	6.96799e-08
29	114	6.96799e-08
83	113	6.92114e-08
10	70	6.91616e-08
29	63	6.89434e-08
54	57	6.87017e-08
55	56	6.87017e-08
72	107	6.84122e-08
73	106	6.84122e-08
113	139	6.82406e-08
48	61	6.81875e-08
49	60	6.81875e-08
16	90	6.79268e-08
37	131	6.77544e-08
29	70	6.76531e-08
28	71	6.76531e-08
21	107	6.74365e-08
110	147	-6.69826e-08
111	146	-6.69826e-08
105	114	-6.66525e-08
104	115	-6.66525e-08
61	123	6.65904e-08
62	126	6.64089e-08
77	83	6.60721e-08
16	82	6.59735e-08
101	141	-6.55122e-08
44	130	6.54641e-08
19	111	-6.54048e-08
11	131	6.52651e-08
3	56	-6.52569e-08
2	57	-6.52569e-08
105	107	-6.51794e-08
70	126	6.46655e-08
34	108	6.40548e-08
17	112	6.36955e-08
16	113	6.36955e-08
27	141	-6.35271e-08
107	113	6.34846e-08
93	113	6.31346e-08
44	92	6.3098e-08
50	136	6.28486e-08
73	103	6.26685e-08
118	127	6.23708e-08
119	126	6.23708e-08
63	104	-6.22681e-08
62	105	-6.22681e-08
12	144	6.21673e-08
27	83	6.16344e-08
57	111	-6.14684e-08
26	94	6.14035e-08
48	83	6.1273e-08
49	82	6.1273e-08
81	113	-6.12306e-08
1	27	6.12084e-08
20	144	6.06673e-08
112	144	6.0226e-08
119	137	6.00632e-08
101	143	5.99985e-08
6	62	5.96262e-08
20	142	5.95758e-08
2	138	-5.93019e-08
89	108	5.88448e-08
88	109	5.88448e-08
6	96	5.86262e-08
109	142	5.81017e-08
108	143	5.81017e-08
2	148	-5.78559e-08
20	100	5.78552e-08
30	46	5.78105e-08
5	88	5.77981e-08
4	89	5.77981e-08
72	81	-5.76316e-08
73	80	-5.76316e-08
88	94	5.76213e-08
62	96	5.76199e-08
42	131	5.75212e-08
43	130	5.75212e-08
0	88	5.72148e-08
40	131	5.71238e-08
41	130	5.71238e-08
24	56	5.70814e-08
64	104	-5.70508e-08
62	93	5.54824e-08
63	92	5.54824e-08
10	35	5.52071e-08
11	34	5.52071e-08
5	7	5.46491e-08
50	144	5.43712e-08
40	57	5.42133e-08
41	56	5.42133e-08
145	146	5.4109e-08
144	147	5.4109e-08
10	147	5.4015e-08
11	146	5.4015e-08
51	88	5.33993e-08
50	89	5.33993e-08
37	149	5.31355e-08
17	107	5.29655e-08
17	31	5.2675e-08
36	40	5.26265e-08
72	108	5.24078e-08
21	89	5.23513e-08
6	17	5.20657e-08
7	16	5.20657e-08
48	139	5.20372e-08
49	138	5.20372e-08
41	118	5.18444e-08
40	119	5.18444e-08
127	141	-5.16089e-08
89	105	-5.1592e-08
31	61	5.15327e-08
105	109	-5.13434e-08
3	140	5.13336e-08
2	141	5.13336e-08
26	44	5.13118e-08
37	54	5.12594e-08
36	55	5.12594e-08
21	29	5.11931e-08
1	119	5.11893e-08
45	113	5.11888e-08
5	54	5.08972e-08
4	55	5.08972e-08
52	94	5.05283e-08
83	138	5.04221e-08
82	139	5.04221e-08
50	112	5.02526e-08
17	88	4.99032e-08
16	89	4.99032e-08
1	137	4.96049e-08
35	147	4.94864e-08
116	141	4.89391e-08
117	140	4.89391e-08
1	113	4.89359e-08
70	107	4.86988e-08
71	106	4.86988e-08
25	105	-4.8648e-08
55	112	4.86442e-08
54	113	4.86442e-08
109	132	4.86226e-08
108	133	4.86226e-08
70	91	4.85882e-08
71	90	4.85882e-08
26	56	4.85255e-08
6	130	4.8325e-08
5	62	4.82718e-08
4	63	4.82718e-08
10	62	4.81712e-08
76	142	4.7735e-08
49	141	-4.74615e-08
6	112	4.7436e-08
95	143	4.74331e-08
102	114	4.73692e-08
28	122	4.7216e-08
45	105	-4.70886e-08
88	146	4.68485e-08
17	71	4.68148e-08
82	144	4.67165e-08
17	126	4.67028e-08
16	127	4.67028e-08
5	40	4.66191e-08
4	41	4.66191e-08
31	63	4.65765e-08
3	65	-4.6433e-08
66	71	4.63936e-08
67	70	4.63936e-08
60	116	-4.63811e-08
76	90	4.63594e-08
20	136	4.6328e-08
71	108	4.60246e-08
70	109	4.60246e-08
58	100	4.57863e-08
28	57	4.54765e-08
29	56	4.54765e-08
80	116	4.5463e-08
2	126	-4.5462e-08
6	21	4.47481e-08
7	20	4.47481e-08
11	83	4.47246e-08
61	111	-4.46851e-08
44	144	4.46683e-08
56	82	4.45901e-08
90	130	4.44307e-08
4	35	4.44266e-08
5	34	4.44266e-08
101	120	4.43174e-08
100	121	4.43174e-08
127	149	4.43094e-08
81	106	-4.42503e-08
80	107	-4.42503e-08
28	149	4.41993e-08
29	148	4.41993e-08
45	83	4.4133e-08
2	49	-4.4128e-08
3	48	-4.4128e-08
57	115	4.40804e-08
4	27	4.35838e-08
5	26	4.35838e-08
26	30	4.32855e-08
49	93	4.32704e-08
3	89	-4.32168e-08
102	127	4.31677e-08
103	126	4.31677e-08
34	58	4.30501e-08
111	149	-4.27258e-08
114	148	4.25893e-08
29	46	4.22022e-08
28	47	4.22022e-08
62	138	4.21749e-08
26	41	4.20735e-08
27	40	4.20735e-08
16	101	4.20168e-08
17	100	4.20168e-08
44	137	4.19045e-08
45	136	4.19045e-08
88	96	4.17694e-08
93	145	4.15386e-08
10	117	-4.12262e-08
11	116	-4.12262e-08
30	148	4.11092e-08
5	28	4.10965e-08
4	29	4.10965e-08
72	96	4.1054e-08
58	145	4.07853e-08
59	144	4.07853e-08
95	105	-4.05381e-08
48	120	4.03585e-08
45	71	4.02374e-08
5	21	4.01599e-08
47	137	4.01335e-08
62	83	4.00867e-08
63	82	4.00867e-08
2	46	-3.97115e-08
62	130	3.96211e-08
89	92	3.96112e-08
88	93	3.96112e-08
90	114	3.95005e-08
30	112	3.93771e-08
60	93	3.93505e-08
61	92	3.93505e-08
45	97	3.91885e-08
39	143	3.88372e-08
37	105	-3.87595e-08
61	103	3.86785e-08
60	88	3.85044e-08
59	123	3.84784e-08
35	55	3.82137e-08
96	100	3.81827e-08
55	109	3.80904e-08
73	89	3.80711e-08
10	104	-3.8001e-08
53	101	3.80004e-08
70	88	3.75677e-08
44	116	-3.75509e-08
37	57	3.74867e-08
7	61	3.74586e-08
65	77	3.74361e-08
21	127	3.73745e-08
76	80	-3.67755e-08
11	97	3.6774e-08
77	139	3.6751e-08
63	123	3.66243e-08
105	143	-3.65445e-08
11	109	3.64073e-08
71	83	3.61485e-08
113	143	3.59642e-08
61	126	3.5882e-08
60	127	3.5882e-08
37	43	3.58759e-08
21	139	3.57802e-08
10	44	3.5746e-08
112	114	3.55405e-08
116	147	-3.55206e-08
117	146	-3.55206e-08
44	60	3.54879e-08
113	140	-3.54782e-08
112	141	-3.54782e-08
10	26	3.54322e-08
57	127	3.5389e-08
26	81	-3.53155e-08
27	80	-3.53155e-08
53	76	3.53021e-08
52	77	3.53021e-08
43	105	-3.52729e-08
45	119	3.51892e-08
95	132	3.51526e-08
94	133	3.51526e-08
92	100	3.51211e-08
6	102	3.51163e-08
28	114	3.48399e-08
83	112	3.46057e-08
82	113	3.46057e-08
28	63	3.44717e-08
29	62	3.44717e-08
54	56	3.43509e-08
53	91	3.42098e-08
72	106	3.42061e-08
112	139	3.41203e-08
113	138	3.41203e-08
48	60	3.40937e-08
36	131	3.38772e-08
37	130	3.38772e-08
28	70	3.38265e-08
20	107	3.37182e-08
21	106	3.37182e-08
7	71	3.36436e-08
95	123	3.35128e-08
110	146	-3.34913e-08
43	139	3.34457e-08
41	127	3.33525e-08
104	114	-3.33263e-08
60	123	3.32952e-08
61	122	3.32952e-08
3	11	-3.30573e-08
76	83	3.3036e-08
77	82	3.3036e-08
109	145	3.30283e-08
100	141	-3.27561e-08
101	140	-3.27561e-08
21	59	3.2712e-08
18	111	-3.27024e-08
19	110	-3.27024e-08
11	130	3.26326e-08
10	131	3.26326e-08
2	56	-3.26284e-08
105	106	-3.25897e-08
104	107	-3.25897e-08
1	133	3.21401e-08
45	63	3.214e-08
73	123	3.18715e-08
16	112	3.18477e-08
27	140	-3.17636e-08
26	141	-3.17636e-08
107	112	3.17423e-08
106	113	3.17423e-08
92	113	3.15673e-08
93	112	3.15673e-08
72	103	3.13343e-08
73	102	3.13343e-08
65	89	3.13314e-08
89	149	3.13064e-08
118	126	3.11854e-08
62	104	-3.1134e-08
26	83	3.08172e-08
27	82	3.08172e-08
37	71	3.08145e-08
95	111	-3.07623e-08
56	111	-3.07342e-08
57	110	-3.07342e-08
48	82	3.06365e-08
80	113	-3.06153e-08
81	112	-3.06153e-08
0	27	3.06042e-08
1	26	3.06042e-08
89	139	3.05386e-08
91	107	3.04988e-08
35	101	3.04905e-08
63	109	3.03194e-08
27	115	3.02859e-08
55	63	3.00368e-08
118	137	3.00316e-08
119	136	3.00316e-08
13	83	3.00122e-08
101	142	2.99992e-08
100	143	2.99992e-08
29	61	2.9946e-08
25	117	-2.98601e-08
43	111	-2.98147e-08
89	91	2.95625e-08
67	111	-2.94326e-08
88	108	2.94224e-08
31	97	2.9149e-08
29	103	2.91487e-08
108	142	2.90509e-08
111	131	-2.89189e-08
4	88	2.88991e-08
41	97	2.88477e-08
72	80	-2.88158e-08
42	130	2.87606e-08
55	105	-2.86095e-08
40	130	2.85619e-08
51	63	2.8283e-08
103	109	2.81612e-08
57	131	2.81277e-08
131	133	2.78748e-08
62	92	2.77412e-08
11	73	2.76613e-08
10	34	2.76036e-08
121	145	2.75736e-08
127	145	2.74804e-08
115	139	2.74212e-08
4	7	2.73245e-08
5	6	2.73245e-08
40	56	2.71066e-08
144	146	2.70545e-08
10	146	2.70075e-08
53	61	2.67588e-08
50	88	2.66997e-08
31	103	2.66317e-08
37	148	2.65678e-08
36	149	2.65678e-08
16	107	2.64828e-08
17	106	2.64828e-08
17	30	2.63375e-08
16	31	2.63375e-08
21	88	2.61756e-08
20	89	2.61756e-08
107	127	2.61083e-08
6	16	2.60329e-08
48	138	2.60186e-08
40	118	2.59222e-08
126	141	-2.58045e-08
127	140	-2.58045e-08
88	105	-2.5796e-08
89	104	-2.5796e-08
115	137	2.57827e-08
31	60	2.57663e-08
30	61	2.57663e-08
105	108	-2.56717e-08
104	109	-2.56717e-08
2	140	2.56668e-08
36	54	2.56297e-08
21	28	2.55966e-08
20	29	2.55966e-08
0	119	2.55946e-08
1	118	2.55946e-08
44	113	2.55944e-08
45	112	2.55944e-08
4	54	2.54486e-08
82	138	2.5211e-08
97	145	2.51979e-08
65	147	2.50048e-08
16	88	2.49516e-08
93	115	2.49039e-08
1	136	2.48024e-08
0	137	2.48024e-08
35	146	2.47432e-08
34	147	2.47432e-08
116	140	2.44696e-08
1	112	2.44679e-08
0	113	2.44679e-08
70	106	2.43494e-08
24	105	-2.4324e-08
25	104	-2.4324e-08
54	112	2.43221e-08
108	132	2.43113e-08
70	90	2.42941e-08
11	139	2.42401e-08
4	62	2.41359e-08
21	141	-2.37394e-08
48	141	-2.37308e-08
49	140	-2.37308e-08
95	142	2.37166e-08
94	143	2.37166e-08
49	59	2.37165e-08
44	105	-2.35443e-08
45	104	-2.35443e-08
3	61	-2.34538e-08
63	115	2.34119e-08
17	70	2.34074e-08
16	71	2.34074e-08
47	101	2.33926e-08
16	126	2.33514e-08
4	40	2.33096e-08
30	63	2.32883e-08
31	62	2.32883e-08
53	145	2.32424e-08
3	64	-2.32165e-08
2	65	-2.32165e-08
66	70	2.31968e-08
70	108	2.30123e-08
7	41	2.29589e-08
51	61	2.29388e-08
73	115	2.28646e-08
28	56	2.27382e-08
31	81	-2.27098e-08
55	77	2.27041e-08
33	97	2.26514e-08
63	81	-2.26098e-08
47	71	2.25532e-08
83	91	2.25186e-08
6	20	2.2374e-08
10	83	2.23623e-08
11	82	2.23623e-08
60	111	-2.23425e-08
61	110	-2.23425e-08
3	147	-2.23187e-08
27	113	2.22858e-08
4	34	2.22133e-08
100	120	2.21587e-08
127	148	2.21547e-08
126	149	2.21547e-08
80	106	-2.21252e-08
28	148	2.20996e-08
44	83	2.20665e-08
45	82	2.20665e-08
2	48	-2.2064e-08
57	114	2.20402e-08
56	115	2.20402e-08
4	26	2.17919e-08
17	123	2.17439e-08
49	92	2.16352e-08
48	93	2.16352e-08
2	89	-2.16084e-08
3	88	-2.16084e-08
102	126	2.15838e-08
7	57	2.15461e-08
33	141	-2.14507e-08
110	149	-2.13629e-08
111	148	-2.13629e-08
61	83	2.12333e-08
115	147	2.11467e-08
28	46	2.11011e-08
26	40	2.10368e-08
16	100	2.10084e-08
44	136	2.09523e-08
17	95	2.09467e-08
115	117	-2.09103e-08
11	21	2.09019e-08
92	145	2.07693e-08
93	144	2.07693e-08
71	93	2.06542e-08
29	35	2.06459e-08
10	116	-2.06131e-08
4	28	2.05482e-08
103	147	2.05273e-08
58	144	2.03926e-08
94	105	-2.02691e-08
95	104	-2.02691e-08
105	131	-2.02331e-08
45	70	2.01187e-08
44	71	2.01187e-08
5	20	2.008e-08
4	21	2.008e-08
46	137	2.00668e-08
47	136	2.00668e-08
62	82	2.00434e-08
97	113	1.98073e-08
88	92	1.98056e-08
60	92	1.96753e-08
45	96	1.95943e-08
44	97	1.95943e-08
38	143	1.94186e-08
39	142	1.94186e-08
37	104	-1.93798e-08
36	105	-1.93798e-08
77	145	1.93665e-08
61	102	1.93392e-08
60	103	1.93392e-08
83	115	1.92896e-08
58	123	1.92392e-08
59	122	1.92392e-08
47	95	1.91992e-08
81	137	-1.91722e-08
35	54	1.91068e-08
34	55	1.91068e-08
55	108	1.90452e-08
54	109	1.90452e-08
72	89	1.90356e-08
73	88	1.90356e-08
53	100	1.90002e-08
52	101	1.90002e-08
95	107	1.88903e-08
37	56	1.87434e-08
36	57	1.87434e-08
6	61	1.87293e-08
7	60	1.87293e-08
64	77	1.8718e-08
65	76	1.8718e-08
21	126	1.86873e-08
20	127	1.86873e-08
17	33	1.84638e-08
109	119	1.84143e-08
10	97	1.8387e-08
11	96	1.8387e-08
76	139	1.83755e-08
77	138	1.83755e-08
77	141	-1.83323e-08
63	122	1.83121e-08
62	123	1.83121e-08
47	103	1.82851e-08
104	143	-1.82723e-08
105	142	-1.82723e-08
10	109	1.82036e-08
11	108	1.82036e-08
71	82	1.80742e-08
70	83	1.80742e-08
19	91	1.80192e-08
55	71	1.80143e-08
113	142	1.79821e-08
112	143	1.79821e-08
60	126	1.7941e-08
36	43	1.7938e-08
37	42	1.7938e-08
21	138	1.78901e-08
20	139	1.78901e-08
116	146	-1.77603e-08
112	140	-1.77391e-08
53	89	1.77302e-08
56	127	1.76945e-08
57	126	1.76945e-08
26	80	-1.76577e-08
52	76	1.76511e-08
42	105	-1.76364e-08
43	104	-1.76364e-08
44	119	1.75946e-08
45	118	1.75946e-08
94	132	1.75763e-08
45	89	1.73822e-08
73	141	-1.73668e-08
82	112	1.73029e-08
31	41	1.72661e-08
28	62	1.72359e-08
52	91	1.71049e-08
53	90	1.71049e-08
112	138	1.70602e-08
36	130	1.69386e-08
37	67	1.69329e-08
17	103	1.68707e-08
20	106	1.68591e-08
83	97	1.68242e-08
7	70	1.68218e-08
6	71	1.68218e-08
95	122	1.67564e-08
94	123	1.67564e-08
43	138	1.67229e-08
42	139	1.67229e-08
41	126	1.66762e-08
40	127	1.66762e-08
60	122	1.66476e-08
2	11	-1.65287e-08
3	10	-1.65287e-08
76	82	1.6518e-08
108	145	1.65141e-08
109	144	1.65141e-08
100	140	-1.6378e-08
20	59	1.6356e-08
21	58	1.6356e-08
18	110	-1.63512e-08
49	51	1.63445e-08
10	130	1.63163e-08
104	106	-1.62948e-08
45	149	1.62579e-08
15	29	1.62071e-08
27	123	1.61815e-08
5	17	1.61252e-08
39	89	1.60838e-08
0	133	1.60701e-08
1	132	1.60701e-08
44	63	1.607e-08
45	62	1.607e-08
73	122	1.59358e-08
72	123	1.59358e-08
26	140	-1.58818e-08
106	112	1.58711e-08
73	117	-1.587e-08
92	112	1.57837e-08
59	63	1.57204e-08
72	102	1.56671e-08
64	89	1.56657e-08
65	88	1.56657e-08
88	149	1.56532e-08
89	148	1.56532e-08
31	71	1.56444e-08
57	97	1.54412e-08
26	82	1.54086e-08
37	70	1.54073e-08
36	71	1.54073e-08
95	110	-1.53811e-08
94	111	-1.53811e-08
56	110	-1.53671e-08
80	112	-1.53076e-08
0	26	1.53021e-08
88	139	1.52693e-08
89	138	1.52693e-08
91	106	1.52494e-08
90	107	1.52494e-08
35	100	1.52453e-08
34	101	1.52453e-08
95	117	-1.52108e-08
62	109	1.51597e-08
63	108	1.51597e-08
113	133	1.51557e-08
26	115	1.51429e-08
27	114	1.51429e-08
41	73	1.50965e-08
109	115	1.50644e-08
54	63	1.50184e-08
55	62	1.50184e-08
118	136	1.50158e-08
13	82	1.50061e-08
12	83	1.50061e-08
100	142	1.49996e-08
29	60	1.4973e-08
28	61	1.4973e-08
24	117	-1.493e-08
25	116	-1.493e-08
42	111	-1.49073e-08
43	110	-1.49073e-08
123	143	1.48844e-08
17	27	1.48376e-08
88	91	1.47813e-08
89	90	1.47813e-08
67	110	-1.47163e-08
66	111	-1.47163e-08
31	96	1.45745e-08
30	97	1.45745e-08
28	103	1.45743e-08
29	102	1.45743e-08
110	131	-1.44595e-08
111	130	-1.44595e-08
40	97	1.44238e-08
41	96	1.44238e-08
33	35	1.43386e-08
47	107	1.43343e-08
54	105	-1.43047e-08
55	104	-1.43047e-08
51	62	1.41415e-08
50	63	1.41415e-08
103	108	1.40806e-08
102	109	1.40806e-08
57	130	1.40638e-08
56	131	1.40638e-08
27	63	1.40162e-08
33	51	1.39834e-08
130	133	1.39374e-08
131	132	1.39374e-08
57	73	1.38789e-08
10	73	1.38307e-08
11	72	1.38307e-08
120	145	1.37868e-08
121	144	1.37868e-08
126	145	1.37402e-08
127	144	1.37402e-08
115	138	1.37106e-08
114	139	1.37106e-08
11	145	1.36862e-08
4	6	1.36623e-08
109	117	-1.36452e-08
49	107	1.36423e-08
13	101	1.3522e-08
97	133	1.34048e-08
53	60	1.33794e-08
52	61	1.33794e-08
19	41	1.33699e-08
13	47	1.33496e-08
35	91	1.33352e-08
19	105	-1.33206e-08
31	102	1.33158e-08
30	103	1.33158e-08
93	139	1.33005e-08
36	148	1.32839e-08
16	106	1.32414e-08
16	30	1.31688e-08
63	133	1.31005e-08
20	88	1.30878e-08
107	126	1.30541e-08
106	127	1.30541e-08
63	91	1.29436e-08
126	140	-1.29022e-08
88	104	-1.2898e-08
115	136	1.28913e-08
114	137	1.28913e-08
30	60	1.28832e-08
89	131	1.28803e-08
104	108	-1.28359e-08
11	149	1.28232e-08
20	28	1.27983e-08
0	118	1.27973e-08
44	112	1.27972e-08
97	144	1.25989e-08
96	145	1.25989e-08
63	75	1.25088e-08
65	146	1.25024e-08
64	147	1.25024e-08
93	114	1.2452e-08
92	115	1.2452e-08
0	136	1.24012e-08
34	146	1.23716e-08
53	115	1.2277e-08
0	112	1.2234e-08
24	104	-1.2162e-08
11	138	1.21201e-08
10	139	1.21201e-08
105	149	-1.18995e-08
20	141	-1.18697e-08
21	140	-1.18697e-08
48	140	-1.18654e-08
94	142	1.18583e-08
49	58	1.18582e-08
48	59	1.18582e-08
3	31	-1.18547e-08
35	79	1.18164e-08
44	104	-1.17722e-08
3	60	-1.17269e-08
2	61	-1.17269e-08
77	147	1.17172e-08
63	114	1.17059e-08
62	115	1.17059e-08
16	70	1.17037e-08
47	100	1.16963e-08
46	101	1.16963e-08
30	62	1.16441e-08
53	144	1.16212e-08
52	145	1.16212e-08
2	64	-1.16082e-08
7	40	1.14795e-08
6	41	1.14795e-08
27	93	1.14728e-08
51	60	1.14694e-08
50	61	1.14694e-08
73	114	1.14323e-08
72	115	1.14323e-08
9	131	1.13563e-08
30	81	-1.13549e-08
31	80	-1.13549e-08
55	76	1.1352e-08
54	77	1.1352e-08
33	96	1.13257e-08
32	97	1.13257e-08
62	81	-1.13049e-08
63	80	-1.13049e-08
71	97	1.13017e-08
46	71	1.12766e-08
47	70	1.12766e-08
82	91	1.12593e-08
83	90	1.12593e-08
59	103	1.12418e-08
10	82	1.11811e-08
60	110	-1.11713e-08
91	127	1.11603e-08
3	146	-1.11593e-08
2	147	-1.11593e-08
3	119	-1.11476e-08
26	113	1.11429e-08
27	112	1.11429e-08
25	107	1.11291e-08
126	148	1.10774e-08
44	82	1.10333e-08
56	114	1.10201e-08
47	139	1.09863e-08
17	122	1.0872e-08
16	123	1.0872e-08
21	83	1.08709e-08
48	92	1.08176e-08
2	88	-1.08042e-08
57	139	1.08003e-08
6	57	1.07731e-08
7	56	1.07731e-08
33	140	-1.07254e-08
32	141	-1.07254e-08
110	148	-1.06814e-08
5	37	1.0656e-08
19	71	1.06319e-08
60	83	1.06167e-08
61	82	1.06167e-08
45	103	1.05822e-08
115	146	1.05734e-08
114	147	1.05734e-08
107	145	1.05448e-08
39	113	1.04901e-08
16	95	1.04734e-08
17	94	1.04734e-08
115	116	-1.04552e-08
114	117	-1.04552e-08
11	20	1.04509e-08
10	21	1.04509e-08
75	103	1.03968e-08
92	144	1.03846e-08
11	93	1.03611e-08
59	105	-1.03423e-08
70	93	1.03271e-08
71	92	1.03271e-08
28	35	1.0323e-08
29	34	1.0323e-08
102	147	1.02637e-08
103	146	1.02637e-08
47	83	1.02257e-08
109	111	-1.0138e-08
94	104	-1.01345e-08
105	130	-1.01166e-08
104	131	-1.01166e-08
44	70	1.00594e-08
4	20	1.004e-08
46	136	1.00334e-08
