0	1	2
6	7	2
8	9	2
10	11	2
12	13	2
34	35	2
14	15	2
16	17	2
18	19	2
20	21	2
22	23	2
24	25	2
26	27	2
28	29	2
30	31	2
32	33	2
4	5	2
2	3	2
36	37	2
9	31	0.0911275
31	33	0.0618772
19	33	0.0484698
9	30	0.0455638
8	31	0.0455638
21	27	0.042557
31	32	0.0309386
30	33	0.0309386
1	27	0.0298232
9	33	0.0292736
18	33	0.0242349
19	32	0.0242349
8	30	0.0227819
20	27	0.0212785
21	26	0.0212785
30	32	0.0154693
0	27	0.0149116
1	26	0.0149116
1	7	0.0146528
9	32	0.0146368
8	33	0.0146368
15	31	0.0139928
17	31	0.0130312
7	27	0.0127008
18	32	0.0121174
1	21	0.0111992
20	26	0.0106392
0	26	0.0074558
1	6	0.00732638
0	7	0.00732638
8	32	0.0073184
14	31	0.00699638
15	30	0.00699638
17	30	0.00651562
16	31	0.00651562
7	26	0.00635042
6	27	0.00635042
1	20	0.00559961
0	21	0.00559961
15	33	0.00424091
31	35	0.00410706
9	15	0.00372383
0	6	0.00366319
14	30	0.00349819
16	30	0.00325781
6	26	0.00317521
0	20	0.0027998
5	23	0.00235267
15	32	0.00212046
14	33	0.00212046
31	34	0.00205353
30	35	0.00205353
9	14	0.00186191
8	15	0.00186191
33	35	0.00140945
1	5	0.00126099
4	23	0.00117634
5	22	0.00117634
25	35	0.00108441
14	32	0.00106023
30	34	0.00102676
8	14	0.000930957
7	37	0.00088187
33	34	0.000704723
32	35	0.000704723
15	35	0.000635526
1	4	0.000630495
0	5	0.000630495
11	15	0.00061216
17	35	0.000596521
4	22	0.000588169
5	21	0.000566775
25	34	0.000542203
24	35	0.000542203
11	25	0.000492251
7	36	0.000440935
6	37	0.000440935
17	33	0.000376176
32	34	0.000352362
14	35	0.000317763
15	34	0.000317763
0	4	0.000315247
11	14	0.00030608
10	15	0.00030608
17	34	0.00029826
16	35	0.00029826
4	21	0.000283388
5	20	0.000283388
15	17	0.000279868
24	34	0.000271102
10	25	0.000246126
11	24	0.000246126
7	21	0.000233508
6	36	0.000220468
9	19	0.000200143
17	32	0.000188088
16	33	0.000188088
14	34	0.000158881
10	14	0.00015304
16	34	0.00014913
4	20	0.000141694
14	17	0.000139934
15	16	0.000139934
10	24	0.000123063
6	21	0.000116754
7	20	0.000116754
19	31	0.000115619
21	23	0.000113425
11	35	0.000105223
15	19	0.000105206
8	19	0.000100072
9	18	0.000100072
16	32	9.40441e-05
5	7	7.65873e-05
14	16	6.99669e-05
9	17	6.22005e-05
1	23	5.85435e-05
6	20	5.83769e-05
19	30	5.78097e-05
18	31	5.78097e-05
20	23	5.67124e-05
21	22	5.67124e-05
11	34	5.26117e-05
10	35	5.26117e-05
14	19	5.26029e-05
15	18	5.26029e-05
1	37	5.21585e-05
9	35	5.14516e-05
8	18	5.00358e-05
5	27	4.54775e-05
29	37	3.94745e-05
4	7	3.82937e-05
5	6	3.82937e-05
1	13	3.38528e-05
8	17	3.11002e-05
9	16	3.11002e-05
1	22	2.92717e-05
0	23	2.92717e-05
18	30	2.89048e-05
20	22	2.83562e-05
10	34	2.63059e-05
14	18	2.63015e-05
0	37	2.60792e-05
1	36	2.60792e-05
9	34	2.57258e-05
8	35	2.57258e-05
4	27	2.27388e-05
5	26	2.27388e-05
29	36	1.97373e-05
28	37	1.97373e-05
4	6	1.91468e-05
0	13	1.69264e-05
1	12	1.69264e-05
8	16	1.55501e-05
0	22	1.46359e-05
0	36	1.30396e-05
8	34	1.28629e-05
4	26	1.13694e-05
5	37	1.08215e-05
28	36	9.86863e-06
0	12	8.46321e-06
23	27	6.7411e-06
9	11	5.58602e-06
4	37	5.41077e-06
5	36	5.41077e-06
25	33	3.57412e-06
13	27	3.56851e-06
23	26	3.37055e-06
22	27	3.37055e-06
7	23	2.9701e-06
9	10	2.79301e-06
8	11	2.79301e-06
4	36	2.70539e-06
1	29	2.49955e-06
27	37	2.1956e-06
11	31	2.1716e-06
24	33	1.78706e-06
25	32	1.78706e-06
13	26	1.78425e-06
12	27	1.78425e-06
27	29	1.75123e-06
22	26	1.68528e-06
11	33	1.61056e-06
7	22	1.48505e-06
6	23	1.48505e-06
8	10	1.3965e-06
13	37	1.29558e-06
19	35	1.2887e-06
1	28	1.24977e-06
0	29	1.24977e-06
26	37	1.0978e-06
27	36	1.0978e-06
11	30	1.0858e-06
10	31	1.0858e-06
13	23	9.57499e-07
24	32	8.9353e-07
12	26	8.92127e-07
27	28	8.75614e-07
26	29	8.75614e-07
10	33	8.05278e-07
11	32	8.05278e-07
13	29	7.43705e-07
6	22	7.42526e-07
13	36	6.47789e-07
12	37	6.47789e-07
19	34	6.4435e-07
18	35	6.4435e-07
7	13	6.41387e-07
0	28	6.24887e-07
17	25	5.7151e-07
26	36	5.48901e-07
10	30	5.42901e-07
12	23	4.7875e-07
13	22	4.7875e-07
26	28	4.37807e-07
15	25	4.27902e-07
10	32	4.02639e-07
13	28	3.71853e-07
12	29	3.71853e-07
12	36	3.23894e-07
18	34	3.22175e-07
7	12	3.20693e-07
6	13	3.20693e-07
11	17	3.16899e-07
16	25	2.85755e-07
17	24	2.85755e-07
5	13	2.8469e-07
17	19	2.77765e-07
12	22	2.39375e-07
7	29	2.23368e-07
15	24	2.13951e-07
14	25	2.13951e-07
13	21	2.00159e-07
12	28	1.85926e-07
6	12	1.60347e-07
10	17	1.58449e-07
11	16	1.58449e-07
16	24	1.42878e-07
5	12	1.42345e-07
4	13	1.42345e-07
16	19	1.38882e-07
17	18	1.38882e-07
25	31	1.29078e-07
7	28	1.11684e-07
6	29	1.11684e-07
14	24	1.06976e-07
13	20	1.00079e-07
12	21	1.00079e-07
10	16	7.92247e-08
19	25	7.82609e-08
4	12	7.11725e-08
16	18	6.94412e-08
25	30	6.45389e-08
24	31	6.45389e-08
6	28	5.58419e-08
12	20	5.00397e-08
18	25	3.91305e-08
19	24	3.91305e-08
9	25	3.48723e-08
15	23	-3.42167e-08
24	30	3.22694e-08
11	23	-3.04471e-08
19	21	-2.30775e-08
18	24	1.95652e-08
9	24	1.74361e-08
8	25	1.74361e-08
15	22	-1.71084e-08
14	23	-1.71084e-08
21	37	1.60284e-08
11	22	-1.52235e-08
10	23	-1.52235e-08
19	20	-1.15387e-08
18	21	-1.15387e-08
15	21	-1.09072e-08
