31	35	230.856
4	5	161.433
7	35	155.968
6	7	133.529
3	21	131.781
7	31	131.069
13	33	126.129
30	31	125.423
34	35	124.506
31	34	115.428
30	35	115.428
25	33	114.128
20	21	113.805
5	25	110.13
5	7	109.996
13	37	109.889
32	33	108.469
15	25	108.457
29	33	107.939
2	3	107.733
1	13	106.17
3	9	104.663
5	15	103.002
5	29	102.648
7	19	100.665
7	29	100.449
3	33	100.221
8	9	98.897
5	33	98.7178
23	33	97.863
19	35	97.2199
28	29	95.7722
17	37	93.558
24	25	93.4646
15	33	90.9526
25	29	90.7687
22	23	89.886
23	25	89.1143
15	37	87.4908
12	13	86.7043
19	31	86.2918
1	37	85.563
13	17	85.5106
3	25	85.454
5	19	85.1854
5	35	85.0154
1	27	84.3489
29	35	83.4152
3	27	82.8898
11	19	82.7151
19	25	82.6823
3	15	82.5894
13	25	81.8238
11	35	78.3436
36	37	78.0674
13	15	78.042
7	34	77.9838
6	35	77.9838
21	33	77.9336
5	13	77.5748
5	21	76.9349
26	27	76.8282
29	31	75.5736
11	31	75.3846
14	15	75.1917
5	37	74.914
5	31	74.8873
18	19	74.6493
3	29	74.6005
33	37	74.1871
1	33	73.9865
15	27	73.859
9	29	73.5881
27	33	73.4506
13	27	72.0027
9	27	71.4707
33	35	70.9076
11	25	70.2581
5	9	68.7103
0	1	68.5131
3	23	68.2904
25	37	67.9818
27	37	67.9683
9	35	66.7954
15	29	66.7745
21	31	-66.6986
3	5	65.9411
2	21	65.8906
3	20	65.8906
1	15	65.6828
6	31	65.5344
7	30	65.5344
17	23	64.7256
13	29	64.1942
7	15	64.1123
13	32	63.0646
12	33	63.0646
5	17	62.4373
1	17	62.0978
13	35	61.6624
16	17	61.5071
25	27	61.0325
31	33	60.4532
7	11	60.3947
7	23	-60.1456
15	19	59.9842
23	29	59.81
11	15	59.2478
17	33	59.1229
9	25	58.7088
13	31	58.6906
30	34	57.714
9	15	57.426
24	33	57.064
25	32	57.064
13	23	56.6533
7	13	56.4974
4	25	55.0648
5	24	55.0648
4	7	54.998
5	6	54.998
12	37	54.9444
13	36	54.9444
14	25	54.2285
15	24	54.2285
28	33	53.9695
29	32	53.9695
17	27	53.1072
0	13	53.0848
1	12	53.0848
29	37	52.7676
7	27	52.4247
2	9	52.3313
3	8	52.3313
27	31	52.303
7	33	52.0801
27	35	51.8497
23	27	51.6732
3	13	51.5074
5	14	51.5008
4	15	51.5008
4	29	51.3238
5	28	51.3238
13	21	51.1975
7	18	50.3327
6	19	50.3327
6	29	50.2245
7	28	50.2245
3	32	50.1106
2	33	50.1106
25	35	49.9053
10	11	49.6209
5	32	49.3589
4	33	49.3589
7	9	49.1258
23	32	48.9315
22	33	48.9315
18	35	48.61
19	34	48.61
1	11	48.0188
7	25	47.3079
16	37	46.779
17	36	46.779
1	31	46.442
14	33	45.4763
15	32	45.4763
24	29	45.3844
25	28	45.3844
21	35	-45.1132
1	3	44.9998
23	24	44.5572
22	25	44.5572
27	29	44.4618
9	31	44.3489
3	19	43.8786
14	37	43.7454
15	36	43.7454
17	25	43.7326
9	23	43.4251
19	29	43.3368
21	29	43.1829
18	31	43.1459
19	30	43.1459
1	36	42.7815
0	37	42.7815
13	16	42.7553
12	17	42.7553
3	24	42.727
2	25	42.727
4	19	42.5927
5	18	42.5927
5	34	42.5077
4	35	42.5077
15	17	42.2538
1	26	42.1745
0	27	42.1745
29	34	41.7076
28	35	41.7076
3	26	41.4449
2	27	41.4449
10	19	41.3576
11	18	41.3576
18	25	41.3412
19	24	41.3412
1	35	41.3035
3	14	41.2947
2	15	41.2947
25	31	41.1537
23	37	41.0228
12	25	40.9119
13	24	40.9119
1	25	40.3148
11	27	40.016
11	34	39.1718
10	35	39.1718
12	15	39.021
13	14	39.021
6	34	38.9919
21	32	38.9668
20	33	38.9668
21	27	38.918
4	13	38.7874
5	12	38.7874
4	21	38.4675
5	20	38.4675
11	13	38.2205
9	19	38.1348
19	33	38.0154
29	30	37.7868
28	31	37.7868
5	23	37.6929
11	30	37.6923
10	31	37.6923
9	21	37.6835
5	36	37.457
4	37	37.457
4	31	37.4436
5	30	37.4436
2	29	37.3002
3	28	37.3002
11	29	37.2173
32	37	37.0935
33	36	37.0935
0	33	36.9932
1	32	36.9932
3	11	36.9867
14	27	36.9295
15	26	36.9295
9	28	36.794
8	29	36.794
27	32	36.7253
26	33	36.7253
5	27	36.1672
13	26	36.0013
12	27	36.0013
8	27	35.7353
9	26	35.7353
32	35	35.4538
33	34	35.4538
11	24	35.1291
10	25	35.1291
5	8	34.3552
4	9	34.3552
11	33	34.1594
3	22	34.1452
2	23	34.1452
24	37	33.9909
25	36	33.9909
26	37	33.9842
27	36	33.9842
15	35	33.8549
9	34	33.3977
8	35	33.3977
14	29	33.3872
15	28	33.3872
21	30	-33.3493
20	31	-33.3493
3	4	32.9705
2	5	32.9705
2	20	32.9453
0	15	32.8414
1	14	32.8414
6	30	32.7672
17	22	32.3628
16	23	32.3628
15	21	32.135
13	28	32.0971
12	29	32.0971
7	14	32.0561
6	15	32.0561
12	32	31.5323
5	16	31.2186
4	17	31.2186
0	17	31.0489
1	16	31.0489
12	35	30.8312
13	34	30.8312
11	37	30.8258
25	26	30.5162
24	27	30.5162
30	33	30.2266
31	32	30.2266
6	11	30.1973
7	10	30.1973
7	22	-30.0728
6	23	-30.0728
14	19	29.9921
15	18	29.9921
23	28	29.905
22	29	29.905
10	15	29.6239
11	14	29.6239
17	32	29.5614
16	33	29.5614
8	25	29.3544
9	24	29.3544
12	31	29.3453
13	30	29.3453
3	37	29.1575
15	23	28.7832
9	14	28.713
8	15	28.713
24	32	28.532
9	33	28.5131
12	23	28.3266
13	22	28.3266
6	13	28.2487
7	12	28.2487
7	37	27.9843
4	24	27.5324
4	6	27.499
12	36	27.4722
14	24	27.1142
28	32	26.9847
16	27	26.5536
17	26	26.5536
0	12	26.5424
1	7	26.492
1	23	26.4609
29	36	26.3838
28	37	26.3838
6	27	26.2124
7	26	26.2124
2	8	26.1656
26	31	26.1515
27	30	26.1515
7	32	26.04
6	33	26.04
27	34	25.9249
26	35	25.9249
23	26	25.8366
22	27	25.8366
2	13	25.7537
3	12	25.7537
4	14	25.7504
4	28	25.6619
12	21	25.5987
13	20	25.5987
6	18	25.1663
21	23	25.1172
6	28	25.1123
2	32	25.0553
24	35	24.9526
25	34	24.9526
15	31	24.9107
4	32	24.6795
7	8	24.5629
6	9	24.5629
22	32	24.4657
18	34	24.305
1	10	24.0094
0	11	24.0094
9	17	23.8834
6	25	23.6539
7	24	23.6539
11	21	-23.5594
16	36	23.3895
0	31	23.221
1	30	23.221
14	32	22.7382
24	28	22.6922
20	35	-22.5566
21	34	-22.5566
1	2	22.4999
0	3	22.4999
22	24	22.2786
27	28	22.2309
26	29	22.2309
9	30	22.1745
8	31	22.1745
17	19	-22.0967
2	19	21.9393
3	18	21.9393
14	36	21.8727
17	24	21.8663
16	25	21.8663
8	23	21.7126
9	22	21.7126
19	28	21.6684
18	29	21.6684
20	29	21.5914
21	28	21.5914
18	30	21.5729
0	36	21.3907
12	16	21.3777
2	24	21.3635
4	18	21.2963
4	34	21.2539
14	17	21.1269
15	16	21.1269
0	26	21.0872
28	34	20.8538
2	26	20.7224
10	18	20.6788
18	24	20.6706
0	35	20.6517
1	34	20.6517
2	14	20.6473
24	31	20.5768
25	30	20.5768
7	17	-20.5274
23	36	20.5114
22	37	20.5114
12	24	20.456
3	17	20.2175
1	24	20.1574
0	25	20.1574
11	26	20.008
10	27	20.008
10	34	19.5859
17	29	19.5384
12	14	19.5105
20	32	19.4834
20	27	19.459
21	26	19.459
4	12	19.3937
4	20	19.2337
11	12	19.1102
10	13	19.1102
8	19	19.0674
9	18	19.0674
19	32	19.0077
18	33	19.0077
9	13	18.9547
28	30	18.8934
4	23	18.8464
5	22	18.8464
10	30	18.8461
8	21	18.8417
9	20	18.8417
4	36	18.7285
4	30	18.7218
2	28	18.6501
10	29	18.6087
11	28	18.6087
32	36	18.5468
0	32	18.4966
2	11	18.4933
3	10	18.4933
14	26	18.4648
8	28	18.397
26	32	18.3626
5	26	18.0836
4	27	18.0836
12	26	18.0007
8	26	17.8677
32	34	17.7269
10	24	17.5645
4	8	17.1776
17	35	-17.1769
9	37	17.1422
11	32	17.0797
10	33	17.0797
2	22	17.0726
19	23	17.007
24	36	16.9955
26	36	16.9921
14	35	16.9274
15	34	16.9274
3	7	-16.7849
8	34	16.6989
14	28	16.6936
20	30	-16.6746
2	4	16.4853
0	14	16.4207
23	35	-16.3333
16	22	16.1814
14	21	16.0675
15	20	16.0675
12	28	16.0486
6	14	16.0281
4	16	15.6093
0	16	15.5245
12	34	15.4156
10	37	15.4129
11	36	15.4129
24	26	15.2581
30	32	15.1133
6	10	15.0987
6	22	-15.0364
11	23	15.0267
14	18	14.996
22	28	14.9525
13	19	14.8195
10	14	14.8119
16	32	14.7807
23	31	-14.7346
21	37	14.6816
8	24	14.6772
12	30	14.6727
3	31	-14.6171
3	36	14.5788
2	37	14.5788
14	23	14.3916
15	22	14.3916
8	14	14.3565
9	11	14.2653
8	33	14.2565
9	32	14.2565
12	22	14.1633
6	12	14.1243
6	37	13.9922
7	36	13.9922
16	26	13.2768
1	6	13.246
0	7	13.246
0	23	13.2304
1	22	13.2304
28	36	13.1919
6	26	13.1062
26	30	13.0757
6	32	13.02
26	34	12.9624
22	26	12.9183
2	12	12.8769
1	21	12.8323
12	20	12.7994
20	23	12.5586
21	22	12.5586
24	34	12.4763
14	31	12.4554
15	30	12.4554
6	8	12.2814
7	21	12.0841
0	10	12.0047
9	16	11.9417
8	17	11.9417
6	24	11.827
10	21	-11.7797
11	20	-11.7797
0	30	11.6105
20	34	-11.2783
0	2	11.2499
26	28	11.1154
8	30	11.0872
16	19	-11.0484
17	18	-11.0484
2	18	10.9697
16	24	10.9332
8	22	10.8563
18	28	10.8342
20	28	10.7957
14	16	10.5635
19	27	10.4513
0	34	10.3259
24	30	10.2884
6	17	-10.2637
7	16	-10.2637
22	36	10.2557
21	25	-10.1891
3	16	10.1088
2	17	10.1088
0	24	10.0787
10	26	10.004
5	11	9.94967
1	19	9.78557
16	29	9.76919
17	28	9.76919
20	26	9.7295
19	21	9.67201
10	12	9.55512
8	18	9.5337
18	32	9.50384
9	12	9.47737
8	13	9.47737
4	22	9.42322
8	20	9.42087
10	28	9.30433
2	10	9.24667
4	26	9.04179
17	31	-8.68763
35	37	-8.59384
16	35	-8.58846
17	34	-8.58846
9	36	8.57111
8	37	8.57111
10	32	8.53986
18	23	8.50348
19	22	8.50348
14	34	8.46372
2	7	-8.39243
3	6	-8.39243
1	9	-8.22917
22	35	-8.16665
23	34	-8.16665
14	20	8.03375
10	36	7.70645
11	22	7.51334
10	23	7.51334
13	18	7.40973
12	19	7.40973
23	30	-7.36731
22	31	-7.36731
21	36	7.3408
20	37	7.3408
3	30	-7.30856
2	31	-7.30856
2	36	7.28939
14	22	7.19579
9	10	7.13267
8	11	7.13267
8	32	7.12827
6	36	6.99608
0	6	6.623
0	22	6.61522
1	20	6.41614
0	21	6.41614
20	22	6.27931
14	30	6.22768
6	21	6.04203
7	20	6.04203
8	16	5.97086
10	20	-5.88985
16	18	-5.52418
19	26	5.22563
18	27	5.22563
6	16	-5.13185
20	25	-5.09454
21	24	-5.09454
2	16	5.05438
4	11	4.97483
5	10	4.97483
1	18	4.89279
0	19	4.89279
16	28	4.88459
19	20	4.83601
18	21	4.83601
8	12	4.73869
16	31	-4.34381
17	30	-4.34381
34	37	-4.29692
35	36	-4.29692
16	34	-4.29423
8	36	4.28556
18	22	4.25174
2	6	-4.19622
3	35	4.13446
0	9	-4.11458
1	8	-4.11458
22	34	-4.08333
10	22	3.75667
12	18	3.70486
22	30	-3.68365
20	36	3.6704
2	30	-3.65428
8	10	3.56634
19	37	-3.56199
17	21	3.38672
0	20	3.20807
6	20	3.02102
18	26	2.61282
20	24	-2.54727
4	10	2.48742
0	18	2.44639
18	20	2.418
16	30	-2.17191
34	36	-2.14846
3	34	2.06723
2	35	2.06723
0	8	-2.05729
1	29	1.95128
18	37	-1.781
19	36	-1.781
17	20	1.69336
16	21	1.69336
2	34	1.03362
0	29	0.975642
1	28	0.975642
11	17	0.895547
18	36	-0.890498
1	5	-0.868869
16	20	0.846681
0	28	0.487821
10	17	0.447773
11	16	0.447773
0	5	-0.434435
1	4	-0.434435
31	37	0.2769
10	16	0.223887
0	4	-0.217217
30	37	0.13845
31	36	0.13845
30	36	0.069225
