0	1	2
146	147	2
46	47	2
48	49	2
50	51	2
52	53	2
54	55	2
44	45	2
56	57	2
60	61	2
62	63	2
64	65	2
66	67	2
68	69	2
70	71	2
58	59	2
42	43	2
40	41	2
38	39	2
8	9	2
10	11	2
12	13	2
14	15	2
16	17	2
18	19	2
20	21	2
22	23	2
24	25	2
26	27	2
28	29	2
30	31	2
32	33	2
34	35	2
36	37	2
72	73	2
6	7	2
74	75	2
78	79	2
118	119	2
120	121	2
122	123	2
124	125	2
126	127	2
128	129	2
116	117	2
130	131	2
134	135	2
136	137	2
138	139	2
140	141	2
142	143	2
144	145	2
132	133	2
114	115	2
112	113	2
110	111	2
80	81	2
82	83	2
84	85	2
86	87	2
88	89	2
90	91	2
92	93	2
94	95	2
96	97	2
98	99	2
100	101	2
102	103	2
104	105	2
106	107	2
108	109	2
76	77	2
4	5	2
148	149	2
2	3	2
47	131	0.349946
46	131	0.174973
47	130	0.174973
99	121	0.128246
37	69	0.120097
46	130	0.0874866
29	77	0.0764501
43	135	0.0677327
99	137	0.0653091
99	120	0.064123
98	121	0.064123
36	69	0.0600487
37	68	0.0600487
73	107	0.0426676
28	77	0.0382251
29	76	0.0382251
43	134	0.0338663
42	135	0.0338663
98	137	0.0326545
99	136	0.0326545
98	120	0.0320615
36	68	0.0300244
59	143	0.0244656
77	135	0.0237058
73	106	0.0213338
72	107	0.0213338
28	76	0.0191125
42	134	0.0169332
98	136	0.0163273
15	85	0.0155886
53	61	0.0151558
67	101	0.0149688
13	77	0.0146195
13	35	0.0135422
58	143	0.0122328
59	142	0.0122328
13	55	0.0119593
76	135	0.0118529
77	134	0.0118529
99	105	0.0108698
72	106	0.0106669
37	57	0.0100368
29	135	0.00955557
83	93	0.00884864
13	29	0.00878228
14	85	0.00779432
15	84	0.00779432
52	61	0.0075779
53	60	0.0075779
66	101	0.00748439
67	100	0.00748439
12	77	0.00730973
13	76	0.00730973
13	34	0.00677109
12	35	0.00677109
41	93	0.00669579
58	142	0.00611639
13	54	0.00597966
12	55	0.00597966
76	134	0.00592645
105	121	0.00589093
99	104	0.00543492
98	105	0.00543492
37	56	0.00501842
36	57	0.00501842
29	134	0.00477779
28	135	0.00477779
11	127	0.00466294
11	93	0.00454552
83	92	0.00442432
82	93	0.00442432
12	29	0.00439114
13	28	0.00439114
14	84	0.00389716
52	60	0.00378895
29	43	0.00375055
66	100	0.0037422
12	76	0.00365486
121	137	0.0035286
12	34	0.00338555
41	92	0.00334789
40	93	0.00334789
51	75	0.00312312
12	54	0.00298983
104	121	0.00294546
105	120	0.00294546
43	77	0.00293723
98	104	0.00271746
36	56	0.00250921
28	134	0.00238889
10	127	0.00233147
11	126	0.00233147
11	92	0.00227276
10	93	0.00227276
82	92	0.00221216
12	28	0.00219557
65	115	0.00205753
93	127	0.00203797
29	42	0.00187527
28	43	0.00187527
23	45	0.00177398
121	136	0.0017643
120	137	0.0017643
40	92	0.00167395
57	69	0.00164348
51	74	0.00156156
50	75	0.00156156
23	63	0.00151425
104	120	0.00147273
42	77	0.00146862
43	76	0.00146862
127	141	0.00142961
13	135	0.00141565
57	111	0.00138664
5	127	0.00138164
75	91	-0.00132485
10	126	0.00116574
10	92	0.00113638
33	127	0.00110238
85	127	0.00105796
41	127	0.00105233
64	115	0.00102877
65	114	0.00102877
93	126	0.00101899
92	127	0.00101899
107	115	0.000996392
19	131	-0.000980475
1	99	0.000979551
19	27	0.000968087
28	42	0.000937637
22	45	0.00088699
23	44	0.00088699
120	136	0.00088215
19	85	0.000835294
11	41	0.000828304
56	69	0.00082174
57	68	0.00082174
91	133	0.000816571
50	74	0.00078078
22	63	0.000757127
23	62	0.000757127
42	76	0.000734308
73	115	0.000730822
127	140	0.000714805
126	141	0.000714805
13	134	0.000707823
12	135	0.000707823
56	111	0.000693318
57	110	0.000693318
4	127	0.000690819
5	126	0.000690819
74	91	-0.000662423
75	90	-0.000662423
55	77	0.000574472
15	83	0.000558678
33	126	0.000551189
32	127	0.000551189
83	85	0.000532829
85	126	0.000528978
84	127	0.000528978
35	135	0.000528627
41	126	0.000526167
40	127	0.000526167
105	139	0.000518396
64	114	0.000514383
129	133	0.000511407
92	126	0.000509493
11	83	0.000500224
106	115	0.000498196
107	114	0.000498196
18	131	-0.000490237
19	130	-0.000490237
0	99	0.000489776
1	98	0.000489776
18	27	0.000484044
19	26	0.000484044
13	43	0.000443884
22	44	0.000443495
19	84	0.000417647
18	85	0.000417647
11	40	0.000414152
10	41	0.000414152
56	68	0.00041087
90	133	0.000408286
91	132	0.000408286
22	62	0.000378563
72	115	0.000365411
73	114	0.000365411
126	140	0.000357403
35	55	0.000354638
12	134	0.000353912
56	110	0.000346659
4	126	0.00034541
74	90	-0.000331212
33	141	0.000325349
67	91	0.000319849
1	121	0.000306492
1	137	0.000304906
54	77	0.000287236
55	76	0.000287236
15	82	0.000279339
14	83	0.000279339
32	126	0.000275595
82	85	0.000266414
83	84	0.000266414
84	126	0.000264489
34	135	0.000264314
35	134	0.000264314
40	126	0.000263083
104	139	0.000259198
105	138	0.000259198
15	31	0.000255928
129	132	0.000255704
128	133	0.000255704
5	101	0.000255446
10	83	0.000250112
11	82	0.000250112
106	114	0.000249098
19	91	0.000247692
18	130	-0.000245119
0	98	0.000244888
15	127	0.000242963
18	26	0.000242022
63	127	0.000231441
91	129	0.000227516
13	42	0.000221942
12	43	0.000221942
11	63	0.000214619
1	105	0.000208861
18	84	0.000208823
10	40	0.000207076
31	81	0.000206884
55	135	0.000205417
90	132	0.000204143
25	145	0.000203175
99	125	0.000191604
72	114	0.000182706
91	101	0.000178764
34	55	0.000177319
35	54	0.000177319
33	140	0.000162674
32	141	0.000162674
67	90	0.000159925
66	91	0.000159925
101	125	0.000159268
1	120	0.000153246
0	121	0.000153246
0	137	0.000152453
1	136	0.000152453
63	85	0.000146978
54	76	0.000143618
11	15	0.00014052
14	82	0.00013967
65	133	0.000139271
82	84	0.000133207
34	134	0.000132157
104	138	0.000129599
65	129	0.000128902
15	30	0.000127964
14	31	0.000127964
128	132	0.000127852
4	101	0.000127723
5	100	0.000127723
35	43	0.000127351
10	82	0.000125056
18	91	0.000123846
19	90	0.000123846
47	91	-0.00012216
15	126	0.000121481
14	127	0.000121481
62	127	0.00011572
63	126	0.00011572
90	129	0.000113758
91	128	0.000113758
12	42	0.000110971
79	143	0.000108285
10	63	0.00010731
11	62	0.00010731
0	105	0.000104431
1	104	0.000104431
107	129	0.00010359
31	80	0.000103442
30	81	0.000103442
25	121	0.000102738
54	135	0.000102708
55	134	0.000102708
24	145	0.000101587
25	144	0.000101587
13	127	9.98157e-05
25	141	9.95437e-05
47	133	-9.63306e-05
98	125	9.58022e-05
99	124	9.58022e-05
15	81	9.48877e-05
33	63	9.47167e-05
65	91	9.28638e-05
15	19	8.99121e-05
91	100	8.93819e-05
90	101	8.93819e-05
34	54	8.86596e-05
105	125	8.40639e-05
91	131	-8.33982e-05
32	140	8.13372e-05
45	63	8.11042e-05
66	90	7.99623e-05
100	125	7.96339e-05
101	124	7.96339e-05
13	33	7.90792e-05
75	105	-7.78216e-05
83	127	7.74349e-05
0	120	7.6623e-05
125	131	-7.64859e-05
0	136	7.62265e-05
77	129	7.36264e-05
63	84	7.3489e-05
62	85	7.3489e-05
19	47	-7.22567e-05
11	14	7.02598e-05
10	15	7.02598e-05
65	132	6.96355e-05
64	133	6.96355e-05
64	129	6.44512e-05
65	128	6.44512e-05
33	45	6.41915e-05
14	30	6.39821e-05
4	100	6.38616e-05
34	43	6.36757e-05
35	42	6.36757e-05
33	77	6.25856e-05
18	90	6.1923e-05
47	90	-6.10801e-05
46	91	-6.10801e-05
14	126	6.07407e-05
41	55	6.03599e-05
62	126	5.78602e-05
1	125	5.73792e-05
90	128	5.68789e-05
25	127	5.61558e-05
79	142	5.41427e-05
78	143	5.41427e-05
10	62	5.36549e-05
0	104	5.22154e-05
107	128	5.1795e-05
106	129	5.1795e-05
30	80	5.17211e-05
25	120	5.13688e-05
24	121	5.13688e-05
54	134	5.13542e-05
24	144	5.07937e-05
12	127	4.99078e-05
13	126	4.99078e-05
25	140	4.97719e-05
24	141	4.97719e-05
46	133	-4.81653e-05
47	132	-4.81653e-05
98	124	4.79011e-05
77	127	4.7686e-05
15	80	4.74439e-05
14	81	4.74439e-05
33	62	4.73583e-05
32	63	4.73583e-05
64	91	4.64319e-05
65	90	4.64319e-05
49	143	4.56831e-05
29	55	4.53897e-05
14	19	4.49561e-05
15	18	4.49561e-05
90	100	4.4691e-05
5	143	4.44948e-05
13	141	4.30829e-05
45	91	4.22026e-05
105	124	4.20319e-05
104	125	4.20319e-05
91	130	-4.16991e-05
90	131	-4.16991e-05
85	143	4.16524e-05
131	149	-4.08369e-05
44	63	4.05521e-05
45	62	4.05521e-05
100	124	3.98169e-05
13	32	3.95396e-05
12	33	3.95396e-05
105	137	3.9359e-05
74	105	-3.89108e-05
75	104	-3.89108e-05
83	126	3.87175e-05
82	127	3.87175e-05
25	81	3.85052e-05
124	131	-3.82429e-05
125	130	-3.82429e-05
76	129	3.68132e-05
77	128	3.68132e-05
62	84	3.67445e-05
31	83	3.65842e-05
49	125	3.64184e-05
18	47	-3.61283e-05
19	46	-3.61283e-05
25	105	3.58299e-05
29	129	3.52813e-05
10	14	3.51299e-05
64	132	3.48177e-05
79	81	3.40953e-05
35	77	3.34265e-05
19	49	3.28294e-05
64	128	3.22256e-05
33	44	3.20958e-05
32	45	3.20958e-05
34	42	3.18378e-05
33	76	3.12928e-05
32	77	3.12928e-05
5	141	3.11666e-05
91	123	3.10633e-05
46	90	-3.054e-05
63	77	3.01952e-05
41	54	3.01799e-05
40	55	3.01799e-05
41	83	3.00019e-05
0	125	2.86896e-05
1	124	2.86896e-05
33	101	2.85648e-05
31	85	2.83139e-05
25	126	2.80779e-05
24	127	2.80779e-05
15	63	2.75234e-05
78	142	2.70714e-05
29	35	2.62278e-05
106	128	2.58975e-05
24	120	2.56844e-05
63	141	2.51265e-05
12	126	2.49539e-05
24	140	2.48859e-05
37	111	2.42921e-05
33	91	2.42764e-05
46	132	-2.40827e-05
76	127	2.3843e-05
77	126	2.3843e-05
14	80	2.37219e-05
32	62	2.36792e-05
5	67	2.36348e-05
11	33	2.33019e-05
64	90	2.3216e-05
11	85	2.29144e-05
81	85	2.29117e-05
49	142	2.28415e-05
48	143	2.28415e-05
29	54	2.26948e-05
28	55	2.26948e-05
14	18	2.2478e-05
5	142	2.22474e-05
4	143	2.22474e-05
49	99	2.1709e-05
45	101	2.16837e-05
25	33	2.16055e-05
12	141	2.15414e-05
13	140	2.15414e-05
44	91	2.11013e-05
45	90	2.11013e-05
104	124	2.1016e-05
90	130	-2.08496e-05
84	143	2.08262e-05
85	142	2.08262e-05
131	148	-2.04185e-05
130	149	-2.04185e-05
44	62	2.0276e-05
65	107	2.01617e-05
3	51	1.98854e-05
65	73	1.97703e-05
12	32	1.97698e-05
104	137	1.96795e-05
105	136	1.96795e-05
39	63	1.96268e-05
74	104	-1.94554e-05
82	126	1.93587e-05
24	81	1.92526e-05
25	80	1.92526e-05
124	130	-1.91215e-05
45	85	1.88557e-05
59	85	1.88361e-05
127	143	1.88262e-05
76	128	1.84066e-05
31	82	1.82921e-05
30	83	1.82921e-05
49	124	1.82092e-05
48	125	1.82092e-05
25	63	1.81108e-05
18	46	-1.80642e-05
25	85	1.7943e-05
25	104	1.7915e-05
24	105	1.7915e-05
55	93	1.77332e-05
28	129	1.76407e-05
29	128	1.76407e-05
5	79	1.76337e-05
23	81	1.76177e-05
71	125	1.75039e-05
78	81	1.70477e-05
79	80	1.70477e-05
23	25	1.68741e-05
35	76	1.67132e-05
34	77	1.67132e-05
19	48	1.64147e-05
18	49	1.64147e-05
5	41	1.60588e-05
32	44	1.60479e-05
32	76	1.56464e-05
4	141	1.55833e-05
5	140	1.55833e-05
91	122	1.55317e-05
90	123	1.55317e-05
25	99	1.54258e-05
121	125	1.52899e-05
63	76	1.50976e-05
62	77	1.50976e-05
40	54	1.509e-05
41	82	1.50009e-05
40	83	1.50009e-05
23	141	1.46208e-05
25	117	1.46042e-05
91	125	1.45877e-05
125	137	1.43811e-05
0	124	1.43448e-05
33	100	1.42824e-05
32	101	1.42824e-05
47	149	-1.42631e-05
30	85	1.41569e-05
31	84	1.41569e-05
24	126	1.40389e-05
83	143	1.37932e-05
14	63	1.37617e-05
15	62	1.37617e-05
47	125	-1.37098e-05
129	135	1.36296e-05
5	93	1.33725e-05
67	125	1.3307e-05
28	35	1.31139e-05
29	34	1.31139e-05
67	127	1.29873e-05
63	140	1.25632e-05
62	141	1.25632e-05
1	149	1.24984e-05
141	143	1.24867e-05
75	127	-1.24241e-05
45	77	1.2149e-05
36	111	1.2146e-05
37	110	1.2146e-05
32	91	1.21382e-05
33	90	1.21382e-05
33	145	1.21125e-05
55	129	1.19914e-05
76	126	1.19215e-05
4	67	1.18174e-05
5	66	1.18174e-05
11	32	1.16509e-05
10	33	1.16509e-05
10	85	1.14572e-05
11	84	1.14572e-05
81	84	1.14559e-05
80	85	1.14559e-05
48	142	1.14208e-05
28	54	1.13474e-05
65	69	1.13076e-05
13	93	1.11244e-05
4	142	1.11237e-05
33	67	1.10987e-05
101	123	1.09783e-05
49	98	1.08545e-05
48	99	1.08545e-05
45	100	1.08419e-05
44	101	1.08419e-05
25	32	1.08027e-05
24	33	1.08027e-05
12	140	1.07707e-05
55	65	1.07362e-05
55	127	1.05653e-05
44	90	1.05507e-05
71	131	-1.04973e-05
91	105	1.04211e-05
84	142	1.04131e-05
130	148	-1.02092e-05
25	143	1.01093e-05
64	107	1.00808e-05
65	106	1.00808e-05
2	51	9.94268e-06
3	50	9.94268e-06
65	72	9.88516e-06
64	73	9.88516e-06
104	136	9.83975e-06
39	62	9.81342e-06
38	63	9.81342e-06
24	80	9.62629e-06
45	84	9.42787e-06
44	85	9.42787e-06
59	84	9.41807e-06
58	85	9.41807e-06
126	143	9.41312e-06
127	142	9.41312e-06
33	55	9.2546e-06
33	65	9.23139e-06
49	137	9.15335e-06
30	82	9.14604e-06
48	124	9.10459e-06
25	62	9.05538e-06
24	63	9.05538e-06
25	84	8.97148e-06
24	85	8.97148e-06
24	104	8.95749e-06
55	92	8.86659e-06
54	93	8.86659e-06
28	128	8.82033e-06
4	79	8.81684e-06
5	78	8.81684e-06
22	81	8.80887e-06
23	80	8.80887e-06
70	125	8.75196e-06
71	124	8.75196e-06
27	85	8.54615e-06
78	80	8.52384e-06
101	127	8.44036e-06
23	24	8.43707e-06
22	25	8.43707e-06
34	76	8.35661e-06
75	125	-8.31074e-06
47	71	-8.28342e-06
18	48	8.20735e-06
65	67	8.12148e-06
75	131	8.04102e-06
11	141	8.03581e-06
5	40	8.0294e-06
4	41	8.0294e-06
1	131	-7.96017e-06
105	145	7.83286e-06
4	140	7.79165e-06
5	85	7.78337e-06
90	122	7.76583e-06
21	57	7.72104e-06
24	99	7.71289e-06
25	98	7.71289e-06
120	125	7.64493e-06
121	124	7.64493e-06
65	75	-7.63899e-06
62	76	7.54881e-06
25	93	7.53058e-06
40	82	7.50047e-06
91	127	7.3805e-06
22	141	7.31039e-06
23	140	7.31039e-06
25	116	7.30209e-06
24	117	7.30209e-06
91	124	7.29385e-06
90	125	7.29385e-06
125	136	7.19055e-06
124	137	7.19055e-06
32	100	7.14119e-06
46	149	-7.13154e-06
47	148	-7.13154e-06
93	123	7.1312e-06
33	75	-7.12819e-06
11	13	7.12131e-06
30	84	7.07846e-06
25	75	-7.00557e-06
131	133	-6.98354e-06
37	139	6.89769e-06
83	142	6.89659e-06
82	143	6.89659e-06
14	62	6.88084e-06
47	124	-6.85491e-06
46	125	-6.85491e-06
128	135	6.81482e-06
129	134	6.81482e-06
4	93	6.68623e-06
5	92	6.68623e-06
67	123	6.66744e-06
67	124	6.65348e-06
66	125	6.65348e-06
3	117	-6.6193e-06
19	71	6.57795e-06
28	34	6.55695e-06
11	55	6.54444e-06
67	126	6.49366e-06
66	127	6.49366e-06
3	25	-6.34379e-06
45	127	6.28735e-06
62	140	6.28162e-06
1	148	6.2492e-06
0	149	6.2492e-06
140	143	6.24333e-06
141	142	6.24333e-06
13	41	6.24218e-06
74	127	-6.21204e-06
75	126	-6.21204e-06
45	76	6.07452e-06
44	77	6.07452e-06
36	110	6.07302e-06
32	90	6.06911e-06
32	145	6.05624e-06
33	144	6.05624e-06
55	128	5.99568e-06
54	129	5.99568e-06
15	101	5.91785e-06
4	66	5.9087e-06
10	32	5.82547e-06
47	75	5.75189e-06
10	84	5.72859e-06
80	84	5.72793e-06
64	69	5.65378e-06
65	68	5.65378e-06
12	93	5.56218e-06
13	92	5.56218e-06
33	66	5.54933e-06
32	67	5.54933e-06
39	127	5.53013e-06
101	122	5.48914e-06
100	123	5.48914e-06
81	143	5.43439e-06
48	98	5.42724e-06
44	100	5.42094e-06
24	32	5.40137e-06
55	64	5.3681e-06
54	65	5.3681e-06
55	126	5.28266e-06
54	127	5.28266e-06
31	127	5.25429e-06
70	131	-5.24863e-06
71	130	-5.24863e-06
91	104	5.21055e-06
90	105	5.21055e-06
49	59	5.20997e-06
41	141	5.05515e-06
24	143	5.05466e-06
25	142	5.05466e-06
64	106	5.04042e-06
2	50	4.97134e-06
64	72	4.94258e-06
37	129	4.93083e-06
38	62	4.90671e-06
121	145	4.897e-06
55	63	4.87356e-06
1	47	-4.72827e-06
44	84	4.71393e-06
58	84	4.70904e-06
126	142	4.70656e-06
32	55	4.6273e-06
33	54	4.6273e-06
33	64	4.61569e-06
32	65	4.61569e-06
48	137	4.57668e-06
49	136	4.57668e-06
13	25	4.53517e-06
24	62	4.52769e-06
115	129	4.52289e-06
5	83	4.492e-06
24	84	4.48574e-06
54	92	4.4333e-06
15	45	4.41936e-06
45	81	4.41455e-06
4	78	4.40842e-06
22	80	4.40444e-06
75	133	-4.40287e-06
70	124	4.37598e-06
27	84	4.27308e-06
26	85	4.27308e-06
83	101	4.22724e-06
100	127	4.22018e-06
101	126	4.22018e-06
22	24	4.21853e-06
74	125	-4.15537e-06
75	124	-4.15537e-06
46	71	-4.14171e-06
47	70	-4.14171e-06
19	45	4.12021e-06
64	67	4.06074e-06
65	66	4.06074e-06
45	67	4.03078e-06
74	131	4.02051e-06
75	130	4.02051e-06
10	141	4.01791e-06
11	140	4.01791e-06
4	40	4.0147e-06
81	127	4.00799e-06
0	131	-3.98008e-06
1	130	-3.98008e-06
65	77	3.95558e-06
105	144	3.91643e-06
104	145	3.91643e-06
5	84	3.89168e-06
4	85	3.89168e-06
29	105	3.87365e-06
21	56	3.86052e-06
20	57	3.86052e-06
24	98	3.85645e-06
25	125	3.84199e-06
120	124	3.82247e-06
64	75	-3.81949e-06
65	74	-3.81949e-06
24	93	3.76529e-06
25	92	3.76529e-06
90	127	3.69025e-06
91	126	3.69025e-06
19	83	3.67837e-06
65	123	3.6783e-06
22	140	3.6552e-06
24	116	3.65104e-06
90	124	3.64693e-06
124	136	3.59528e-06
46	148	-3.56577e-06
93	122	3.5656e-06
92	123	3.5656e-06
33	74	-3.5641e-06
32	75	-3.5641e-06
10	13	3.56066e-06
11	12	3.56066e-06
15	93	3.54308e-06
59	81	3.51713e-06
43	55	3.51391e-06
24	75	-3.50279e-06
25	74	-3.50279e-06
67	107	3.49407e-06
131	132	-3.49177e-06
130	133	-3.49177e-06
45	141	3.45503e-06
36	139	3.44884e-06
37	138	3.44884e-06
82	142	3.44829e-06
46	124	-3.42746e-06
128	134	3.40741e-06
123	133	3.40308e-06
123	125	3.3563e-06
4	92	3.34312e-06
67	122	3.33372e-06
66	123	3.33372e-06
66	124	3.32674e-06
91	121	3.31053e-06
2	117	-3.30965e-06
3	116	-3.30965e-06
18	71	3.28898e-06
19	70	3.28898e-06
11	54	3.27222e-06
10	55	3.27222e-06
19	101	3.24894e-06
66	126	3.24683e-06
2	25	-3.1719e-06
3	24	-3.1719e-06
43	129	3.15892e-06
15	67	3.15746e-06
45	126	3.14368e-06
44	127	3.14368e-06
65	127	3.12509e-06
0	148	3.1246e-06
140	142	3.12166e-06
13	40	3.12109e-06
12	41	3.12109e-06
27	91	3.11092e-06
74	126	-3.10602e-06
44	76	3.03726e-06
32	144	3.02812e-06
54	128	2.99784e-06
25	29	2.99589e-06
14	101	2.95892e-06
15	100	2.95892e-06
67	141	2.94975e-06
46	75	2.87594e-06
47	74	2.87594e-06
64	68	2.82689e-06
12	92	2.78109e-06
32	66	2.77467e-06
49	147	2.76944e-06
5	45	2.76532e-06
39	126	2.76506e-06
38	127	2.76506e-06
93	141	2.74741e-06
100	122	2.74457e-06
81	142	2.71719e-06
80	143	2.71719e-06
54	64	2.68405e-06
54	126	2.64133e-06
31	126	2.62714e-06
30	127	2.62714e-06
70	130	-2.62431e-06
90	104	2.60527e-06
49	58	2.60499e-06
48	59	2.60499e-06
25	39	2.60388e-06
45	129	2.58495e-06
23	115	2.57695e-06
25	79	2.57162e-06
23	85	2.56926e-06
45	65	2.54118e-06
63	65	2.53359e-06
41	140	2.52757e-06
40	141	2.52757e-06
24	142	2.52733e-06
75	145	-2.50581e-06
13	129	2.48547e-06
13	63	2.4815e-06
36	129	2.46542e-06
37	128	2.46542e-06
69	139	2.45163e-06
120	145	2.4485e-06
121	144	2.4485e-06
54	63	2.43678e-06
55	62	2.43678e-06
1	46	-2.36414e-06
0	47	-2.36414e-06
59	127	2.34219e-06
5	11	2.31667e-06
32	54	2.31365e-06
32	64	2.30785e-06
15	65	2.30502e-06
11	25	2.29789e-06
48	136	2.28834e-06
12	25	2.26759e-06
13	24	2.26759e-06
114	129	2.26144e-06
115	128	2.26144e-06
27	147	2.25109e-06
5	82	2.246e-06
4	83	2.246e-06
19	143	2.23454e-06
15	44	2.20968e-06
14	45	2.20968e-06
45	80	2.20727e-06
44	81	2.20727e-06
29	125	2.2063e-06
74	133	-2.20144e-06
75	132	-2.20144e-06
137	141	2.14694e-06
75	123	-2.1432e-06
33	105	2.14142e-06
26	84	2.13654e-06
31	143	2.13521e-06
5	19	2.12888e-06
125	133	2.12319e-06
83	100	2.11362e-06
82	101	2.11362e-06
100	126	2.11009e-06
93	115	2.09844e-06
33	93	2.08911e-06
101	143	2.08014e-06
74	124	-2.07768e-06
46	70	-2.07085e-06
73	129	2.0675e-06
19	44	2.06011e-06
18	45	2.06011e-06
64	66	2.03037e-06
45	66	2.01539e-06
44	67	2.01539e-06
74	130	2.01026e-06
10	140	2.00895e-06
80	127	2.004e-06
81	126	2.004e-06
0	130	-1.99004e-06
65	76	1.97779e-06
64	77	1.97779e-06
69	111	1.97052e-06
45	75	-1.96806e-06
25	77	1.96094e-06
104	144	1.95821e-06
15	27	1.95313e-06
4	84	1.94584e-06
79	83	1.93765e-06
28	105	1.93682e-06
29	104	1.93682e-06
20	56	1.93026e-06
24	125	1.921e-06
25	124	1.921e-06
25	83	1.91253e-06
64	74	-1.90975e-06
5	63	1.88794e-06
24	92	1.88265e-06
81	141	1.87468e-06
59	83	1.85555e-06
90	126	1.84513e-06
18	83	1.83918e-06
19	82	1.83918e-06
64	123	1.83915e-06
65	122	1.83915e-06
99	139	1.82918e-06
5	33	1.81324e-06
93	125	1.81266e-06
92	122	1.7828e-06
32	74	-1.78205e-06
10	12	1.78033e-06
15	92	1.77154e-06
14	93	1.77154e-06
59	80	1.75856e-06
58	81	1.75856e-06
43	54	1.75695e-06
42	55	1.75695e-06
33	85	1.75228e-06
24	74	-1.75139e-06
1	49	1.74753e-06
67	106	1.74704e-06
66	107	1.74704e-06
130	132	-1.74589e-06
67	85	1.73908e-06
44	141	1.72751e-06
45	140	1.72751e-06
36	138	1.72442e-06
49	121	1.72219e-06
67	129	1.71856e-06
123	132	1.70154e-06
122	133	1.70154e-06
77	91	1.68717e-06
19	147	1.6819e-06
122	125	1.67815e-06
123	124	1.67815e-06
91	145	1.66824e-06
66	122	1.66686e-06
115	133	1.66469e-06
90	121	1.65526e-06
91	120	1.65526e-06
2	116	-1.65482e-06
18	70	1.64449e-06
10	54	1.63611e-06
47	123	-1.63224e-06
18	101	1.62447e-06
19	100	1.62447e-06
41	63	1.6166e-06
41	67	1.60846e-06
2	24	-1.58595e-06
42	129	1.57946e-06
43	128	1.57946e-06
14	67	1.57873e-06
15	66	1.57873e-06
44	126	1.57184e-06
64	127	1.56254e-06
65	126	1.56254e-06
12	40	1.56055e-06
107	139	1.55975e-06
26	91	1.55546e-06
27	90	1.55546e-06
13	107	1.54188e-06
24	29	1.49794e-06
25	28	1.49794e-06
14	100	1.47946e-06
67	140	1.47488e-06
66	141	1.47488e-06
46	74	1.43797e-06
55	107	1.41116e-06
19	125	1.40425e-06
15	91	1.40272e-06
49	146	1.38472e-06
48	147	1.38472e-06
4	45	1.38266e-06
5	44	1.38266e-06
38	126	1.38253e-06
92	141	1.37371e-06
93	140	1.37371e-06
21	69	1.37069e-06
5	125	1.36456e-06
80	142	1.3586e-06
137	145	1.33256e-06
30	126	1.31357e-06
25	137	1.31002e-06
48	58	1.30249e-06
25	38	1.30194e-06
24	39	1.30194e-06
44	129	1.29248e-06
45	128	1.29248e-06
77	105	1.28865e-06
22	115	1.28848e-06
23	114	1.28848e-06
25	78	1.28581e-06
24	79	1.28581e-06
22	85	1.28463e-06
23	84	1.28463e-06
23	129	1.28421e-06
77	141	1.27877e-06
45	64	1.27059e-06
44	65	1.27059e-06
62	65	1.2668e-06
63	64	1.2668e-06
40	140	1.26379e-06
89	115	1.25304e-06
74	145	-1.25291e-06
75	144	-1.25291e-06
13	128	1.24273e-06
12	129	1.24273e-06
12	63	1.24075e-06
13	62	1.24075e-06
36	128	1.23271e-06
69	138	1.22582e-06
68	139	1.22582e-06
120	144	1.22425e-06
85	91	1.22315e-06
54	62	1.21839e-06
49	145	1.20524e-06
69	129	1.20423e-06
15	41	1.19225e-06
0	46	-1.18207e-06
59	126	1.1711e-06
58	127	1.1711e-06
5	10	1.15834e-06
4	11	1.15834e-06
47	65	-1.15527e-06
15	64	1.15251e-06
14	65	1.15251e-06
10	25	1.14894e-06
11	24	1.14894e-06
51	87	1.14222e-06
12	24	1.13379e-06
114	128	1.13072e-06
23	33	1.12639e-06
26	147	1.12554e-06
27	146	1.12554e-06
25	45	1.12373e-06
4	82	1.123e-06
85	101	1.12242e-06
18	143	1.11727e-06
19	142	1.11727e-06
77	101	1.10863e-06
14	44	1.10484e-06
44	80	1.10364e-06
28	125	1.10315e-06
29	124	1.10315e-06
74	132	-1.10072e-06
136	141	1.07347e-06
137	140	1.07347e-06
74	123	-1.0716e-06
75	122	-1.0716e-06
33	104	1.07071e-06
32	105	1.07071e-06
31	142	1.0676e-06
30	143	1.0676e-06
5	18	1.06444e-06
4	19	1.06444e-06
67	73	1.06414e-06
124	133	1.06159e-06
125	132	1.06159e-06
82	100	1.05681e-06
93	114	1.04922e-06
92	115	1.04922e-06
33	92	1.04455e-06
32	93	1.04455e-06
100	143	1.04007e-06
101	142	1.04007e-06
29	127	1.03446e-06
72	129	1.03375e-06
73	128	1.03375e-06
18	44	1.03005e-06
129	139	1.02201e-06
11	115	1.01487e-06
44	66	1.0077e-06
3	75	1.00709e-06
80	126	1.002e-06
64	76	9.88896e-07
85	141	9.85359e-07
69	110	9.85261e-07
68	111	9.85261e-07
45	74	-9.84029e-07
44	75	-9.84029e-07
65	101	9.83795e-07
25	76	9.80471e-07
24	77	9.80471e-07
15	26	9.76566e-07
14	27	9.76566e-07
19	31	9.75829e-07
78	83	9.68823e-07
79	82	9.68823e-07
28	104	9.68411e-07
45	71	9.67626e-07
55	141	9.6556e-07
49	91	9.64298e-07
24	124	9.60498e-07
93	101	9.5698e-07
121	139	9.56523e-07
24	83	9.56265e-07
25	82	9.56265e-07
99	141	9.54803e-07
5	62	9.43968e-07
4	63	9.43968e-07
80	141	9.37339e-07
81	140	9.37339e-07
65	93	9.35349e-07
33	135	9.34227e-07
58	83	9.27777e-07
59	82	9.27777e-07
18	82	9.19592e-07
64	122	9.19574e-07
98	139	9.14591e-07
99	138	9.14591e-07
4	33	9.0662e-07
5	32	9.0662e-07
93	124	9.06331e-07
92	125	9.06331e-07
14	92	8.85771e-07
58	80	8.79282e-07
42	54	8.78476e-07
33	84	8.76142e-07
32	85	8.76142e-07
1	48	8.73766e-07
0	49	8.73766e-07
66	106	8.73519e-07
99	149	8.69619e-07
66	85	8.69542e-07
67	84	8.69542e-07
44	140	8.63757e-07
49	120	8.61094e-07
48	121	8.61094e-07
67	128	8.59281e-07
66	129	8.59281e-07
122	132	8.50771e-07
15	23	8.47545e-07
45	125	8.44669e-07
77	90	8.43584e-07
76	91	8.43584e-07
5	91	8.41183e-07
18	147	8.40952e-07
19	146	8.40952e-07
122	124	8.39075e-07
91	144	8.34119e-07
90	145	8.34119e-07
63	83	8.34016e-07
15	55	8.32915e-07
114	133	8.32345e-07
115	132	8.32345e-07
90	120	8.27632e-07
47	122	-8.16121e-07
46	123	-8.16121e-07
18	100	8.12234e-07
41	62	8.08298e-07
40	63	8.08298e-07
41	66	8.04228e-07
40	67	8.04228e-07
55	67	7.90871e-07
42	128	7.89731e-07
14	66	7.89366e-07
1	91	7.89128e-07
67	115	7.88301e-07
81	83	7.81533e-07
64	126	7.81272e-07
107	138	7.79875e-07
106	139	7.79875e-07
85	93	7.79359e-07
26	90	7.77731e-07
13	106	7.70941e-07
12	107	7.70941e-07
24	28	7.48972e-07
19	149	7.38599e-07
63	81	7.38416e-07
66	140	7.37438e-07
49	101	7.31268e-07
83	123	7.30912e-07
11	81	7.27485e-07
5	59	7.26486e-07
29	33	7.18553e-07
54	107	7.05581e-07
55	106	7.05581e-07
18	125	7.02127e-07
19	124	7.02127e-07
14	91	7.01359e-07
15	90	7.01359e-07
91	99	6.93136e-07
48	146	6.92359e-07
4	44	6.91331e-07
92	140	6.86853e-07
21	68	6.85345e-07
20	69	6.85345e-07
4	125	6.82279e-07
5	124	6.82279e-07
77	85	6.81976e-07
136	145	6.66281e-07
137	144	6.66281e-07
125	127	6.65101e-07
25	136	6.55012e-07
24	137	6.55012e-07
3	33	-6.54956e-07
83	115	6.52213e-07
24	38	6.5097e-07
19	59	6.48447e-07
44	128	6.46238e-07
77	104	6.44325e-07
76	105	6.44325e-07
22	114	6.44238e-07
24	78	6.42906e-07
22	84	6.42315e-07
22	129	6.42107e-07
23	128	6.42107e-07
77	140	6.39385e-07
76	141	6.39385e-07
25	59	6.3569e-07
44	64	6.35294e-07
62	64	6.33398e-07
91	115	6.31963e-07
89	114	6.26522e-07
88	115	6.26522e-07
74	144	-6.26453e-07
55	91	6.2262e-07
12	128	6.21366e-07
12	62	6.20376e-07
68	138	6.12908e-07
84	91	6.11577e-07
85	90	6.11577e-07
49	144	6.02619e-07
48	145	6.02619e-07
68	129	6.02116e-07
69	128	6.02116e-07
15	40	5.96125e-07
14	41	5.96125e-07
1	29	5.8951e-07
58	126	5.85549e-07
4	10	5.79168e-07
47	64	-5.77634e-07
46	65	-5.77634e-07
14	64	5.76256e-07
10	24	5.74472e-07
63	101	5.74431e-07
50	87	5.7111e-07
51	86	5.7111e-07
59	79	5.70788e-07
125	129	5.69503e-07
23	32	5.63197e-07
22	33	5.63197e-07
26	146	5.62772e-07
25	44	5.61863e-07
24	45	5.61863e-07
84	101	5.6121e-07
85	100	5.6121e-07
18	142	5.58635e-07
37	65	5.5616e-07
76	101	5.54315e-07
77	100	5.54315e-07
59	125	5.51668e-07
28	124	5.51574e-07
111	135	5.40882e-07
25	91	5.3847e-07
136	140	5.36736e-07
74	122	-5.358e-07
32	104	5.35355e-07
30	142	5.33802e-07
4	18	5.3222e-07
66	73	5.32068e-07
67	72	5.32068e-07
124	132	5.30797e-07
59	141	5.29982e-07
92	114	5.24609e-07
32	92	5.22277e-07
100	142	5.20034e-07
11	91	5.19726e-07
29	126	5.17229e-07
28	127	5.17229e-07
72	128	5.16874e-07
67	93	5.16775e-07
63	93	5.12552e-07
129	138	5.11007e-07
128	139	5.11007e-07
19	67	5.10451e-07
11	114	5.07437e-07
10	115	5.07437e-07
3	74	5.03543e-07
2	75	5.03543e-07
101	141	5.0228e-07
23	91	4.99351e-07
85	140	4.9268e-07
84	141	4.9268e-07
68	110	4.9263e-07
44	74	-4.92015e-07
64	101	4.91897e-07
65	100	4.91897e-07
24	76	4.90236e-07
14	26	4.88283e-07
18	31	4.87915e-07
19	30	4.87915e-07
75	121	-4.87628e-07
77	125	4.86957e-07
78	82	4.84412e-07
44	71	4.83813e-07
45	70	4.83813e-07
54	141	4.8278e-07
55	140	4.8278e-07
49	90	4.82149e-07
48	91	4.82149e-07
47	105	-4.80961e-07
65	135	4.7961e-07
92	101	4.7849e-07
93	100	4.7849e-07
121	138	4.78261e-07
120	139	4.78261e-07
24	82	4.78133e-07
15	115	4.77719e-07
98	141	4.77401e-07
99	140	4.77401e-07
4	62	4.71984e-07
80	140	4.6867e-07
64	93	4.67674e-07
65	92	4.67674e-07
33	134	4.67114e-07
32	135	4.67114e-07
25	49	4.65315e-07
58	82	4.63888e-07
1	59	4.59542e-07
98	138	4.57296e-07
105	131	-4.54707e-07
4	32	4.5331e-07
92	124	4.53166e-07
115	123	4.39521e-07
32	84	4.38071e-07
0	48	4.36883e-07
98	149	4.34809e-07
99	148	4.34809e-07
66	84	4.34771e-07
25	129	4.32138e-07
33	51	-4.31897e-07
48	120	4.30547e-07
66	128	4.2964e-07
33	117	4.29028e-07
33	41	4.25337e-07
14	23	4.23773e-07
15	22	4.23773e-07
75	87	4.22397e-07
44	125	4.22334e-07
45	124	4.22334e-07
76	90	4.21792e-07
5	90	4.20592e-07
4	91	4.20592e-07
18	146	4.20476e-07
90	144	4.1706e-07
62	83	4.17008e-07
63	82	4.17008e-07
15	54	4.16457e-07
14	55	4.16457e-07
114	132	4.16173e-07
31	59	4.1602e-07
141	145	4.12359e-07
46	122	-4.0806e-07
40	62	4.04149e-07
40	66	4.02114e-07
31	79	3.98278e-07
54	67	3.95436e-07
55	66	3.95436e-07
1	90	3.94564e-07
0	91	3.94564e-07
51	105	-3.94299e-07
66	115	3.94151e-07
67	114	3.94151e-07
81	82	3.90766e-07
80	83	3.90766e-07
106	138	3.89937e-07
85	92	3.8968e-07
84	93	3.8968e-07
12	106	3.85471e-07
15	77	3.73455e-07
23	107	3.6942e-07
18	149	3.693e-07
19	148	3.693e-07
63	80	3.69208e-07
62	81	3.69208e-07
49	100	3.65634e-07
48	101	3.65634e-07
83	122	3.65456e-07
82	123	3.65456e-07
10	81	3.63743e-07
11	80	3.63743e-07
5	25	3.6346e-07
5	58	3.63243e-07
4	59	3.63243e-07
55	115	3.62047e-07
25	51	-3.60436e-07
28	33	3.59277e-07
29	32	3.59277e-07
121	149	3.5652e-07
99	145	3.54833e-07
23	65	3.54694e-07
54	106	3.52791e-07
18	124	3.51064e-07
14	90	3.5068e-07
13	65	3.50199e-07
90	99	3.46568e-07
91	98	3.46568e-07
19	127	3.42997e-07
20	68	3.42672e-07
4	124	3.41139e-07
19	81	3.41054e-07
76	85	3.40988e-07
77	84	3.40988e-07
105	141	3.36092e-07
136	144	3.33141e-07
124	127	3.32551e-07
125	126	3.32551e-07
24	136	3.27506e-07
2	33	-3.27478e-07
3	32	-3.27478e-07
83	114	3.26106e-07
82	115	3.26106e-07
18	59	3.24223e-07
19	58	3.24223e-07
51	127	-3.2323e-07
76	104	3.22162e-07
101	129	3.21526e-07
22	128	3.21054e-07
76	140	3.19693e-07
25	58	3.17845e-07
24	59	3.17845e-07
91	114	3.15982e-07
90	115	3.15982e-07
81	121	3.15134e-07
63	115	3.1495e-07
88	114	3.13261e-07
63	67	3.13063e-07
54	91	3.1131e-07
55	90	3.1131e-07
67	83	3.10376e-07
51	65	-3.09307e-07
71	121	3.0823e-07
71	149	3.06922e-07
84	90	3.05788e-07
51	69	-3.0523e-07
39	77	3.04972e-07
75	129	-3.03347e-07
48	144	3.0131e-07
68	128	3.01058e-07
14	40	2.98062e-07
105	127	2.95362e-07
1	28	2.94755e-07
0	29	2.94755e-07
79	85	2.90495e-07
71	109	2.89874e-07
46	64	-2.88817e-07
63	100	2.87215e-07
62	101	2.87215e-07
50	86	2.85555e-07
59	78	2.85394e-07
58	79	2.85394e-07
124	129	2.84752e-07
125	128	2.84752e-07
23	77	2.82741e-07
125	143	2.82615e-07
39	141	2.8237e-07
13	85	2.8196e-07
22	32	2.81599e-07
24	44	2.80932e-07
105	129	2.80718e-07
84	100	2.80605e-07
11	117	2.7859e-07
15	33	2.78554e-07
36	65	2.7808e-07
37	64	2.7808e-07
77	93	2.77915e-07
76	100	2.77158e-07
58	125	2.75834e-07
59	124	2.75834e-07
59	131	-2.74486e-07
125	141	2.74422e-07
11	101	2.72263e-07
27	83	2.7166e-07
110	135	2.70441e-07
111	134	2.70441e-07
117	145	2.69896e-07
24	91	2.69235e-07
25	90	2.69235e-07
55	101	2.68808e-07
49	131	-2.67565e-07
29	121	2.6677e-07
66	72	2.66034e-07
53	115	2.65935e-07
13	105	2.65808e-07
59	140	2.64991e-07
58	141	2.64991e-07
13	83	2.63854e-07
19	133	2.63114e-07
11	90	2.59863e-07
10	91	2.59863e-07
23	39	2.58714e-07
28	126	2.58614e-07
66	93	2.58388e-07
67	92	2.58388e-07
62	93	2.56276e-07
63	92	2.56276e-07
128	138	2.55503e-07
18	67	2.55225e-07
19	66	2.55225e-07
10	114	2.53719e-07
2	74	2.51772e-07
21	37	2.51765e-07
101	140	2.5114e-07
100	141	2.5114e-07
99	131	-2.51016e-07
22	91	2.49676e-07
23	90	2.49676e-07
31	41	2.4751e-07
84	140	2.4634e-07
64	100	2.45949e-07
117	123	2.45792e-07
18	30	2.43957e-07
75	120	-2.43814e-07
74	121	-2.43814e-07
76	125	2.43478e-07
77	124	2.43478e-07
44	70	2.41906e-07
54	140	2.4139e-07
48	90	2.41074e-07
46	105	-2.4048e-07
47	104	-2.4048e-07
64	135	2.39805e-07
65	134	2.39805e-07
92	100	2.39245e-07
120	138	2.39131e-07
15	114	2.38859e-07
14	115	2.38859e-07
98	140	2.38701e-07
29	93	2.3626e-07
59	121	2.36226e-07
29	99	2.35441e-07
64	92	2.33837e-07
32	134	2.33557e-07
135	145	2.33406e-07
24	49	2.32657e-07
25	48	2.32657e-07
0	59	2.29771e-07
1	58	2.29771e-07
11	77	2.28849e-07
19	129	2.2807e-07
105	130	-2.27353e-07
104	131	-2.27353e-07
59	101	2.22554e-07
115	122	2.19761e-07
114	123	2.19761e-07
98	148	2.17405e-07
77	107	2.17308e-07
25	128	2.16069e-07
24	129	2.16069e-07
33	50	-2.15949e-07
32	51	-2.15949e-07
19	79	2.15412e-07
33	116	2.14514e-07
32	117	2.14514e-07
33	40	2.12668e-07
32	41	2.12668e-07
45	133	2.1202e-07
14	22	2.11886e-07
25	115	2.11498e-07
74	87	2.11199e-07
75	86	2.11199e-07
44	124	2.11167e-07
4	90	2.10296e-07
33	125	2.09873e-07
81	99	2.08862e-07
62	82	2.08504e-07
14	54	2.08229e-07
30	59	2.0801e-07
31	58	2.0801e-07
123	131	-2.07048e-07
49	83	2.06887e-07
140	145	2.0618e-07
141	144	2.0618e-07
25	135	2.05467e-07
83	107	2.00146e-07
31	78	1.99139e-07
30	79	1.99139e-07
54	66	1.97718e-07
0	90	1.97282e-07
50	105	-1.9715e-07
51	104	-1.9715e-07
66	114	1.97075e-07
80	82	1.95383e-07
84	92	1.9484e-07
95	147	1.91485e-07
29	65	1.89897e-07
109	125	1.88565e-07
11	67	1.88144e-07
15	76	1.86727e-07
14	77	1.86727e-07
47	121	-1.85974e-07
27	117	1.8532e-07
33	115	1.84718e-07
22	107	1.8471e-07
23	106	1.8471e-07
18	148	1.8465e-07
62	80	1.84604e-07
11	19	1.83758e-07
29	141	1.83165e-07
48	100	1.82817e-07
82	122	1.82728e-07
15	25	1.8203e-07
85	131	-1.82021e-07
10	80	1.81871e-07
4	25	1.8173e-07
5	24	1.8173e-07
4	58	1.81621e-07
45	131	-1.81315e-07
55	114	1.81023e-07
54	115	1.81023e-07
24	51	-1.80218e-07
25	50	-1.80218e-07
71	105	1.79957e-07
28	32	1.79638e-07
120	149	1.7826e-07
121	148	1.7826e-07
71	99	1.77753e-07
98	145	1.77416e-07
99	144	1.77416e-07
23	64	1.77347e-07
22	65	1.77347e-07
29	139	1.77334e-07
69	105	1.76786e-07
91	93	1.76729e-07
33	143	1.75299e-07
12	65	1.75099e-07
13	64	1.75099e-07
90	98	1.73284e-07
123	129	1.72647e-07
115	139	1.72133e-07
63	135	1.71536e-07
18	127	1.71499e-07
19	126	1.71499e-07
19	80	1.70527e-07
18	81	1.70527e-07
76	84	1.70494e-07
65	145	1.70217e-07
104	141	1.68046e-07
105	140	1.68046e-07
124	126	1.66275e-07
25	55	1.65945e-07
91	107	1.65588e-07
2	32	-1.63739e-07
82	114	1.63053e-07
79	141	1.62614e-07
18	58	1.62112e-07
11	23	1.61967e-07
50	127	-1.61615e-07
51	126	-1.61615e-07
69	135	1.61382e-07
101	128	1.60763e-07
100	129	1.60763e-07
77	133	1.60446e-07
49	105	1.59376e-07
24	58	1.58922e-07
71	133	1.58744e-07
90	114	1.57991e-07
80	121	1.57567e-07
81	120	1.57567e-07
62	115	1.57475e-07
63	114	1.57475e-07
93	143	1.57047e-07
62	67	1.56531e-07
63	66	1.56531e-07
63	129	1.55915e-07
54	90	1.55655e-07
66	83	1.55188e-07
67	82	1.55188e-07
79	127	1.54764e-07
50	65	-1.54653e-07
51	64	-1.54653e-07
70	121	1.54115e-07
71	120	1.54115e-07
70	149	1.53461e-07
71	148	1.53461e-07
51	68	-1.52615e-07
50	69	-1.52615e-07
38	77	1.52486e-07
39	76	1.52486e-07
75	128	-1.51673e-07
74	129	-1.51673e-07
65	83	1.50167e-07
104	127	1.47681e-07
105	126	1.47681e-07
0	28	1.47377e-07
121	131	-1.46132e-07
13	15	1.45907e-07
79	84	1.45247e-07
78	85	1.45247e-07
70	109	1.44937e-07
71	108	1.44937e-07
62	100	1.43608e-07
5	15	1.43491e-07
58	78	1.42697e-07
124	128	1.42376e-07
17	109	1.42169e-07
13	101	1.41522e-07
85	107	1.41406e-07
22	77	1.41371e-07
23	76	1.41371e-07
124	143	1.41307e-07
125	142	1.41307e-07
39	140	1.41185e-07
38	141	1.41185e-07
107	133	1.41108e-07
13	84	1.4098e-07
12	85	1.4098e-07
37	135	1.40647e-07
105	128	1.40359e-07
104	129	1.40359e-07
11	116	1.39295e-07
10	117	1.39295e-07
14	33	1.39277e-07
15	32	1.39277e-07
36	64	1.3904e-07
3	127	-1.39002e-07
76	93	1.38958e-07
77	92	1.38958e-07
58	124	1.37917e-07
59	130	-1.37243e-07
58	131	-1.37243e-07
124	141	1.37211e-07
125	140	1.37211e-07
41	85	1.36483e-07
11	100	1.36131e-07
10	101	1.36131e-07
26	83	1.3583e-07
27	82	1.3583e-07
29	107	1.35375e-07
11	65	1.35363e-07
110	134	1.35221e-07
117	144	1.34948e-07
116	145	1.34948e-07
24	90	1.34618e-07
54	101	1.34404e-07
55	100	1.34404e-07
48	131	-1.33783e-07
49	130	-1.33783e-07
13	67	1.33586e-07
28	121	1.33385e-07
29	120	1.33385e-07
52	115	1.32967e-07
53	114	1.32967e-07
12	105	1.32904e-07
13	104	1.32904e-07
58	140	1.32495e-07
45	143	1.32457e-07
13	82	1.31927e-07
12	83	1.31927e-07
19	132	1.31557e-07
18	133	1.31557e-07
23	139	1.31233e-07
135	141	1.31232e-07
10	90	1.29932e-07
23	38	1.29357e-07
22	39	1.29357e-07
66	92	1.29194e-07
45	115	1.29082e-07
62	92	1.28138e-07
18	66	1.27613e-07
11	27	1.27155e-07
20	37	1.25883e-07
21	36	1.25883e-07
100	140	1.2557e-07
99	130	-1.25508e-07
98	131	-1.25508e-07
127	135	1.2532e-07
29	111	1.24958e-07
22	90	1.24838e-07
67	133	1.23891e-07
30	41	1.23755e-07
31	40	1.23755e-07
116	123	1.22896e-07
117	122	1.22896e-07
23	55	1.22709e-07
74	120	-1.21907e-07
76	124	1.21739e-07
59	75	-1.21694e-07
46	104	-1.2024e-07
64	134	1.19903e-07
14	114	1.1943e-07
29	92	1.1813e-07
28	93	1.1813e-07
59	120	1.18113e-07
58	121	1.18113e-07
29	98	1.1772e-07
28	99	1.1772e-07
65	85	1.17657e-07
25	65	1.16819e-07
135	144	1.16703e-07
134	145	1.16703e-07
24	48	1.16329e-07
0	58	1.14886e-07
10	77	1.14424e-07
11	76	1.14424e-07
19	128	1.14035e-07
18	129	1.14035e-07
101	131	-1.13839e-07
104	130	-1.13677e-07
29	85	1.13086e-07
59	100	1.11277e-07
58	101	1.11277e-07
45	105	1.10773e-07
59	99	1.10314e-07
114	122	1.0988e-07
23	121	1.09778e-07
27	107	1.08899e-07
76	107	1.08654e-07
77	106	1.08654e-07
15	143	1.08221e-07
24	128	1.08034e-07
32	50	-1.07974e-07
18	79	1.07706e-07
19	78	1.07706e-07
23	127	1.07416e-07
32	116	1.07257e-07
71	91	1.07183e-07
32	40	1.06334e-07
44	133	1.0601e-07
45	132	1.0601e-07
25	114	1.05749e-07
24	115	1.05749e-07
74	86	1.05599e-07
41	77	1.05242e-07
49	109	1.05182e-07
33	124	1.04937e-07
32	125	1.04937e-07
83	125	1.04475e-07
80	99	1.04431e-07
81	98	1.04431e-07
30	58	1.04005e-07
37	105	1.03891e-07
122	131	-1.03524e-07
123	130	-1.03524e-07
48	83	1.03444e-07
49	82	1.03444e-07
140	144	1.0309e-07
41	101	1.03015e-07
123	147	1.02745e-07
24	135	1.02733e-07
25	134	1.02733e-07
1	75	-1.02468e-07
105	149	1.01421e-07
23	105	1.00709e-07
82	107	1.00073e-07
83	106	1.00073e-07
65	105	9.99171e-08
59	105	9.96943e-08
30	78	9.95695e-08
50	104	-9.85749e-08
77	115	9.81159e-08
45	59	9.59918e-08
94	147	9.57426e-08
95	146	9.57426e-08
33	129	9.50874e-08
28	65	9.49486e-08
29	64	9.49486e-08
108	125	9.42825e-08
109	124	9.42825e-08
11	66	9.40721e-08
10	67	9.40721e-08
14	76	9.33637e-08
46	121	-9.29872e-08
47	120	-9.29872e-08
27	116	9.26599e-08
26	117	9.26599e-08
32	115	9.23592e-08
33	114	9.23592e-08
22	106	9.2355e-08
63	105	9.22401e-08
10	19	9.1879e-08
11	18	9.1879e-08
28	141	9.15824e-08
29	140	9.15824e-08
65	125	9.15121e-08
14	25	9.10152e-08
15	24	9.10152e-08
85	130	-9.10104e-08
84	131	-9.10104e-08
4	24	9.0865e-08
99	109	9.07473e-08
45	130	-9.06577e-08
44	131	-9.06577e-08
54	114	9.05116e-08
24	50	-9.01091e-08
70	105	8.99783e-08
71	104	8.99783e-08
63	91	8.96885e-08
120	148	8.91301e-08
71	98	8.88764e-08
70	99	8.88764e-08
98	144	8.87082e-08
22	64	8.86734e-08
29	138	8.86669e-08
28	139	8.86669e-08
69	104	8.83931e-08
68	105	8.83931e-08
91	92	8.83645e-08
90	93	8.83645e-08
25	67	8.83241e-08
32	143	8.76494e-08
33	142	8.76494e-08
12	64	8.75497e-08
23	67	8.72259e-08
89	123	8.64009e-08
122	129	8.63236e-08
123	128	8.63236e-08
69	133	8.61755e-08
114	139	8.60667e-08
115	138	8.60667e-08
63	134	8.5768e-08
62	135	8.5768e-08
18	126	8.57493e-08
18	80	8.52636e-08
65	144	8.51087e-08
64	145	8.51087e-08
104	140	8.40231e-08
29	63	8.39308e-08
23	145	8.31254e-08
25	43	8.29952e-08
24	55	8.29723e-08
25	54	8.29723e-08
90	107	8.27938e-08
91	106	8.27938e-08
49	123	8.14739e-08
78	141	8.13068e-08
79	140	8.13068e-08
29	91	8.09956e-08
10	23	8.09836e-08
11	22	8.09836e-08
50	126	-8.08075e-08
69	134	8.06911e-08
68	135	8.06911e-08
100	128	8.03815e-08
77	132	8.02229e-08
76	133	8.02229e-08
69	75	-7.99788e-08
91	109	7.99079e-08
49	104	7.96878e-08
48	105	7.96878e-08
70	133	7.93722e-08
71	132	7.93722e-08
80	120	7.87835e-08
62	114	7.87375e-08
92	143	7.85236e-08
93	142	7.85236e-08
62	66	7.82657e-08
63	128	7.79577e-08
62	129	7.79577e-08
66	82	7.7594e-08
78	127	7.7382e-08
79	126	7.7382e-08
50	64	-7.73266e-08
70	120	7.70574e-08
70	148	7.67305e-08
50	68	-7.63076e-08
38	76	7.62431e-08
74	128	-7.58367e-08
21	111	7.50994e-08
65	82	7.50835e-08
64	83	7.50835e-08
37	51	-7.42623e-08
104	126	7.38406e-08
25	107	7.33483e-08
121	130	-7.30662e-08
120	131	-7.30662e-08
13	14	7.29535e-08
12	15	7.29535e-08
3	93	-7.28913e-08
78	84	7.26237e-08
27	95	7.2596e-08
70	108	7.24686e-08
19	109	7.18033e-08
5	14	7.17455e-08
4	15	7.17455e-08
17	108	7.10845e-08
16	109	7.10845e-08
12	101	7.07611e-08
13	100	7.07611e-08
84	107	7.07028e-08
85	106	7.07028e-08
22	76	7.06853e-08
124	142	7.06537e-08
38	140	7.05925e-08
129	145	7.05901e-08
106	133	7.05541e-08
107	132	7.05541e-08
12	84	7.04899e-08
36	135	7.03237e-08
37	134	7.03237e-08
104	128	7.01795e-08
3	11	-6.98312e-08
10	116	6.96476e-08
14	32	6.96384e-08
2	127	-6.95009e-08
3	126	-6.95009e-08
47	99	-6.9483e-08
76	92	6.94788e-08
19	63	6.94539e-08
75	99	-6.89594e-08
29	59	6.88398e-08
58	130	-6.86214e-08
124	140	6.86054e-08
41	84	6.82413e-08
40	85	6.82413e-08
10	100	6.80657e-08
89	93	6.80038e-08
26	82	6.79149e-08
29	106	6.76876e-08
28	107	6.76876e-08
10	65	6.76813e-08
11	64	6.76813e-08
116	144	6.74739e-08
54	100	6.7202e-08
48	130	-6.68913e-08
39	45	6.68522e-08
12	67	6.67932e-08
13	66	6.67932e-08
28	120	6.66925e-08
52	114	6.64837e-08
12	104	6.64521e-08
13	91	6.62796e-08
44	143	6.62287e-08
45	142	6.62287e-08
121	141	6.61789e-08
12	82	6.59634e-08
18	132	6.57786e-08
23	138	6.56163e-08
22	139	6.56163e-08
134	141	6.56158e-08
135	140	6.56158e-08
22	38	6.46784e-08
59	149	6.46652e-08
67	77	6.45585e-08
45	114	6.45408e-08
44	115	6.45408e-08
75	93	-6.44845e-08
19	95	6.43068e-08
11	26	6.35777e-08
10	27	6.35777e-08
20	36	6.29414e-08
98	130	-6.27539e-08
126	135	6.26599e-08
127	134	6.26599e-08
28	111	6.24789e-08
29	110	6.24789e-08
66	133	6.19456e-08
67	132	6.19456e-08
30	40	6.18775e-08
116	122	6.14481e-08
23	54	6.13546e-08
22	55	6.13546e-08
58	75	-6.08471e-08
59	74	-6.08471e-08
31	93	5.97767e-08
75	81	-5.9742e-08
13	99	5.97194e-08
28	92	5.90649e-08
58	120	5.90566e-08
91	147	5.9026e-08
65	131	-5.89146e-08
28	98	5.88602e-08
65	84	5.88284e-08
64	85	5.88284e-08
25	64	5.84093e-08
24	65	5.84093e-08
134	144	5.83516e-08
13	115	5.82098e-08
11	143	5.8091e-08
10	76	5.72122e-08
18	128	5.70175e-08
100	131	-5.69195e-08
101	130	-5.69195e-08
29	84	5.65428e-08
28	85	5.65428e-08
75	101	-5.56988e-08
29	137	5.5652e-08
58	100	5.56385e-08
45	104	5.53863e-08
44	105	5.53863e-08
59	98	5.5157e-08
58	99	5.5157e-08
22	121	5.48892e-08
23	120	5.48892e-08
27	106	5.44493e-08
26	107	5.44493e-08
76	106	5.4327e-08
27	131	-5.41687e-08
14	143	5.41107e-08
15	142	5.41107e-08
18	78	5.38529e-08
22	127	5.37081e-08
23	126	5.37081e-08
67	143	5.3707e-08
71	90	5.35915e-08
70	91	5.35915e-08
73	77	5.35787e-08
43	145	5.354e-08
11	31	5.33329e-08
63	145	5.30511e-08
44	132	5.3005e-08
24	114	5.28746e-08
41	76	5.26208e-08
40	77	5.26208e-08
49	108	5.25909e-08
48	109	5.25909e-08
32	124	5.24683e-08
83	124	5.22376e-08
82	125	5.22376e-08
80	98	5.22155e-08
36	105	5.19455e-08
37	104	5.19455e-08
67	75	-5.17717e-08
122	130	-5.17619e-08
48	82	5.17218e-08
41	100	5.15073e-08
40	101	5.15073e-08
15	141	5.14462e-08
123	146	5.13723e-08
122	147	5.13723e-08
24	134	5.13667e-08
1	74	-5.1234e-08
0	75	-5.1234e-08
105	148	5.07103e-08
104	149	5.07103e-08
25	139	5.05921e-08
23	104	5.03546e-08
22	105	5.03546e-08
82	106	5.00364e-08
15	79	4.99691e-08
64	105	4.99585e-08
65	104	4.99585e-08
58	105	4.98471e-08
59	104	4.98471e-08
37	77	4.95565e-08
101	133	4.91461e-08
77	114	4.9058e-08
76	115	4.9058e-08
29	133	4.8774e-08
39	65	4.8613e-08
73	101	4.83395e-08
45	58	4.79959e-08
44	59	4.79959e-08
94	146	4.78713e-08
105	115	4.76309e-08
79	93	4.75669e-08
32	129	4.75437e-08
33	128	4.75437e-08
15	59	4.7543e-08
28	64	4.74743e-08
5	71	4.73345e-08
108	124	4.71413e-08
10	66	4.7036e-08
29	143	4.68378e-08
46	120	-4.64936e-08
26	116	4.633e-08
1	139	4.6279e-08
32	114	4.61796e-08
62	105	4.61201e-08
63	104	4.61201e-08
75	143	-4.60284e-08
81	93	4.59495e-08
10	18	4.59395e-08
28	140	4.57912e-08
65	124	4.57561e-08
64	125	4.57561e-08
79	101	4.55478e-08
14	24	4.55076e-08
84	130	-4.55052e-08
99	108	4.53737e-08
98	109	4.53737e-08
44	130	-4.53288e-08
15	131	-4.50549e-08
70	104	4.49891e-08
62	91	4.48443e-08
63	90	4.48443e-08
125	149	4.47422e-08
70	98	4.44382e-08
65	89	4.44088e-08
28	138	4.43335e-08
55	69	4.43031e-08
68	104	4.41965e-08
90	92	4.41823e-08
25	66	4.41621e-08
24	67	4.41621e-08
32	142	4.38247e-08
25	123	4.36601e-08
23	66	4.36129e-08
22	67	4.36129e-08
91	117	4.35897e-08
121	123	4.33773e-08
89	122	4.32004e-08
88	123	4.32004e-08
122	128	4.31618e-08
101	115	4.31488e-08
69	132	4.30877e-08
68	133	4.30877e-08
15	129	4.30864e-08
114	138	4.30334e-08
62	134	4.2884e-08
64	144	4.25544e-08
28	63	4.19654e-08
29	62	4.19654e-08
117	121	4.18475e-08
37	107	4.1745e-08
22	145	4.15627e-08
23	144	4.15627e-08
24	43	4.14976e-08
25	42	4.14976e-08
24	54	4.14862e-08
87	89	-4.14422e-08
90	106	4.13969e-08
19	99	4.1391e-08
81	117	4.11985e-08
109	121	4.11578e-08
39	105	4.08446e-08
48	123	4.0737e-08
49	122	4.0737e-08
78	140	4.06534e-08
28	91	4.04978e-08
29	90	4.04978e-08
10	22	4.04918e-08
68	134	4.03455e-08
31	63	4.01364e-08
76	132	4.01115e-08
23	117	4.00158e-08
69	74	-3.99894e-08
68	75	-3.99894e-08
90	109	3.9954e-08
91	108	3.9954e-08
48	104	3.98439e-08
70	132	3.96861e-08
45	79	3.96112e-08
13	37	3.94582e-08
92	142	3.92618e-08
85	125	3.9211e-08
63	107	3.9093e-08
62	128	3.89788e-08
69	115	3.8969e-08
78	126	3.8691e-08
71	129	3.80188e-08
20	111	3.75497e-08
21	110	3.75497e-08
64	82	3.75418e-08
27	67	3.75373e-08
36	51	-3.71311e-08
37	50	-3.71311e-08
13	125	3.69897e-08
91	141	3.6881e-08
24	107	3.66741e-08
25	106	3.66741e-08
120	130	-3.65331e-08
12	14	3.64768e-08
2	93	-3.64457e-08
3	92	-3.64457e-08
125	139	3.64119e-08
127	145	3.63363e-08
27	94	3.6298e-08
26	95	3.6298e-08
31	101	3.60306e-08
19	108	3.59016e-08
18	109	3.59016e-08
4	14	3.58727e-08
93	105	3.57648e-08
69	77	3.5554e-08
16	108	3.55423e-08
12	100	3.53805e-08
84	106	3.53514e-08
5	77	3.53196e-08
129	144	3.52951e-08
128	145	3.52951e-08
106	132	3.52771e-08
36	134	3.51618e-08
3	10	-3.49156e-08
2	11	-3.49156e-08
45	121	3.48126e-08
19	123	3.47511e-08
2	126	-3.47505e-08
46	99	-3.47415e-08
47	98	-3.47415e-08
19	62	3.47269e-08
18	63	3.47269e-08
49	67	3.4633e-08
74	99	-3.44797e-08
75	98	-3.44797e-08
11	39	3.44792e-08
29	58	3.44199e-08
28	59	3.44199e-08
40	84	3.41206e-08
89	92	3.40019e-08
88	93	3.40019e-08
27	47	-3.39981e-08
28	106	3.38438e-08
10	64	3.38406e-08
38	45	3.34261e-08
39	44	3.34261e-08
12	66	3.33966e-08
71	77	3.32679e-08
85	115	3.31949e-08
12	91	3.31398e-08
13	90	3.31398e-08
44	142	3.31143e-08
120	141	3.30895e-08
121	140	3.30895e-08
125	145	3.30501e-08
22	138	3.28081e-08
134	140	3.28079e-08
23	71	3.2564e-08
27	49	3.23748e-08
58	149	3.23326e-08
59	148	3.23326e-08
67	76	3.22792e-08
66	77	3.22792e-08
44	114	3.22704e-08
75	92	-3.22423e-08
74	93	-3.22423e-08
55	83	3.21831e-08
25	101	3.2162e-08
18	95	3.21534e-08
19	94	3.21534e-08
63	143	3.20722e-08
10	26	3.17888e-08
107	123	3.17547e-08
59	137	3.14745e-08
126	134	3.133e-08
107	145	3.12511e-08
28	110	3.12394e-08
66	132	3.09728e-08
45	73	3.06806e-08
22	54	3.06773e-08
109	137	3.047e-08
47	89	-3.04311e-08
33	139	3.04256e-08
58	74	-3.04235e-08
29	45	3.02699e-08
5	13	3.02689e-08
77	111	3.02636e-08
93	117	3.00056e-08
49	79	2.99807e-08
30	93	2.98883e-08
31	92	2.98883e-08
75	141	-2.98717e-08
74	81	-2.9871e-08
75	80	-2.9871e-08
12	99	2.98597e-08
13	98	2.98597e-08
91	146	2.9513e-08
90	147	2.9513e-08
64	131	-2.94573e-08
65	130	-2.94573e-08
19	77	2.94172e-08
64	84	2.94142e-08
24	64	2.92047e-08
12	115	2.91049e-08
13	114	2.91049e-08
11	142	2.90455e-08
10	143	2.90455e-08
29	49	2.87906e-08
67	145	2.87447e-08
31	45	2.86649e-08
100	130	-2.84598e-08
101	107	2.83963e-08
85	149	2.83915e-08
28	84	2.82714e-08
83	89	2.81484e-08
57	129	2.80624e-08
77	83	2.79545e-08
33	99	2.78519e-08
74	101	-2.78494e-08
75	100	-2.78494e-08
28	137	2.7826e-08
29	136	2.7826e-08
139	145	2.77214e-08
44	104	2.76931e-08
58	98	2.75785e-08
22	120	2.74446e-08
121	129	2.7419e-08
47	115	-2.73898e-08
43	107	2.73732e-08
26	106	2.72247e-08
57	65	2.71504e-08
27	130	-2.70844e-08
26	131	-2.70844e-08
14	142	2.70553e-08
5	75	-2.69976e-08
22	126	2.68541e-08
67	142	2.68535e-08
66	143	2.68535e-08
70	90	2.67957e-08
72	77	2.67893e-08
73	76	2.67893e-08
42	145	2.677e-08
43	144	2.677e-08
10	31	2.66664e-08
11	30	2.66664e-08
62	145	2.65255e-08
63	144	2.65255e-08
105	135	2.64559e-08
1	101	2.63375e-08
40	76	2.63104e-08
48	108	2.62955e-08
5	49	2.62154e-08
82	124	2.61188e-08
85	129	2.60142e-08
36	104	2.59727e-08
67	74	-2.58858e-08
66	75	-2.58858e-08
49	85	2.58018e-08
40	100	2.57536e-08
15	107	2.5725e-08
14	141	2.57231e-08
15	140	2.57231e-08
122	146	2.56861e-08
0	74	-2.5617e-08
115	125	2.54582e-08
104	148	2.53551e-08
99	127	2.53199e-08
25	138	2.5296e-08
24	139	2.5296e-08
22	104	2.51773e-08
19	121	2.49932e-08
15	78	2.49845e-08
14	79	2.49845e-08
64	104	2.49793e-08
58	104	2.49236e-08
36	77	2.47783e-08
37	76	2.47783e-08
101	132	2.45731e-08
100	133	2.45731e-08
41	91	2.45309e-08
76	114	2.4529e-08
29	132	2.4387e-08
28	133	2.4387e-08
39	64	2.43065e-08
38	65	2.43065e-08
83	91	2.42767e-08
72	101	2.41698e-08
73	100	2.41698e-08
44	58	2.39979e-08
105	114	2.38154e-08
104	115	2.38154e-08
78	93	2.37835e-08
79	92	2.37835e-08
32	128	2.37719e-08
15	58	2.37715e-08
14	59	2.37715e-08
5	70	2.36673e-08
4	71	2.36673e-08
27	123	2.34258e-08
29	142	2.34189e-08
28	143	2.34189e-08
51	91	-2.32449e-08
1	65	2.32136e-08
25	41	2.31782e-08
0	139	2.31395e-08
1	138	2.31395e-08
62	104	2.306e-08
55	117	2.30243e-08
74	143	-2.30142e-08
75	142	-2.30142e-08
81	92	2.29748e-08
80	93	2.29748e-08
64	124	2.2878e-08
78	101	2.27739e-08
79	100	2.27739e-08
98	108	2.26868e-08
47	129	-2.26348e-08
15	130	-2.25275e-08
14	131	-2.25275e-08
35	141	2.25147e-08
33	81	2.24892e-08
62	90	2.24221e-08
124	149	2.23711e-08
125	148	2.23711e-08
87	123	-2.23621e-08
51	129	-2.22152e-08
65	88	2.22044e-08
64	89	2.22044e-08
54	69	2.21515e-08
55	68	2.21515e-08
77	139	2.21217e-08
24	66	2.2081e-08
3	87	2.19908e-08
24	123	2.183e-08
25	122	2.183e-08
65	139	2.18133e-08
22	66	2.18065e-08
91	116	2.17949e-08
90	117	2.17949e-08
121	122	2.16886e-08
120	123	2.16886e-08
15	125	2.16391e-08
88	122	2.16002e-08
101	114	2.15744e-08
100	115	2.15744e-08
68	132	2.15439e-08
15	128	2.15432e-08
14	129	2.15432e-08
45	145	2.15099e-08
13	145	2.13673e-08
55	139	2.12699e-08
81	105	2.11415e-08
15	29	2.10319e-08
81	91	2.10046e-08
28	62	2.09827e-08
117	120	2.09237e-08
116	121	2.09237e-08
36	107	2.08725e-08
37	106	2.08725e-08
22	144	2.07814e-08
24	42	2.07488e-08
77	121	2.07395e-08
86	89	-2.07211e-08
87	88	-2.07211e-08
18	99	2.06955e-08
19	98	2.06955e-08
81	116	2.05993e-08
80	117	2.05993e-08
108	121	2.05789e-08
109	120	2.05789e-08
23	101	2.04394e-08
27	63	2.04299e-08
38	105	2.04223e-08
39	104	2.04223e-08
51	145	-2.03986e-08
48	122	2.03685e-08
28	90	2.02489e-08
1	71	2.00817e-08
31	62	2.00682e-08
30	63	2.00682e-08
22	117	2.00079e-08
23	116	2.00079e-08
68	74	-1.99947e-08
11	75	-1.99822e-08
90	108	1.9977e-08
45	78	1.98056e-08
44	79	1.98056e-08
12	37	1.97291e-08
13	36	1.97291e-08
85	124	1.96055e-08
84	125	1.96055e-08
62	107	1.95465e-08
63	106	1.95465e-08
73	83	1.95277e-08
69	114	1.94845e-08
68	115	1.94845e-08
29	145	1.93012e-08
71	128	1.90094e-08
70	129	1.90094e-08
20	110	1.87749e-08
26	67	1.87686e-08
27	66	1.87686e-08
49	93	1.86005e-08
36	50	-1.85656e-08
13	124	1.84949e-08
12	125	1.84949e-08
91	140	1.84405e-08
90	141	1.84405e-08
13	69	1.84148e-08
67	121	1.84048e-08
24	106	1.83371e-08
2	92	-1.82228e-08
93	99	1.82227e-08
125	138	1.8206e-08
124	139	1.8206e-08
126	145	1.81681e-08
127	144	1.81681e-08
26	94	1.8149e-08
31	100	1.80153e-08
30	101	1.80153e-08
19	23	1.79931e-08
143	145	1.79892e-08
18	108	1.79508e-08
93	104	1.78824e-08
92	105	1.78824e-08
29	71	1.78523e-08
68	77	1.7777e-08
69	76	1.7777e-08
4	77	1.76598e-08
5	76	1.76598e-08
128	144	1.76475e-08
57	87	-1.76468e-08
2	10	-1.74578e-08
45	120	1.74063e-08
44	121	1.74063e-08
29	83	1.73817e-08
18	123	1.73756e-08
19	122	1.73756e-08
46	98	-1.73708e-08
18	62	1.73635e-08
49	66	1.73165e-08
48	67	1.73165e-08
19	93	1.73102e-08
13	139	1.72737e-08
74	98	-1.72398e-08
10	39	1.72396e-08
11	38	1.72396e-08
28	58	1.72099e-08
5	31	1.7128e-08
55	85	1.70587e-08
88	92	1.7001e-08
26	47	-1.6999e-08
27	46	-1.6999e-08
45	55	1.69695e-08
5	55	1.69598e-08
38	44	1.6713e-08
71	76	1.6634e-08
70	77	1.6634e-08
84	115	1.65975e-08
85	114	1.65975e-08
12	90	1.65699e-08
120	140	1.65447e-08
125	144	1.65251e-08
124	145	1.65251e-08
77	99	1.65026e-08
37	115	1.64028e-08
29	37	1.63516e-08
23	70	1.6282e-08
22	71	1.6282e-08
27	48	1.61874e-08
26	49	1.61874e-08
99	143	1.61716e-08
58	148	1.61663e-08
66	76	1.61396e-08
74	92	-1.61211e-08
55	82	1.60915e-08
54	83	1.60915e-08
25	100	1.6081e-08
24	101	1.6081e-08
18	94	1.60767e-08
35	129	1.60729e-08
63	142	1.60361e-08
62	143	1.60361e-08
73	91	1.59825e-08
19	75	-1.59704e-08
35	41	1.59638e-08
23	75	-1.594e-08
33	73	1.58986e-08
107	122	1.58773e-08
106	123	1.58773e-08
67	99	1.58009e-08
125	135	1.57987e-08
47	101	-1.57379e-08
59	136	1.57373e-08
58	137	1.57373e-08
106	145	1.56255e-08
107	144	1.56255e-08
91	143	1.55922e-08
19	107	1.5445e-08
44	73	1.53403e-08
45	72	1.53403e-08
63	71	1.52889e-08
109	136	1.5235e-08
108	137	1.5235e-08
47	88	-1.52155e-08
46	89	-1.52155e-08
33	138	1.52128e-08
32	139	1.52128e-08
63	125	1.51362e-08
28	45	1.5135e-08
29	44	1.5135e-08
4	13	1.51344e-08
5	12	1.51344e-08
77	110	1.51318e-08
76	111	1.51318e-08
135	139	1.50424e-08
92	117	1.50028e-08
93	116	1.50028e-08
49	78	1.49904e-08
48	79	1.49904e-08
30	92	1.49442e-08
39	135	1.49365e-08
75	140	-1.49358e-08
74	141	-1.49358e-08
39	137	1.49355e-08
74	80	-1.49355e-08
12	98	1.49298e-08
33	59	1.48634e-08
15	47	-1.48518e-08
39	121	1.47589e-08
90	146	1.47565e-08
64	130	-1.47286e-08
18	77	1.47086e-08
19	76	1.47086e-08
55	73	1.45759e-08
12	114	1.45524e-08
10	142	1.45227e-08
73	85	1.45166e-08
29	101	1.44543e-08
13	23	1.44074e-08
28	49	1.43953e-08
29	48	1.43953e-08
66	145	1.43724e-08
67	144	1.43724e-08
31	44	1.43325e-08
30	45	1.43325e-08
93	107	1.43226e-08
47	85	-1.43052e-08
13	73	1.42537e-08
5	131	-1.42146e-08
19	29	1.42116e-08
101	106	1.41982e-08
100	107	1.41982e-08
84	149	1.41957e-08
85	148	1.41957e-08
59	63	1.41823e-08
63	139	1.41111e-08
82	89	1.40742e-08
83	88	1.40742e-08
56	129	1.40312e-08
57	128	1.40312e-08
115	121	1.40144e-08
13	121	1.40009e-08
76	83	1.39772e-08
77	82	1.39772e-08
33	98	1.39259e-08
32	99	1.39259e-08
74	100	-1.39247e-08
45	99	1.39167e-08
28	136	1.3913e-08
138	145	1.38607e-08
139	144	1.38607e-08
121	128	1.37095e-08
120	129	1.37095e-08
46	115	-1.36949e-08
47	114	-1.36949e-08
43	106	1.36866e-08
42	107	1.36866e-08
77	143	1.36232e-08
57	64	1.35752e-08
56	65	1.35752e-08
26	130	-1.35422e-08
43	65	1.35237e-08
4	75	-1.34988e-08
5	74	-1.34988e-08
85	121	1.34625e-08
23	99	1.34605e-08
66	142	1.34267e-08
72	76	1.33947e-08
42	144	1.3385e-08
10	30	1.33332e-08
45	107	1.32927e-08
62	144	1.32628e-08
105	134	1.32279e-08
104	135	1.32279e-08
1	100	1.31687e-08
0	101	1.31687e-08
33	83	1.31165e-08
5	48	1.31077e-08
4	49	1.31077e-08
84	129	1.30071e-08
85	128	1.30071e-08
75	77	-1.29798e-08
66	74	-1.29429e-08
1	77	1.29181e-08
107	121	1.29178e-08
48	85	1.29009e-08
49	84	1.29009e-08
15	106	1.28625e-08
14	107	1.28625e-08
14	140	1.28616e-08
59	77	1.28094e-08
115	127	1.27641e-08
114	125	1.27291e-08
115	124	1.27291e-08
99	126	1.26599e-08
98	127	1.26599e-08
24	138	1.2648e-08
19	120	1.24966e-08
18	121	1.24966e-08
75	117	-1.24963e-08
14	78	1.24923e-08
1	129	1.24854e-08
27	101	1.24438e-08
36	76	1.23891e-08
73	133	1.23657e-08
100	132	1.22865e-08
40	91	1.22655e-08
41	90	1.22655e-08
23	29	1.22196e-08
28	132	1.21935e-08
99	101	1.21745e-08
38	64	1.21532e-08
83	90	1.21384e-08
82	91	1.21384e-08
91	149	1.21255e-08
72	100	1.20849e-08
104	114	1.19077e-08
78	92	1.18917e-08
14	58	1.18857e-08
19	65	1.18613e-08
4	70	1.18336e-08
37	55	1.17245e-08
26	123	1.17129e-08
27	122	1.17129e-08
28	142	1.17094e-08
13	143	1.17061e-08
23	79	1.17022e-08
39	93	1.16654e-08
51	90	-1.16224e-08
50	91	-1.16224e-08
11	45	1.16222e-08
1	64	1.16068e-08
0	65	1.16068e-08
24	41	1.15891e-08
25	40	1.15891e-08
0	138	1.15698e-08
55	116	1.15122e-08
54	117	1.15122e-08
74	142	-1.15071e-08
80	92	1.14874e-08
93	135	1.14793e-08
78	100	1.13869e-08
46	129	-1.13174e-08
47	128	-1.13174e-08
14	130	-1.12637e-08
35	140	1.12574e-08
34	141	1.12574e-08
32	81	1.12446e-08
33	80	1.12446e-08
133	135	1.122e-08
124	148	1.11855e-08
87	122	-1.1181e-08
86	123	-1.1181e-08
47	83	-1.11227e-08
50	129	-1.11076e-08
51	128	-1.11076e-08
64	88	1.11022e-08
54	68	1.10758e-08
76	139	1.10609e-08
77	138	1.10609e-08
3	86	1.09954e-08
2	87	1.09954e-08
43	93	1.09713e-08
24	122	1.0915e-08
65	138	1.09066e-08
64	139	1.09066e-08
90	116	1.08974e-08
120	122	1.08443e-08
14	125	1.08195e-08
15	124	1.08195e-08
51	57	-1.08113e-08
100	114	1.07872e-08
83	141	1.07792e-08
14	128	1.07716e-08
45	144	1.0755e-08
44	145	1.0755e-08
43	111	1.06939e-08
12	145	1.06836e-08
13	144	1.06836e-08
55	138	1.06349e-08
54	139	1.06349e-08
80	105	1.05707e-08
81	104	1.05707e-08
14	29	1.0516e-08
15	28	1.0516e-08
80	91	1.05023e-08
81	90	1.05023e-08
116	120	1.04619e-08
36	106	1.04363e-08
47	93	-1.04045e-08
59	93	1.03856e-08
77	120	1.03698e-08
76	121	1.03698e-08
86	88	-1.03605e-08
123	145	1.03498e-08
18	98	1.03478e-08
33	121	1.03398e-08
29	115	1.03357e-08
80	116	1.02996e-08
108	120	1.02894e-08
1	133	1.02371e-08
23	100	1.02197e-08
22	101	1.02197e-08
26	63	1.0215e-08
27	62	1.0215e-08
38	104	1.02111e-08
50	145	-1.01993e-08
51	144	-1.01993e-08
47	49	-1.0117e-08
75	85	-1.00543e-08
0	71	1.00409e-08
1	70	1.00409e-08
30	62	1.00341e-08
22	116	1.00039e-08
