0	1	2
146	147	2
46	47	2
48	49	2
50	51	2
52	53	2
54	55	2
44	45	2
56	57	2
60	61	2
62	63	2
64	65	2
66	67	2
68	69	2
70	71	2
58	59	2
72	73	2
42	43	2
38	39	2
10	11	2
12	13	2
14	15	2
16	17	2
18	19	2
20	21	2
40	41	2
22	23	2
26	27	2
28	29	2
30	31	2
32	33	2
34	35	2
36	37	2
24	25	2
74	75	2
76	77	2
78	79	2
118	119	2
120	121	2
122	123	2
124	125	2
126	127	2
128	129	2
116	117	2
130	131	2
134	135	2
136	137	2
138	139	2
140	141	2
142	143	2
144	145	2
132	133	2
114	115	2
112	113	2
110	111	2
80	81	2
82	83	2
84	85	2
86	87	2
88	89	2
90	91	2
92	93	2
94	95	2
96	97	2
98	99	2
100	101	2
102	103	2
104	105	2
106	107	2
108	109	2
8	9	2
6	7	2
148	149	2
2	3	2
4	5	2
19	81	0.289025
41	111	0.265882
41	73	0.169804
41	75	0.162274
19	80	0.144512
18	81	0.144512
73	111	0.141309
41	110	0.132941
40	111	0.132941
17	105	0.105716
41	72	0.084902
40	73	0.084902
7	75	0.0833686
40	75	0.0811369
41	74	0.0811369
7	89	0.0760373
18	80	0.0722562
72	111	0.0706546
73	110	0.0706546
7	125	0.0699393
40	110	0.0664704
7	17	0.0582727
16	105	0.0528581
17	104	0.0528581
31	69	0.0516101
17	99	0.0445805
7	41	0.0433325
25	77	0.0433135
40	72	0.042451
6	75	0.0416843
7	74	0.0416843
40	74	0.0405684
7	111	0.0405226
17	85	0.0390887
7	88	0.0380187
6	89	0.0380187
72	110	0.0353273
6	125	0.0349696
7	124	0.0349696
17	111	0.034243
7	16	0.0291363
6	17	0.0291363
17	41	0.0273672
16	104	0.026429
41	85	0.0261208
30	69	0.0258051
31	68	0.0258051
73	87	0.0236457
85	105	0.0230222
69	101	0.0224847
16	99	0.0222903
17	98	0.0222903
6	41	0.0216663
7	40	0.0216663
25	76	0.0216567
24	77	0.0216567
6	74	0.0208422
6	111	0.0202613
7	110	0.0202613
39	135	0.0202556
17	84	0.0195443
16	85	0.0195443
6	88	0.0190093
7	85	0.0187459
6	124	0.0174848
16	111	0.0171215
17	110	0.0171215
75	111	0.0169438
11	27	0.0163422
85	111	0.015534
6	16	0.0145682
17	40	0.0136836
16	41	0.0136836
41	84	0.0130604
40	85	0.0130604
30	68	0.0129025
73	86	0.0118228
72	87	0.0118228
85	104	0.0115111
84	105	0.0115111
68	101	0.0112424
69	100	0.0112424
16	98	0.0111451
61	145	0.0108334
6	40	0.0108331
24	76	0.0108284
6	110	0.0101307
39	134	0.0101278
38	135	0.0101278
41	99	0.00982386
16	84	0.00977217
67	123	0.00942707
7	84	0.00937296
6	85	0.00937296
5	23	0.00873338
16	110	0.00856076
74	111	0.00847188
75	110	0.00847188
10	27	0.00817111
11	26	0.00817111
84	111	0.007767
85	110	0.007767
75	125	0.00704853
16	40	0.00684179
41	87	0.0067769
40	84	0.00653021
89	125	0.00645655
72	86	0.00591142
84	104	0.00575554
68	100	0.00562118
105	111	0.00543378
61	144	0.00541669
60	145	0.00541669
17	75	0.00526631
38	134	0.00506391
51	59	0.00497288
40	99	0.00491193
41	98	0.00491193
67	122	0.00471354
66	123	0.00471354
6	84	0.00468648
5	22	0.00436669
4	23	0.00436669
74	110	0.00423594
10	26	0.00408556
17	89	0.00390668
84	110	0.0038835
75	99	0.00385156
11	29	0.00375829
75	124	0.00352427
74	125	0.00352427
41	86	0.00338845
40	87	0.00338845
33	97	0.00325897
89	124	0.00322827
88	125	0.00322827
93	103	0.003113
17	125	0.00294884
104	111	0.00271689
105	110	0.00271689
60	144	0.00270835
73	75	0.00270092
71	101	0.00265896
16	75	0.00263315
17	74	0.00263315
99	105	0.00262608
7	105	0.00261258
57	95	0.00259133
50	59	0.00248644
51	58	0.00248644
40	98	0.00245597
66	122	0.00235677
99	111	0.00232681
4	22	0.00218335
77	119	0.00216382
16	89	0.00195334
17	88	0.00195334
74	99	0.00192578
75	98	0.00192578
35	39	0.00191969
89	105	0.00190707
10	29	0.00187914
11	28	0.00187914
74	124	0.00176213
45	83	0.00174888
40	86	0.00169422
45	137	0.00167378
35	135	0.00165226
32	97	0.00162949
33	96	0.00162949
88	124	0.00161414
93	102	0.0015565
92	103	0.0015565
85	89	0.00154655
17	124	0.00147442
16	125	0.00147442
104	110	0.00135845
73	74	0.00135046
72	75	0.00135046
70	101	0.00132948
71	100	0.00132948
16	74	0.00131658
99	104	0.00131304
98	105	0.00131304
7	104	0.00130629
6	105	0.00130629
41	105	0.0012994
57	94	0.00129567
56	95	0.00129567
50	58	0.00124322
55	109	0.00120544
37	53	0.00119273
98	111	0.00116341
99	110	0.00116341
39	131	0.00116155
91	131	0.00116008
85	125	0.00114848
87	111	0.00114018
41	125	0.00109426
76	119	0.00108191
77	118	0.00108191
16	88	0.00097667
45	63	0.000968939
74	98	0.000962889
35	38	0.000959847
34	39	0.000959847
89	104	0.000953535
88	105	0.000953535
10	28	0.000939572
75	89	0.000894626
44	83	0.000874438
45	82	0.000874438
101	141	0.000869595
45	136	0.000836892
44	137	0.000836892
34	135	0.000826132
35	134	0.000826132
32	96	0.000814743
69	83	0.000802222
92	102	0.000778251
84	89	0.000773277
85	88	0.000773277
16	124	0.00073721
63	137	0.000685487
55	107	0.000683269
72	74	0.00067523
83	97	0.000669345
70	100	0.00066474
98	104	0.000656519
6	104	0.000653146
40	105	0.000649698
41	104	0.000649698
56	94	0.000647833
55	108	0.000602718
54	109	0.000602718
37	52	0.000596366
36	53	0.000596366
37	147	0.000595764
98	110	0.000581703
38	131	0.000580773
39	130	0.000580773
91	130	0.000580038
90	131	0.000580038
85	124	0.000574239
84	125	0.000574239
41	89	0.00057261
86	111	0.000570091
87	110	0.000570091
11	115	0.000562232
83	101	0.000559137
40	125	0.000547131
41	124	0.000547131
76	118	0.000540955
111	125	0.000495879
44	63	0.00048447
45	62	0.00048447
34	38	0.000479924
88	104	0.000476767
75	88	0.000447313
74	89	0.000447313
44	82	0.000437219
75	85	0.000436477
101	140	0.000434797
100	141	0.000434797
89	111	0.000424238
45	97	0.000422549
44	136	0.000418446
34	134	0.000413066
69	82	0.000401111
68	83	0.000401111
84	88	0.000386638
7	73	0.000372381
69	71	0.00035846
63	136	0.000342744
62	137	0.000342744
55	106	0.000341634
54	107	0.000341634
82	97	0.000334673
83	96	0.000334673
83	143	0.000328295
40	104	0.000324849
17	73	0.000313234
54	108	0.000301359
36	52	0.000298183
37	146	0.000297882
36	147	0.000297882
1	45	0.000296109
38	130	0.000290386
90	130	0.000290019
84	124	0.000287119
41	88	0.000286305
40	89	0.000286305
86	110	0.000285046
11	114	0.000281116
10	115	0.000281116
82	101	0.000279569
83	100	0.000279569
27	29	0.000275819
40	124	0.000273565
11	45	0.00026801
59	83	0.00026232
73	99	0.000258815
87	99	0.000250497
111	124	0.00024794
110	125	0.00024794
44	62	0.000242235
85	99	0.000237396
75	105	0.000230392
74	88	0.000223656
75	84	0.000218239
74	85	0.000218239
100	140	0.000217399
89	110	0.000212119
88	111	0.000212119
44	97	0.000211275
45	96	0.000211275
5	141	0.000200726
68	82	0.000200555
6	73	0.000186191
7	72	0.000186191
93	115	0.000184942
68	71	0.00017923
69	70	0.00017923
7	99	0.000175129
29	107	0.000173389
62	136	0.000171372
54	106	0.000170817
82	96	0.000167336
82	143	0.000164147
83	142	0.000164147
17	72	0.000156617
16	73	0.000156617
131	135	0.000152267
36	146	0.000148941
1	44	0.000148055
0	45	0.000148055
40	88	0.000143153
73	85	0.000140969
79	137	0.000140649
10	114	0.000140558
27	143	0.000140352
82	100	0.000139784
39	91	0.000138436
26	29	0.000137909
27	28	0.000137909
11	107	0.000134136
11	44	0.000134005
10	45	0.000134005
19	113	0.000133536
59	82	0.00013116
58	83	0.00013116
72	99	0.000129408
73	98	0.000129408
86	99	0.000125248
87	98	0.000125248
110	124	0.00012397
79	131	0.000122814
59	63	0.000120889
85	98	0.000118698
84	99	0.000118698
31	83	0.000117951
74	105	0.000115196
75	104	0.000115196
74	84	0.000109119
59	137	0.000108979
21	143	0.000108766
33	123	0.000108766
88	110	0.000106059
44	96	0.000105637
5	140	0.000100363
4	141	0.000100363
6	72	9.30953e-05
92	115	9.24709e-05
93	114	9.24709e-05
31	101	9.22314e-05
113	127	-9.16447e-05
81	137	-9.11173e-05
68	70	8.9615e-05
6	99	8.75647e-05
7	98	8.75647e-05
29	106	8.66943e-05
28	107	8.66943e-05
51	63	8.54835e-05
91	135	8.47493e-05
82	142	8.20737e-05
21	107	7.87693e-05
16	72	7.83085e-05
130	135	7.61336e-05
131	134	7.61336e-05
103	115	7.59052e-05
0	44	7.40274e-05
72	85	7.04843e-05
73	84	7.04843e-05
79	136	7.03244e-05
78	137	7.03244e-05
17	87	7.02586e-05
26	143	7.01758e-05
27	142	7.01758e-05
38	91	6.92179e-05
39	90	6.92179e-05
26	28	6.89547e-05
71	141	6.82515e-05
10	107	6.70682e-05
11	106	6.70682e-05
10	44	6.70025e-05
18	113	6.67678e-05
19	112	6.67678e-05
58	82	6.55801e-05
72	98	6.47038e-05
86	98	6.26242e-05
79	130	6.14071e-05
78	131	6.14071e-05
5	101	6.1384e-05
59	62	6.04443e-05
58	63	6.04443e-05
84	98	5.93489e-05
31	82	5.89757e-05
30	83	5.89757e-05
74	104	5.75979e-05
45	91	5.57331e-05
58	137	5.44893e-05
59	136	5.44893e-05
20	143	5.43828e-05
21	142	5.43828e-05
32	123	5.43828e-05
33	122	5.43828e-05
19	129	-5.10963e-05
4	140	5.01816e-05
57	77	4.87579e-05
139	143	4.86808e-05
51	69	4.74435e-05
131	137	4.62469e-05
92	114	4.62354e-05
30	101	4.61157e-05
31	100	4.61157e-05
113	126	-4.58224e-05
112	127	-4.58224e-05
80	137	-4.55586e-05
81	136	-4.55586e-05
105	125	4.50344e-05
6	98	4.37823e-05
28	106	4.33472e-05
95	127	4.32396e-05
50	63	4.27417e-05
51	62	4.27417e-05
90	135	4.23747e-05
91	134	4.23747e-05
51	83	4.16439e-05
61	89	4.13922e-05
21	106	3.93846e-05
20	107	3.93846e-05
130	134	3.80668e-05
103	114	3.79526e-05
102	115	3.79526e-05
11	139	3.66989e-05
35	91	3.66759e-05
97	137	3.62775e-05
72	84	3.52422e-05
78	136	3.51622e-05
17	86	3.51293e-05
16	87	3.51293e-05
26	142	3.50879e-05
38	90	3.46089e-05
71	140	3.41257e-05
70	141	3.41257e-05
10	106	3.35341e-05
18	112	3.33839e-05
27	107	3.31694e-05
73	103	3.31247e-05
97	123	3.21388e-05
63	129	3.17529e-05
78	130	3.07036e-05
4	101	3.0692e-05
5	100	3.0692e-05
58	62	3.02221e-05
85	87	3.01448e-05
30	82	2.94879e-05
11	143	2.94752e-05
45	79	2.88365e-05
45	90	2.78666e-05
44	91	2.78666e-05
58	136	2.72447e-05
20	142	2.71914e-05
32	122	2.71914e-05
5	149	2.6986e-05
75	87	2.6816e-05
18	129	-2.55482e-05
19	128	-2.55482e-05
57	76	2.43789e-05
56	77	2.43789e-05
139	142	2.43404e-05
138	143	2.43404e-05
83	137	2.412e-05
19	127	-2.39022e-05
50	69	2.37217e-05
51	68	2.37217e-05
45	93	2.33303e-05
131	136	2.31234e-05
130	137	2.31234e-05
30	100	2.30578e-05
112	126	-2.29112e-05
21	91	2.28534e-05
80	136	-2.27793e-05
45	115	2.27678e-05
81	129	-2.25451e-05
105	124	2.25172e-05
104	125	2.25172e-05
73	105	2.19519e-05
79	97	2.16941e-05
95	126	2.16198e-05
94	127	2.16198e-05
50	62	2.13709e-05
90	134	2.11873e-05
50	83	2.08219e-05
51	82	2.08219e-05
61	88	2.06961e-05
60	89	2.06961e-05
20	106	1.96923e-05
45	59	1.94352e-05
102	114	1.89763e-05
79	135	1.87792e-05
13	97	1.87352e-05
11	138	1.83495e-05
10	139	1.83495e-05
34	91	1.8338e-05
35	90	1.8338e-05
96	137	1.81387e-05
97	136	1.81387e-05
87	103	1.7566e-05
16	86	1.75647e-05
70	140	1.70629e-05
63	83	1.66693e-05
27	106	1.65847e-05
26	107	1.65847e-05
72	103	1.65623e-05
73	102	1.65623e-05
93	129	1.61128e-05
97	122	1.60694e-05
96	123	1.60694e-05
62	129	1.58764e-05
63	128	1.58764e-05
79	91	1.55056e-05
1	11	1.54735e-05
33	43	1.53852e-05
11	103	1.53624e-05
4	100	1.5346e-05
29	55	1.51083e-05
84	87	1.50724e-05
85	86	1.50724e-05
17	129	1.50595e-05
11	142	1.47376e-05
10	143	1.47376e-05
44	79	1.44183e-05
45	78	1.44183e-05
31	51	1.4274e-05
63	97	1.42473e-05
44	90	1.39333e-05
5	148	1.3493e-05
4	149	1.3493e-05
74	87	1.3408e-05
75	86	1.3408e-05
18	128	-1.27741e-05
56	76	1.21895e-05
138	142	1.21702e-05
82	137	1.206e-05
83	136	1.206e-05
19	126	-1.19511e-05
18	127	-1.19511e-05
50	68	1.18609e-05
45	92	1.16652e-05
44	93	1.16652e-05
130	136	1.15617e-05
81	83	-1.1452e-05
21	90	1.14267e-05
20	91	1.14267e-05
44	115	1.13839e-05
45	114	1.13839e-05
80	129	-1.12726e-05
81	128	-1.12726e-05
104	124	1.12586e-05
67	81	-1.12548e-05
97	131	1.1138e-05
72	105	1.09759e-05
73	104	1.09759e-05
73	125	1.0933e-05
78	97	1.08471e-05
79	96	1.08471e-05
94	126	1.08099e-05
50	82	1.0411e-05
60	88	1.0348e-05
41	129	9.78372e-06
44	59	9.71758e-06
45	58	9.71758e-06
78	135	9.38961e-06
79	134	9.38961e-06
12	97	9.36762e-06
13	96	9.36762e-06
10	138	9.17474e-06
34	90	9.16898e-06
96	136	9.06937e-06
87	102	8.783e-06
86	103	8.783e-06
11	91	8.52968e-06
63	82	8.33465e-06
62	83	8.33465e-06
26	106	8.29235e-06
72	102	8.28117e-06
92	129	8.05639e-06
93	128	8.05639e-06
96	122	8.03471e-06
129	137	7.95102e-06
62	128	7.93822e-06
79	90	7.75279e-06
78	91	7.75279e-06
1	10	7.73674e-06
0	11	7.73674e-06
32	43	7.69258e-06
33	42	7.69258e-06
93	105	7.68484e-06
10	103	7.68121e-06
11	102	7.68121e-06
91	137	7.5567e-06
29	54	7.55414e-06
28	55	7.55414e-06
59	69	7.54737e-06
84	86	7.53621e-06
17	128	7.52977e-06
16	129	7.52977e-06
13	123	7.3691e-06
10	142	7.36881e-06
89	99	7.34856e-06
19	137	-7.24193e-06
44	78	7.20913e-06
97	115	7.1558e-06
30	51	7.137e-06
31	50	7.137e-06
62	97	7.12367e-06
63	96	7.12367e-06
81	113	6.94998e-06
27	45	6.88416e-06
99	125	6.74737e-06
4	148	6.74651e-06
74	86	6.704e-06
51	61	6.68749e-06
29	45	6.6861e-06
115	139	6.4272e-06
82	136	6.03001e-06
18	126	-5.97556e-06
107	143	5.91244e-06
89	93	5.89697e-06
44	92	5.83258e-06
81	82	-5.72602e-06
80	83	-5.72602e-06
20	90	5.71335e-06
44	114	5.69195e-06
80	128	-5.63628e-06
66	81	-5.62741e-06
67	80	-5.62741e-06
97	130	5.569e-06
96	131	5.569e-06
72	104	5.48797e-06
73	124	5.46648e-06
72	125	5.46648e-06
78	96	5.42353e-06
1	97	5.34981e-06
5	137	5.19517e-06
17	93	5.16968e-06
73	129	5.12903e-06
40	129	4.89186e-06
41	128	4.89186e-06
83	139	4.88633e-06
44	58	4.85879e-06
107	109	4.83153e-06
11	145	4.7878e-06
81	131	-4.75683e-06
78	134	4.6948e-06
12	96	4.68381e-06
86	102	4.3915e-06
10	91	4.26484e-06
11	90	4.26484e-06
13	69	4.25123e-06
51	137	4.17783e-06
59	65	4.17004e-06
62	82	4.16733e-06
31	81	-4.10218e-06
85	93	4.06612e-06
5	69	4.04863e-06
92	128	4.02819e-06
25	127	4.02039e-06
19	123	-3.99298e-06
129	136	3.97551e-06
128	137	3.97551e-06
81	97	-3.90296e-06
78	90	3.87639e-06
0	10	3.86837e-06
32	42	3.84629e-06
92	105	3.84242e-06
93	104	3.84242e-06
10	102	3.84061e-06
93	111	3.80775e-06
90	137	3.77835e-06
91	136	3.77835e-06
28	54	3.77707e-06
59	68	3.77368e-06
58	69	3.77368e-06
16	128	3.76488e-06
45	129	3.74863e-06
1	115	3.71714e-06
13	122	3.68455e-06
12	123	3.68455e-06
89	98	3.67428e-06
88	99	3.67428e-06
18	137	-3.62097e-06
19	136	-3.62097e-06
87	105	3.57862e-06
97	114	3.5779e-06
96	115	3.5779e-06
30	50	3.5685e-06
62	96	3.56183e-06
29	61	3.52492e-06
25	57	3.52173e-06
19	31	-3.49923e-06
81	112	3.47499e-06
80	113	3.47499e-06
89	145	3.45525e-06
103	129	3.45105e-06
27	44	3.44208e-06
26	45	3.44208e-06
99	124	3.37368e-06
98	125	3.37368e-06
50	61	3.34375e-06
51	60	3.34375e-06
28	45	3.34305e-06
29	44	3.34305e-06
41	61	3.3201e-06
115	138	3.2136e-06
114	139	3.2136e-06
37	59	3.19571e-06
85	145	3.10058e-06
31	45	3.08459e-06
41	103	3.07812e-06
45	123	3.07175e-06
61	143	3.01164e-06
27	87	3.01086e-06
115	147	2.97381e-06
107	142	2.95622e-06
106	143	2.95622e-06
88	93	2.94849e-06
89	92	2.94849e-06
63	149	2.91459e-06
103	111	2.87832e-06
80	82	-2.86301e-06
53	147	2.85096e-06
17	63	2.84825e-06
21	83	2.83897e-06
66	80	-2.81371e-06
19	45	-2.79677e-06
96	130	2.7845e-06
59	101	2.76194e-06
73	89	2.75184e-06
72	124	2.73324e-06
1	63	2.69908e-06
1	96	2.67491e-06
0	97	2.67491e-06
4	137	2.59758e-06
5	136	2.59758e-06
17	92	2.58484e-06
16	93	2.58484e-06
73	128	2.56451e-06
72	129	2.56451e-06
81	123	-2.54191e-06
77	85	2.54162e-06
53	65	2.48402e-06
45	81	-2.47291e-06
7	61	2.46248e-06
40	128	2.44593e-06
82	139	2.44317e-06
83	138	2.44317e-06
107	108	2.41576e-06
106	109	2.41576e-06
11	144	2.3939e-06
10	145	2.3939e-06
81	130	-2.37842e-06
80	131	-2.37842e-06
11	61	2.34036e-06
41	45	2.27284e-06
123	137	2.25268e-06
33	79	2.19314e-06
45	87	2.14858e-06
10	90	2.13242e-06
13	68	2.12561e-06
12	69	2.12561e-06
93	147	2.11185e-06
17	45	2.09737e-06
50	137	2.08891e-06
51	136	2.08891e-06
59	64	2.08502e-06
58	65	2.08502e-06
31	80	-2.05109e-06
30	81	-2.05109e-06
45	51	2.04004e-06
84	93	2.03306e-06
85	92	2.03306e-06
4	69	2.02432e-06
5	68	2.02432e-06
23	31	2.01657e-06
24	127	2.01019e-06
25	126	2.01019e-06
18	123	-1.99649e-06
19	122	-1.99649e-06
128	136	1.98775e-06
11	63	1.97765e-06
21	139	1.96806e-06
63	81	-1.96029e-06
81	96	-1.95148e-06
80	97	-1.95148e-06
59	97	1.94453e-06
92	104	1.92121e-06
93	110	1.90387e-06
92	111	1.90387e-06
90	136	1.88918e-06
58	68	1.88684e-06
25	119	1.88538e-06
44	129	1.87431e-06
45	128	1.87431e-06
0	115	1.85857e-06
1	114	1.85857e-06
12	122	1.84228e-06
88	98	1.83714e-06
18	136	-1.81048e-06
45	103	1.79007e-06
86	105	1.78931e-06
87	104	1.78931e-06
96	114	1.78895e-06
45	131	1.76948e-06
29	60	1.76246e-06
28	61	1.76246e-06
24	57	1.76087e-06
25	56	1.76087e-06
19	30	-1.74961e-06
18	31	-1.74961e-06
29	73	1.74852e-06
80	112	1.7375e-06
69	81	-1.73402e-06
89	144	1.72762e-06
88	145	1.72762e-06
103	128	1.72552e-06
102	129	1.72552e-06
13	31	1.72278e-06
26	44	1.72104e-06
99	129	1.71972e-06
11	93	1.7193e-06
85	129	1.71897e-06
45	143	1.71692e-06
98	124	1.68684e-06
13	19	-1.67219e-06
50	60	1.67187e-06
28	44	1.67153e-06
40	61	1.66005e-06
41	60	1.66005e-06
27	103	1.63718e-06
103	145	1.6203e-06
114	138	1.6068e-06
36	59	1.59786e-06
37	58	1.59786e-06
137	149	1.59556e-06
84	145	1.55029e-06
85	144	1.55029e-06
30	45	1.5423e-06
31	44	1.5423e-06
41	102	1.53906e-06
40	103	1.53906e-06
45	122	1.53587e-06
44	123	1.53587e-06
61	142	1.50582e-06
60	143	1.50582e-06
27	86	1.50543e-06
26	87	1.50543e-06
41	63	1.50423e-06
27	55	1.50233e-06
115	146	1.4869e-06
114	147	1.4869e-06
106	142	1.47811e-06
88	92	1.47424e-06
63	148	1.4573e-06
62	149	1.4573e-06
103	110	1.43916e-06
102	111	1.43916e-06
52	147	1.42548e-06
53	146	1.42548e-06
17	62	1.42412e-06
16	63	1.42412e-06
21	82	1.41948e-06
20	83	1.41948e-06
19	44	-1.39839e-06
18	45	-1.39839e-06
58	101	1.38097e-06
59	100	1.38097e-06
45	73	1.37738e-06
72	89	1.37592e-06
73	88	1.37592e-06
1	62	1.34954e-06
0	63	1.34954e-06
0	96	1.33745e-06
11	21	1.33656e-06
41	145	1.31741e-06
25	85	1.31029e-06
4	136	1.29879e-06
16	92	1.29242e-06
72	128	1.28226e-06
115	129	1.27675e-06
80	123	-1.27095e-06
81	122	-1.27095e-06
76	85	1.27081e-06
77	84	1.27081e-06
53	64	1.24201e-06
52	65	1.24201e-06
44	81	-1.23645e-06
45	80	-1.23645e-06
6	61	1.23124e-06
7	60	1.23124e-06
63	145	1.22883e-06
82	138	1.22158e-06
11	137	1.22103e-06
106	108	1.20788e-06
11	55	1.20564e-06
69	141	1.1998e-06
10	144	1.19695e-06
51	145	1.19339e-06
80	130	-1.18921e-06
10	61	1.17018e-06
11	60	1.17018e-06
63	69	1.1698e-06
83	131	1.16279e-06
13	131	1.15372e-06
21	45	1.14746e-06
41	44	1.13642e-06
40	45	1.13642e-06
122	137	1.12634e-06
123	136	1.12634e-06
73	93	1.10937e-06
83	123	1.10133e-06
33	78	1.09657e-06
32	79	1.09657e-06
45	69	1.07513e-06
44	87	1.07429e-06
45	86	1.07429e-06
29	143	1.0717e-06
12	68	1.06281e-06
5	31	1.05742e-06
93	146	1.05593e-06
92	147	1.05593e-06
16	45	1.04869e-06
17	44	1.04869e-06
50	136	1.04446e-06
58	64	1.04251e-06
30	80	-1.02555e-06
45	50	1.02002e-06
44	51	1.02002e-06
84	92	1.01653e-06
61	85	1.01428e-06
115	145	1.01289e-06
43	79	1.0126e-06
4	68	1.01216e-06
23	30	1.00829e-06
22	31	1.00829e-06
24	126	1.0051e-06
18	122	-9.98244e-07
67	137	9.88972e-07
10	63	9.88824e-07
11	62	9.88824e-07
61	111	9.84578e-07
19	83	-9.84458e-07
21	138	9.84032e-07
20	139	9.84032e-07
11	83	9.82838e-07
63	80	-9.80143e-07
62	81	-9.80143e-07
80	96	-9.75739e-07
45	149	9.75717e-07
58	97	9.72265e-07
59	96	9.72265e-07
111	129	9.59338e-07
27	109	9.53389e-07
92	110	9.51937e-07
51	65	9.4912e-07
24	119	9.42688e-07
25	118	9.42688e-07
44	128	9.37157e-07
0	114	9.29285e-07
51	101	8.99352e-07
45	102	8.95036e-07
44	103	8.95036e-07
86	104	8.94654e-07
83	115	8.91296e-07
45	130	8.84742e-07
44	131	8.84742e-07
21	27	8.81306e-07
28	60	8.81229e-07
24	56	8.80433e-07
18	30	-8.74807e-07
28	73	8.74258e-07
29	72	8.74258e-07
68	81	-8.67008e-07
69	80	-8.67008e-07
88	144	8.63812e-07
102	128	8.62762e-07
13	30	8.61389e-07
12	31	8.61389e-07
98	129	8.5986e-07
99	128	8.5986e-07
11	92	8.59649e-07
10	93	8.59649e-07
85	128	8.59486e-07
84	129	8.59486e-07
44	143	8.58462e-07
45	142	8.58462e-07
127	129	8.46414e-07
13	18	-8.36094e-07
12	19	-8.36094e-07
19	51	-8.3444e-07
40	60	8.30025e-07
19	67	-8.22758e-07
27	102	8.18588e-07
26	103	8.18588e-07
79	83	8.18402e-07
81	127	-8.17368e-07
69	137	8.14999e-07
103	144	8.10149e-07
102	145	8.10149e-07
7	87	8.01493e-07
36	58	7.98928e-07
137	148	7.97781e-07
136	149	7.97781e-07
37	65	7.80798e-07
25	105	7.80068e-07
97	129	7.77316e-07
84	144	7.75145e-07
59	81	-7.71278e-07
30	44	7.71148e-07
40	102	7.69531e-07
44	122	7.67936e-07
60	142	7.5291e-07
26	86	7.52715e-07
40	63	7.52114e-07
41	62	7.52114e-07
26	55	7.51165e-07
27	54	7.51165e-07
114	146	7.43452e-07
62	148	7.28648e-07
102	110	7.1958e-07
57	127	7.15601e-07
115	137	7.14386e-07
52	146	7.1274e-07
19	131	-7.12332e-07
16	62	7.12062e-07
20	82	7.09741e-07
18	44	-6.99193e-07
63	99	6.96412e-07
58	100	6.90484e-07
45	72	6.88688e-07
44	73	6.88688e-07
72	88	6.87961e-07
1	79	6.85629e-07
97	135	6.83414e-07
0	62	6.74769e-07
11	20	6.68282e-07
10	21	6.68282e-07
73	127	6.66923e-07
5	51	6.6677e-07
19	69	-6.64219e-07
13	45	6.63808e-07
13	67	6.63231e-07
40	145	6.58706e-07
41	144	6.58706e-07
25	84	6.55143e-07
24	85	6.55143e-07
115	128	6.38373e-07
114	129	6.38373e-07
80	122	-6.35476e-07
76	84	6.35406e-07
52	64	6.21006e-07
29	87	6.19564e-07
44	80	-6.18227e-07
29	145	6.16807e-07
6	60	6.1562e-07
62	145	6.14413e-07
63	144	6.14413e-07
41	93	6.14391e-07
13	63	6.1418e-07
135	137	6.11706e-07
10	137	6.10513e-07
11	136	6.10513e-07
21	29	6.08498e-07
77	105	6.04821e-07
11	54	6.0282e-07
10	55	6.0282e-07
68	141	5.99902e-07
69	140	5.99902e-07
50	145	5.96695e-07
51	144	5.96695e-07
31	123	5.86209e-07
10	60	5.85089e-07
63	68	5.849e-07
62	69	5.849e-07
91	115	5.83345e-07
83	130	5.81396e-07
82	131	5.81396e-07
12	131	5.76858e-07
13	130	5.76858e-07
20	45	5.73731e-07
21	44	5.73731e-07
40	44	5.6821e-07
122	136	5.63171e-07
115	143	5.63034e-07
72	93	5.54683e-07
73	92	5.54683e-07
83	122	5.50665e-07
82	123	5.50665e-07
32	78	5.48285e-07
45	101	5.42855e-07
101	137	5.38023e-07
45	68	5.37563e-07
44	69	5.37563e-07
44	86	5.37144e-07
29	142	5.35851e-07
28	143	5.35851e-07
37	115	5.34439e-07
11	87	5.33924e-07
4	31	5.28708e-07
5	30	5.28708e-07
92	146	5.27963e-07
16	44	5.24343e-07
57	119	5.2397e-07
44	50	5.10011e-07
91	129	5.07641e-07
61	84	5.07138e-07
60	85	5.07138e-07
115	144	5.06445e-07
114	145	5.06445e-07
43	78	5.06301e-07
42	79	5.06301e-07
31	97	5.04308e-07
22	30	5.04143e-07
27	139	4.98838e-07
66	137	4.94486e-07
67	136	4.94486e-07
10	62	4.94412e-07
61	110	4.92289e-07
60	111	4.92289e-07
19	82	-4.92229e-07
18	83	-4.92229e-07
20	138	4.92016e-07
10	83	4.91419e-07
11	82	4.91419e-07
62	80	-4.90071e-07
13	81	-4.89994e-07
44	149	4.87859e-07
45	148	4.87859e-07
58	96	4.86133e-07
73	109	4.83705e-07
111	128	4.79669e-07
110	129	4.79669e-07
26	109	4.76695e-07
27	108	4.76695e-07
51	64	4.7456e-07
50	65	4.7456e-07
24	118	4.71344e-07
31	137	4.56122e-07
51	100	4.49676e-07
50	101	4.49676e-07
105	129	4.48241e-07
44	102	4.47518e-07
82	115	4.45648e-07
83	114	4.45648e-07
44	130	4.42371e-07
20	27	4.40653e-07
21	26	4.40653e-07
63	101	4.3856e-07
28	72	4.37129e-07
51	123	4.34875e-07
68	80	-4.33504e-07
31	63	4.32556e-07
12	30	4.30694e-07
98	128	4.2993e-07
10	92	4.29824e-07
84	128	4.29743e-07
44	142	4.29231e-07
126	129	4.23207e-07
127	128	4.23207e-07
12	18	-4.18047e-07
18	51	-4.1722e-07
19	50	-4.1722e-07
29	137	4.14694e-07
13	137	4.14614e-07
19	66	-4.11379e-07
18	67	-4.11379e-07
26	102	4.09294e-07
79	82	4.09201e-07
78	83	4.09201e-07
81	126	-4.08684e-07
80	127	-4.08684e-07
68	137	4.075e-07
69	136	4.075e-07
27	115	4.05573e-07
102	144	4.05074e-07
6	87	4.00747e-07
7	86	4.00747e-07
136	148	3.9889e-07
17	103	3.98186e-07
111	127	3.95272e-07
7	25	3.94494e-07
36	65	3.90399e-07
37	64	3.90399e-07
24	105	3.90034e-07
25	104	3.90034e-07
96	129	3.88658e-07
97	128	3.88658e-07
59	129	3.8708e-07
69	89	3.85836e-07
59	80	-3.85639e-07
58	81	-3.85639e-07
35	131	3.83816e-07
40	62	3.76057e-07
26	54	3.75582e-07
45	111	3.69439e-07
45	89	3.67675e-07
51	89	3.58052e-07
56	127	3.578e-07
57	126	3.578e-07
115	136	3.57193e-07
114	137	3.57193e-07
19	130	-3.56166e-07
18	131	-3.56166e-07
71	83	3.54637e-07
13	101	3.53633e-07
63	98	3.48206e-07
62	99	3.48206e-07
45	145	3.47288e-07
13	83	3.45571e-07
31	89	3.45337e-07
44	72	3.44344e-07
0	79	3.42814e-07
1	78	3.42814e-07
97	134	3.41707e-07
96	135	3.41707e-07
83	117	3.4092e-07
51	149	3.40621e-07
87	93	3.38105e-07
10	20	3.34141e-07
72	127	3.33462e-07
73	126	3.33462e-07
4	51	3.33385e-07
5	50	3.33385e-07
75	127	3.33339e-07
97	117	3.33042e-07
18	69	-3.3211e-07
19	68	-3.3211e-07
13	44	3.31904e-07
12	45	3.31904e-07
13	66	3.31615e-07
12	67	3.31615e-07
40	144	3.29353e-07
41	127	3.29306e-07
24	84	3.27572e-07
61	75	3.24516e-07
83	135	3.23655e-07
114	128	3.19187e-07
7	77	3.1089e-07
28	87	3.09782e-07
29	86	3.09782e-07
28	145	3.08403e-07
29	144	3.08403e-07
62	144	3.07206e-07
40	93	3.07195e-07
41	92	3.07195e-07
12	63	3.0709e-07
13	62	3.0709e-07
134	137	3.05853e-07
135	136	3.05853e-07
10	136	3.05257e-07
21	28	3.04249e-07
20	29	3.04249e-07
77	104	3.0241e-07
76	105	3.0241e-07
10	54	3.0141e-07
45	99	3.00649e-07
68	140	2.99951e-07
50	144	2.98347e-07
45	61	2.96131e-07
85	103	2.95884e-07
61	73	2.94978e-07
30	123	2.93104e-07
31	122	2.93104e-07
5	131	2.92667e-07
62	68	2.9245e-07
90	115	2.91672e-07
91	114	2.91672e-07
82	130	2.90698e-07
137	139	2.90347e-07
12	130	2.88429e-07
20	44	2.86866e-07
69	149	2.85711e-07
11	109	2.82624e-07
13	65	2.81724e-07
114	143	2.81517e-07
115	142	2.81517e-07
51	81	-2.81065e-07
72	92	2.77342e-07
83	129	2.76108e-07
82	122	2.75333e-07
129	131	2.75218e-07
139	145	2.75079e-07
81	101	-2.7491e-07
47	101	2.7288e-07
44	101	2.71428e-07
45	100	2.71428e-07
63	87	2.70636e-07
45	85	2.70358e-07
101	136	2.69011e-07
100	137	2.69011e-07
44	68	2.68782e-07
28	142	2.67926e-07
37	114	2.6722e-07
36	115	2.6722e-07
11	86	2.66962e-07
10	87	2.66962e-07
4	30	2.64354e-07
101	139	2.64213e-07
57	118	2.61985e-07
56	119	2.61985e-07
67	97	2.61652e-07
5	39	2.59582e-07
75	129	2.56254e-07
63	85	2.54744e-07
91	128	2.5382e-07
90	129	2.5382e-07
60	84	2.53569e-07
114	144	2.53222e-07
25	41	2.5322e-07
42	78	2.5315e-07
79	115	2.53149e-07
30	97	2.52154e-07
31	96	2.52154e-07
29	109	2.50739e-07
27	138	2.49419e-07
26	139	2.49419e-07
29	115	2.48551e-07
66	136	2.47243e-07
61	93	2.46866e-07
5	91	2.46432e-07
79	129	2.4643e-07
60	110	2.46145e-07
18	82	-2.46114e-07
10	82	2.45709e-07
12	81	-2.44997e-07
13	80	-2.44997e-07
123	131	2.43939e-07
44	148	2.43929e-07
73	108	2.41853e-07
72	109	2.41853e-07
31	71	2.3994e-07
110	128	2.39835e-07
63	73	2.39693e-07
109	111	2.39115e-07
26	108	2.38347e-07
50	64	2.3728e-07
103	105	2.30855e-07
30	137	2.28061e-07
31	136	2.28061e-07
1	29	2.26985e-07
63	131	2.26109e-07
50	100	2.24838e-07
104	129	2.24121e-07
105	128	2.24121e-07
82	114	2.22824e-07
17	69	2.20413e-07
20	26	2.20327e-07
62	101	2.1928e-07
63	100	2.1928e-07
51	122	2.17437e-07
50	123	2.17437e-07
27	61	2.17423e-07
61	105	2.16494e-07
31	62	2.16278e-07
30	63	2.16278e-07
126	128	2.11603e-07
27	91	2.1084e-07
18	50	-2.0861e-07
29	136	2.07347e-07
28	137	2.07347e-07
12	137	2.07307e-07
13	136	2.07307e-07
18	66	-2.0569e-07
78	82	2.046e-07
80	126	-2.04342e-07
68	136	2.0375e-07
27	114	2.02787e-07
26	115	2.02787e-07
83	91	2.02494e-07
27	145	2.01345e-07
6	86	2.00373e-07
16	103	1.99093e-07
17	102	1.99093e-07
61	107	1.97997e-07
101	149	1.97739e-07
110	127	1.97636e-07
111	126	1.97636e-07
39	79	1.97327e-07
6	25	1.97247e-07
7	24	1.97247e-07
125	129	1.96687e-07
69	97	1.95223e-07
36	64	1.952e-07
24	104	1.95017e-07
103	143	1.94553e-07
96	128	1.94329e-07
59	128	1.9354e-07
58	129	1.9354e-07
37	69	1.92958e-07
68	89	1.92918e-07
69	88	1.92918e-07
58	80	-1.9282e-07
35	130	1.91908e-07
34	131	1.91908e-07
143	145	1.91317e-07
25	75	1.89496e-07
44	111	1.84719e-07
45	110	1.84719e-07
45	88	1.83837e-07
44	89	1.83837e-07
69	115	1.79389e-07
69	139	1.79229e-07
51	88	1.79026e-07
50	89	1.79026e-07
56	126	1.789e-07
114	136	1.78596e-07
18	130	-1.78083e-07
71	82	1.77319e-07
70	83	1.77319e-07
13	100	1.76816e-07
12	101	1.76816e-07
62	98	1.74103e-07
44	145	1.73644e-07
45	144	1.73644e-07
13	82	1.72785e-07
12	83	1.72785e-07
31	88	1.72668e-07
30	89	1.72668e-07
0	78	1.71407e-07
21	135	1.70864e-07
96	134	1.70853e-07
82	117	1.7046e-07
83	116	1.7046e-07
50	149	1.7031e-07
51	148	1.7031e-07
17	25	1.69348e-07
86	93	1.69052e-07
87	92	1.69052e-07
5	63	1.67138e-07
72	126	1.66731e-07
4	50	1.66692e-07
125	145	1.66687e-07
75	126	1.6667e-07
74	127	1.6667e-07
96	117	1.66521e-07
97	116	1.66521e-07
18	68	-1.66055e-07
12	44	1.65952e-07
12	66	1.65808e-07
40	127	1.64653e-07
41	126	1.64653e-07
51	97	1.63431e-07
77	127	1.62457e-07
60	75	1.62258e-07
61	74	1.62258e-07
83	134	1.61828e-07
82	135	1.61828e-07
23	149	1.59507e-07
53	59	1.59322e-07
17	71	1.5704e-07
83	145	1.56737e-07
6	77	1.55445e-07
7	76	1.55445e-07
33	45	1.55228e-07
28	86	1.54891e-07
7	51	1.54416e-07
28	144	1.54202e-07
1	83	1.53619e-07
40	92	1.53598e-07
12	62	1.53545e-07
134	136	1.52927e-07
20	28	1.52125e-07
27	73	1.51913e-07
76	104	1.51205e-07
45	98	1.50325e-07
44	99	1.50325e-07
44	61	1.48066e-07
45	60	1.48066e-07
85	102	1.47942e-07
84	103	1.47942e-07
61	72	1.47489e-07
60	73	1.47489e-07
30	122	1.46552e-07
59	115	1.4641e-07
5	130	1.46333e-07
4	131	1.46333e-07
90	114	1.45836e-07
63	105	1.45267e-07
137	138	1.45173e-07
136	139	1.45173e-07
79	81	-1.45147e-07
68	149	1.42856e-07
69	148	1.42856e-07
7	145	1.42853e-07
59	147	1.42801e-07
29	63	1.41327e-07
11	108	1.41312e-07
10	109	1.41312e-07
12	65	1.40862e-07
13	64	1.40862e-07
114	142	1.40758e-07
50	81	-1.40533e-07
51	80	-1.40533e-07
27	63	1.40462e-07
65	97	1.38887e-07
21	35	1.38255e-07
45	107	1.3824e-07
31	109	1.38183e-07
83	128	1.38054e-07
82	129	1.38054e-07
128	131	1.37609e-07
129	130	1.37609e-07
138	145	1.3754e-07
139	144	1.3754e-07
80	101	-1.37455e-07
81	100	-1.37455e-07
5	71	1.37196e-07
46	101	1.3644e-07
47	100	1.3644e-07
44	100	1.35714e-07
63	86	1.35318e-07
62	87	1.35318e-07
44	85	1.35179e-07
45	84	1.35179e-07
100	136	1.34506e-07
77	89	1.34122e-07
36	114	1.3361e-07
10	86	1.33481e-07
17	61	1.32431e-07
100	139	1.32106e-07
101	138	1.32106e-07
19	97	-1.31212e-07
56	118	1.30993e-07
17	145	1.30945e-07
63	115	1.30927e-07
66	97	1.30826e-07
67	96	1.30826e-07
37	97	1.29886e-07
63	103	1.29874e-07
4	39	1.29791e-07
5	38	1.29791e-07
19	63	-1.29409e-07
63	79	1.29105e-07
13	51	1.28524e-07
74	129	1.28127e-07
75	128	1.28127e-07
63	67	1.28101e-07
51	129	1.27712e-07
63	84	1.27372e-07
62	85	1.27372e-07
45	135	1.27361e-07
129	147	1.27181e-07
90	128	1.2691e-07
24	41	1.2661e-07
25	40	1.2661e-07
79	114	1.26575e-07
78	115	1.26575e-07
30	96	1.26077e-07
28	109	1.25369e-07
29	108	1.25369e-07
26	138	1.2471e-07
29	114	1.24275e-07
28	115	1.24275e-07
61	92	1.23433e-07
60	93	1.23433e-07
4	91	1.23216e-07
5	90	1.23216e-07
79	128	1.23215e-07
78	129	1.23215e-07
61	115	1.22621e-07
12	80	-1.22498e-07
122	131	1.2197e-07
123	130	1.2197e-07
72	108	1.20926e-07
30	71	1.1997e-07
31	70	1.1997e-07
63	72	1.19846e-07
62	73	1.19846e-07
108	111	1.19558e-07
109	110	1.19558e-07
41	51	1.18782e-07
5	47	1.1822e-07
27	137	1.18218e-07
7	93	1.17301e-07
65	115	1.16585e-07
103	104	1.15428e-07
102	105	1.15428e-07
11	135	1.14497e-07
30	136	1.1403e-07
0	29	1.13492e-07
1	28	1.13492e-07
62	131	1.13055e-07
63	130	1.13055e-07
31	117	1.12935e-07
11	149	1.1277e-07
104	128	1.1206e-07
11	97	1.11918e-07
105	145	1.10422e-07
16	69	1.10206e-07
17	68	1.10206e-07
45	105	1.09913e-07
62	100	1.0964e-07
7	129	1.09204e-07
50	122	1.08719e-07
27	60	1.08712e-07
26	61	1.08712e-07
19	101	-1.0854e-07
29	103	1.08309e-07
60	105	1.08247e-07
61	104	1.08247e-07
30	62	1.08139e-07
19	59	-1.08095e-07
31	99	1.08012e-07
17	51	1.05504e-07
27	90	1.0542e-07
26	91	1.0542e-07
28	136	1.03674e-07
12	136	1.03653e-07
93	145	1.03466e-07
17	109	1.03131e-07
87	127	1.02594e-07
7	109	1.0203e-07
1	93	1.01497e-07
26	114	1.01393e-07
83	90	1.01247e-07
82	91	1.01247e-07
26	145	1.00672e-07
27	144	1.00672e-07
61	83	9.99889e-08
16	102	9.95465e-08
111	145	9.94096e-08
60	107	9.89984e-08
61	106	9.89984e-08
41	77	9.89643e-08
100	149	9.88694e-08
101	148	9.88694e-08
110	126	9.88181e-08
39	78	9.86636e-08
38	79	9.86636e-08
6	24	9.86235e-08
124	129	9.83433e-08
125	128	9.83433e-08
69	96	9.76114e-08
68	97	9.76114e-08
103	142	9.72764e-08
102	143	9.72764e-08
58	128	9.677e-08
36	69	9.6479e-08
37	68	9.6479e-08
68	88	9.6459e-08
87	129	9.60907e-08
34	130	9.59539e-08
51	105	9.59007e-08
143	144	9.56586e-08
142	145	9.56586e-08
25	74	9.47481e-08
24	75	9.47481e-08
23	141	9.3065e-08
44	110	9.23597e-08
44	88	9.19187e-08
68	115	8.96945e-08
69	114	8.96945e-08
69	138	8.96143e-08
68	139	8.96143e-08
50	88	8.9513e-08
70	82	8.86593e-08
12	100	8.84081e-08
45	139	8.82365e-08
17	101	8.74611e-08
101	131	8.73866e-08
89	129	8.70983e-08
44	144	8.68219e-08
12	82	8.63927e-08
30	88	8.63342e-08
20	135	8.5432e-08
21	134	8.5432e-08
82	116	8.52301e-08
50	148	8.51552e-08
17	24	8.4674e-08
16	25	8.4674e-08
86	92	8.45262e-08
75	77	8.39721e-08
37	101	8.36164e-08
4	63	8.35692e-08
5	62	8.35692e-08
125	144	8.33436e-08
124	145	8.33436e-08
74	126	8.33349e-08
96	116	8.32605e-08
87	143	8.27516e-08
7	69	8.27358e-08
40	126	8.23264e-08
63	123	8.20383e-08
51	96	8.17156e-08
50	97	8.17156e-08
97	147	8.14203e-08
77	126	8.12283e-08
76	127	8.12283e-08
63	125	8.11908e-08
60	74	8.1129e-08
82	134	8.09139e-08
91	97	8.05042e-08
23	148	7.97534e-08
22	149	7.97534e-08
52	59	7.96612e-08
53	58	7.96612e-08
51	85	7.85296e-08
16	71	7.85202e-08
17	70	7.85202e-08
83	144	7.83683e-08
82	145	7.83683e-08
11	13	7.82735e-08
6	76	7.77225e-08
32	45	7.7614e-08
33	44	7.7614e-08
7	50	7.72078e-08
6	51	7.72078e-08
1	82	7.68096e-08
0	83	7.68096e-08
5	83	7.66489e-08
26	73	7.59567e-08
27	72	7.59567e-08
73	145	7.54042e-08
44	98	7.51623e-08
77	125	7.42809e-08
44	60	7.40328e-08
84	102	7.39711e-08
60	72	7.37446e-08
58	115	7.32052e-08
59	114	7.32052e-08
4	130	7.31667e-08
91	149	7.29914e-08
62	105	7.26337e-08
63	104	7.26337e-08
136	138	7.25867e-08
78	81	-7.25737e-08
79	80	-7.25737e-08
68	148	7.14279e-08
6	145	7.14265e-08
7	144	7.14265e-08
58	147	7.14006e-08
59	146	7.14006e-08
21	55	7.0858e-08
29	62	7.06635e-08
28	63	7.06635e-08
10	108	7.06559e-08
91	93	7.05878e-08
12	64	7.0431e-08
50	80	-7.02663e-08
26	63	7.02312e-08
27	62	7.02312e-08
69	143	6.94697e-08
65	96	6.94433e-08
64	97	6.94433e-08
21	34	6.91275e-08
20	35	6.91275e-08
44	107	6.91202e-08
45	106	6.91202e-08
31	108	6.90917e-08
30	109	6.90917e-08
82	128	6.9027e-08
128	130	6.88044e-08
138	144	6.87699e-08
80	100	-6.87276e-08
5	70	6.85982e-08
4	71	6.85982e-08
46	100	6.822e-08
62	86	6.76589e-08
44	84	6.75894e-08
31	59	6.71339e-08
77	88	6.70611e-08
76	89	6.70611e-08
27	93	6.69196e-08
37	129	6.68895e-08
16	61	6.62154e-08
17	60	6.62154e-08
100	138	6.60532e-08
19	96	-6.56062e-08
18	97	-6.56062e-08
99	101	6.55085e-08
17	144	6.54724e-08
16	145	6.54724e-08
62	115	6.54633e-08
63	114	6.54633e-08
66	96	6.5413e-08
36	97	6.49429e-08
37	96	6.49429e-08
63	102	6.49369e-08
62	103	6.49369e-08
4	38	6.48954e-08
19	62	-6.47047e-08
18	63	-6.47047e-08
63	78	6.45524e-08
62	79	6.45524e-08
29	111	6.43012e-08
12	51	6.42619e-08
13	50	6.42619e-08
74	128	6.40635e-08
63	66	6.40507e-08
62	67	6.40507e-08
50	129	6.3856e-08
51	128	6.3856e-08
62	84	6.36861e-08
45	134	6.36805e-08
44	135	6.36805e-08
129	146	6.35903e-08
128	147	6.35903e-08
24	40	6.33049e-08
78	114	6.32874e-08
85	127	6.29301e-08
28	108	6.26847e-08
23	69	6.24707e-08
28	114	6.21377e-08
60	92	6.17165e-08
33	83	6.1613e-08
4	90	6.16079e-08
78	128	6.16076e-08
61	114	6.13104e-08
60	115	6.13104e-08
122	130	6.09848e-08
29	41	6.07029e-08
29	91	6.06966e-08
27	83	6.00615e-08
30	70	5.99849e-08
62	72	5.99232e-08
108	110	5.97788e-08
41	50	5.93911e-08
40	51	5.93911e-08
29	123	5.91399e-08
4	47	5.91099e-08
5	46	5.91099e-08
26	137	5.91092e-08
27	136	5.91092e-08
7	92	5.86505e-08
6	93	5.86505e-08
25	89	5.83309e-08
65	114	5.82923e-08
64	115	5.82923e-08
139	149	5.80939e-08
102	104	5.77138e-08
17	31	5.73074e-08
10	135	5.72485e-08
11	134	5.72485e-08
0	28	5.67462e-08
62	130	5.65273e-08
31	116	5.64673e-08
30	117	5.64673e-08
10	149	5.63848e-08
11	148	5.63848e-08
21	69	5.62108e-08
11	96	5.59589e-08
10	97	5.59589e-08
103	127	5.55139e-08
105	144	5.52112e-08
104	145	5.52112e-08
16	68	5.51031e-08
45	104	5.49563e-08
44	105	5.49563e-08
31	41	5.49355e-08
7	128	5.46019e-08
6	129	5.46019e-08
26	60	5.43558e-08
18	101	-5.42698e-08
19	100	-5.42698e-08
29	102	5.41546e-08
28	103	5.41546e-08
60	104	5.41235e-08
18	59	-5.40476e-08
19	58	-5.40476e-08
31	98	5.40062e-08
30	99	5.40062e-08
16	51	5.2752e-08
17	50	5.2752e-08
26	90	5.271e-08
59	71	5.25137e-08
13	59	5.20642e-08
75	145	5.18556e-08
92	145	5.17328e-08
93	144	5.17328e-08
16	109	5.15653e-08
17	108	5.15653e-08
65	137	5.14703e-08
86	127	5.12972e-08
87	126	5.12972e-08
6	109	5.1015e-08
7	108	5.1015e-08
113	131	-5.08083e-08
0	93	5.07483e-08
1	92	5.07483e-08
51	125	5.06986e-08
73	143	5.06255e-08
82	90	5.06235e-08
45	113	-5.05688e-08
26	144	5.03362e-08
39	137	5.03166e-08
61	82	4.99944e-08
60	83	4.99944e-08
5	59	4.98197e-08
79	123	4.97097e-08
111	144	4.97048e-08
110	145	4.97048e-08
47	83	4.95711e-08
60	106	4.94992e-08
40	77	4.94821e-08
41	76	4.94821e-08
100	148	4.94347e-08
38	78	4.93318e-08
13	115	4.93197e-08
124	128	4.91717e-08
61	103	4.89737e-08
68	96	4.88057e-08
102	142	4.86382e-08
36	68	4.82395e-08
87	128	4.80454e-08
86	129	4.80454e-08
51	104	4.79503e-08
50	105	4.79503e-08
142	144	4.78293e-08
63	93	4.78057e-08
24	74	4.73741e-08
41	69	4.72633e-08
7	31	4.68711e-08
65	147	4.66055e-08
22	141	4.65325e-08
23	140	4.65325e-08
1	91	4.64386e-08
21	101	4.59779e-08
65	123	4.57328e-08
97	143	4.52234e-08
68	114	4.48473e-08
68	138	4.48071e-08
44	139	4.41182e-08
45	138	4.41182e-08
17	100	4.37306e-08
16	101	4.37306e-08
100	131	4.36933e-08
101	130	4.36933e-08
37	83	4.36606e-08
89	128	4.35492e-08
88	129	4.35492e-08
51	139	4.354e-08
20	134	4.2716e-08
16	24	4.2337e-08
75	76	4.1986e-08
74	77	4.1986e-08
37	100	4.18082e-08
36	101	4.18082e-08
4	62	4.17846e-08
13	33	4.17161e-08
124	144	4.16718e-08
87	142	4.13758e-08
86	143	4.13758e-08
7	68	4.13679e-08
6	69	4.13679e-08
45	65	4.12566e-08
63	122	4.10191e-08
62	123	4.10191e-08
123	129	4.08692e-08
50	96	4.08578e-08
96	147	4.07102e-08
97	146	4.07102e-08
76	126	4.06142e-08
63	124	4.05954e-08
62	125	4.05954e-08
5	45	4.05815e-08
41	83	4.05616e-08
1	27	4.05284e-08
7	45	4.03943e-08
90	97	4.02521e-08
91	96	4.02521e-08
22	148	3.98767e-08
52	58	3.98306e-08
19	91	-3.93623e-08
51	84	3.92648e-08
50	85	3.92648e-08
16	70	3.92601e-08
82	144	3.91841e-08
10	13	3.91367e-08
11	12	3.91367e-08
13	37	3.88433e-08
32	44	3.8807e-08
61	87	3.87809e-08
45	67	3.87556e-08
6	50	3.86039e-08
0	82	3.84048e-08
4	83	3.83244e-08
5	82	3.83244e-08
25	103	3.81009e-08
26	72	3.79783e-08
69	99	3.78688e-08
72	145	3.77021e-08
73	144	3.77021e-08
11	123	3.76764e-08
69	105	3.74376e-08
76	125	3.71404e-08
77	124	3.71404e-08
89	103	3.71255e-08
58	114	3.66026e-08
90	149	3.64957e-08
91	148	3.64957e-08
62	104	3.63169e-08
78	80	-3.62869e-08
103	123	3.60662e-08
6	144	3.57133e-08
58	146	3.57003e-08
21	54	3.5429e-08
20	55	3.5429e-08
28	62	3.53317e-08
90	93	3.52939e-08
91	92	3.52939e-08
59	123	3.52562e-08
53	115	3.52162e-08
26	62	3.51156e-08
17	77	3.50636e-08
69	142	3.47349e-08
68	143	3.47349e-08
64	96	3.47217e-08
20	34	3.45638e-08
44	106	3.45601e-08
30	108	3.45459e-08
67	131	3.44252e-08
25	63	3.43692e-08
4	70	3.42991e-08
61	63	3.38713e-08
33	137	3.38112e-08
91	101	3.37251e-08
30	59	3.35669e-08
31	58	3.35669e-08
76	88	3.35305e-08
27	92	3.34598e-08
26	93	3.34598e-08
36	129	3.34448e-08
37	128	3.34448e-08
16	60	3.31077e-08
57	145	3.29099e-08
18	96	-3.28031e-08
99	100	3.27542e-08
98	101	3.27542e-08
16	144	3.27362e-08
62	114	3.27316e-08
31	75	3.25079e-08
36	96	3.24715e-08
62	102	3.24685e-08
93	125	3.24316e-08
18	62	-3.23524e-08
69	129	3.2286e-08
62	78	3.22762e-08
29	110	3.21506e-08
28	111	3.21506e-08
12	50	3.21309e-08
62	66	3.20254e-08
50	128	3.1928e-08
44	134	3.18403e-08
128	146	3.17952e-08
41	109	3.17012e-08
85	126	3.1465e-08
84	127	3.1465e-08
22	69	3.12353e-08
23	68	3.12353e-08
105	127	3.11733e-08
125	149	3.09833e-08
33	82	3.08065e-08
32	83	3.08065e-08
60	114	3.06552e-08
29	40	3.03514e-08
28	41	3.03514e-08
28	91	3.03483e-08
29	90	3.03483e-08
63	89	3.01784e-08
77	145	3.01777e-08
26	83	3.00307e-08
27	82	3.00307e-08
59	145	3.0001e-08
59	61	2.98402e-08
25	51	2.97796e-08
63	111	2.97141e-08
40	50	2.96956e-08
19	73	-2.95843e-08
29	122	2.957e-08
28	123	2.957e-08
4	46	2.9555e-08
26	136	2.95546e-08
53	101	2.9431e-08
6	92	2.93252e-08
24	89	2.91655e-08
25	88	2.91655e-08
64	114	2.91461e-08
139	148	2.9047e-08
138	149	2.9047e-08
87	109	2.88251e-08
51	53	2.8806e-08
16	31	2.86537e-08
17	30	2.86537e-08
10	134	2.86242e-08
25	129	2.85841e-08
25	81	-2.84702e-08
19	79	-2.83027e-08
30	116	2.82336e-08
10	148	2.81924e-08
11	79	2.81601e-08
21	68	2.81054e-08
20	69	2.81054e-08
10	96	2.79794e-08
61	125	2.7949e-08
102	127	2.77569e-08
103	126	2.77569e-08
104	144	2.76056e-08
44	104	2.74782e-08
30	41	2.74678e-08
31	40	2.74678e-08
6	128	2.73009e-08
18	100	-2.71349e-08
28	102	2.70773e-08
18	58	-2.70238e-08
30	98	2.70031e-08
97	145	2.68237e-08
51	115	2.65641e-08
16	50	2.6376e-08
58	71	2.62569e-08
59	70	2.62569e-08
13	58	2.60321e-08
12	59	2.60321e-08
21	109	2.59683e-08
75	144	2.59278e-08
74	145	2.59278e-08
92	144	2.58664e-08
16	108	2.57827e-08
65	136	2.57351e-08
64	137	2.57351e-08
86	126	2.56486e-08
6	108	2.55075e-08
112	131	-2.54041e-08
113	130	-2.54041e-08
0	92	2.53741e-08
51	124	2.53493e-08
50	125	2.53493e-08
73	142	2.53128e-08
72	143	2.53128e-08
101	115	2.52916e-08
44	113	-2.52844e-08
45	112	-2.52844e-08
27	149	2.52334e-08
39	136	2.51583e-08
38	137	2.51583e-08
61	69	2.50031e-08
60	82	2.49972e-08
23	39	2.49435e-08
4	59	2.49099e-08
5	58	2.49099e-08
79	122	2.48548e-08
78	123	2.48548e-08
110	144	2.48524e-08
47	82	2.47855e-08
46	83	2.47855e-08
40	76	2.47411e-08
13	114	2.46599e-08
12	115	2.46599e-08
29	139	2.45462e-08
60	103	2.44868e-08
61	102	2.44868e-08
25	111	2.42116e-08
33	67	2.41651e-08
51	71	2.41155e-08
71	125	2.40399e-08
86	128	2.40227e-08
50	104	2.39752e-08
103	139	2.39408e-08
63	92	2.39029e-08
62	93	2.39029e-08
40	69	2.36316e-08
41	68	2.36316e-08
6	31	2.34355e-08
7	30	2.34355e-08
1	131	2.34066e-08
51	127	2.3401e-08
13	149	2.33245e-08
65	146	2.33027e-08
64	147	2.33027e-08
22	140	2.32663e-08
0	91	2.32193e-08
1	90	2.32193e-08
21	100	2.2989e-08
20	101	2.2989e-08
101	129	2.29775e-08
7	63	2.29748e-08
65	122	2.28664e-08
64	123	2.28664e-08
69	125	2.28499e-08
97	103	2.26519e-08
96	143	2.26117e-08
97	142	2.26117e-08
71	99	2.24862e-08
115	135	2.24481e-08
83	103	2.21689e-08
44	138	2.20591e-08
51	111	2.19915e-08
59	131	2.19575e-08
16	100	2.18653e-08
100	130	2.18466e-08
36	83	2.18303e-08
37	82	2.18303e-08
88	128	2.17746e-08
50	139	2.177e-08
51	138	2.177e-08
29	75	2.12964e-08
13	129	2.11894e-08
109	125	2.10567e-08
1	103	2.10443e-08
74	76	2.0993e-08
21	137	2.09101e-08
36	100	2.09041e-08
12	33	2.08581e-08
13	32	2.08581e-08
86	142	2.06879e-08
6	68	2.06839e-08
23	101	2.06511e-08
45	64	2.06283e-08
44	65	2.06283e-08
62	122	2.05096e-08
123	128	2.04346e-08
122	129	2.04346e-08
51	73	2.03773e-08
96	146	2.03551e-08
62	124	2.02977e-08
4	45	2.02907e-08
5	44	2.02907e-08
41	82	2.02808e-08
40	83	2.02808e-08
0	27	2.02642e-08
1	26	2.02642e-08
43	123	2.02566e-08
75	109	2.02405e-08
7	44	2.01972e-08
6	45	2.01972e-08
5	135	2.01323e-08
90	96	2.01261e-08
31	129	2.01045e-08
45	109	2.00375e-08
77	95	2.00207e-08
67	83	1.97802e-08
18	91	-1.96812e-08
19	90	-1.96812e-08
50	84	1.96324e-08
10	12	1.95684e-08
93	127	1.95639e-08
57	85	1.94339e-08
13	36	1.94216e-08
12	37	1.94216e-08
61	86	1.93905e-08
60	87	1.93905e-08
44	67	1.93778e-08
45	66	1.93778e-08
4	82	1.91622e-08
25	102	1.90505e-08
24	103	1.90505e-08
68	99	1.89344e-08
69	98	1.89344e-08
37	51	1.89084e-08
72	144	1.8851e-08
10	123	1.88382e-08
11	122	1.88382e-08
69	104	1.87188e-08
68	105	1.87188e-08
76	124	1.85702e-08
88	103	1.85627e-08
89	102	1.85627e-08
69	123	1.85352e-08
51	77	1.84801e-08
7	103	1.84537e-08
90	148	1.82478e-08
103	122	1.80331e-08
102	123	1.80331e-08
69	75	1.79715e-08
79	147	1.78709e-08
75	103	1.78305e-08
20	54	1.77145e-08
90	92	1.7647e-08
59	122	1.76281e-08
58	123	1.76281e-08
53	114	1.76081e-08
52	115	1.76081e-08
16	77	1.75318e-08
17	76	1.75318e-08
25	61	1.75291e-08
45	127	1.73712e-08
68	142	1.73674e-08
87	125	1.72967e-08
67	130	1.72126e-08
66	131	1.72126e-08
25	62	1.71846e-08
24	63	1.71846e-08
17	97	1.70984e-08
60	63	1.69356e-08
61	62	1.69356e-08
33	136	1.69056e-08
32	137	1.69056e-08
90	101	1.68625e-08
91	100	1.68625e-08
30	58	1.67835e-08
26	92	1.67299e-08
36	128	1.67224e-08
127	137	1.66864e-08
56	145	1.64549e-08
57	144	1.64549e-08
5	81	-1.64445e-08
17	137	1.64038e-08
81	87	-1.6385e-08
98	100	1.63771e-08
31	74	1.62539e-08
30	75	1.62539e-08
92	125	1.62158e-08
93	124	1.62158e-08
68	129	1.6143e-08
69	128	1.6143e-08
28	110	1.60753e-08
19	115	-1.60288e-08
40	109	1.58506e-08
41	108	1.58506e-08
84	126	1.57325e-08
129	145	1.56609e-08
87	115	1.56309e-08
22	68	1.56177e-08
105	126	1.55866e-08
104	127	1.55866e-08
125	148	1.54917e-08
124	149	1.54917e-08
99	127	1.54126e-08
73	115	1.54103e-08
32	82	1.54033e-08
83	93	1.51794e-08
28	40	1.51757e-08
28	90	1.51741e-08
71	89	1.51351e-08
63	88	1.50892e-08
62	89	1.50892e-08
76	145	1.50888e-08
77	144	1.50888e-08
11	73	1.50864e-08
26	82	1.50154e-08
58	145	1.50005e-08
59	144	1.50005e-08
87	89	1.49989e-08
97	101	1.49589e-08
59	60	1.49201e-08
58	61	1.49201e-08
24	51	1.48898e-08
25	50	1.48898e-08
63	110	1.48571e-08
62	111	1.48571e-08
61	139	1.48462e-08
19	72	-1.47921e-08
18	73	-1.47921e-08
28	122	1.4785e-08
87	139	1.4781e-08
1	137	1.47397e-08
53	100	1.47155e-08
52	101	1.47155e-08
93	109	1.47005e-08
93	143	1.46929e-08
39	97	1.46106e-08
24	88	1.45827e-08
138	148	1.45235e-08
51	103	1.44163e-08
86	109	1.44125e-08
87	108	1.44125e-08
51	52	1.4403e-08
50	53	1.4403e-08
83	89	1.43409e-08
16	30	1.43269e-08
24	129	1.42921e-08
25	128	1.42921e-08
25	80	-1.42351e-08
24	81	-1.42351e-08
69	109	1.41763e-08
18	79	-1.41514e-08
19	78	-1.41514e-08
10	79	1.408e-08
11	78	1.408e-08
20	68	1.40527e-08
47	69	1.40266e-08
60	125	1.39745e-08
61	124	1.39745e-08
102	126	1.38785e-08
33	115	1.38014e-08
11	51	1.37635e-08
30	40	1.37339e-08
19	29	-1.3682e-08
97	144	1.34119e-08
96	145	1.34119e-08
45	117	1.33941e-08
19	99	-1.33528e-08
50	115	1.32821e-08
51	114	1.32821e-08
58	70	1.31284e-08
12	58	1.3016e-08
81	91	-1.30056e-08
20	109	1.29841e-08
21	108	1.29841e-08
74	144	1.29639e-08
63	75	1.28743e-08
64	136	1.28676e-08
27	41	1.28583e-08
83	107	1.27435e-08
112	130	-1.27021e-08
125	127	1.26971e-08
50	124	1.26746e-08
72	142	1.26564e-08
101	114	1.26458e-08
100	115	1.26458e-08
101	105	1.26448e-08
44	112	-1.26422e-08
27	148	1.26167e-08
26	149	1.26167e-08
38	136	1.25791e-08
61	68	1.25016e-08
60	69	1.25016e-08
21	31	1.24763e-08
23	38	1.24717e-08
22	39	1.24717e-08
4	58	1.24549e-08
78	122	1.24274e-08
46	82	1.23928e-08
83	149	1.23477e-08
33	147	1.2338e-08
12	114	1.23299e-08
33	63	1.23223e-08
29	138	1.22731e-08
28	139	1.22731e-08
60	102	1.22434e-08
31	149	1.22269e-08
24	111	1.21058e-08
25	110	1.21058e-08
1	135	1.20843e-08
33	66	1.20826e-08
32	67	1.20826e-08
50	71	1.20577e-08
51	70	1.20577e-08
71	124	1.20199e-08
70	125	1.20199e-08
33	131	1.20083e-08
102	139	1.19704e-08
103	138	1.19704e-08
62	92	1.19514e-08
135	139	1.19382e-08
1	129	1.18771e-08
40	68	1.18158e-08
89	109	1.17996e-08
6	30	1.17178e-08
0	131	1.17033e-08
1	130	1.17033e-08
50	127	1.17005e-08
51	126	1.17005e-08
12	149	1.16622e-08
13	148	1.16622e-08
59	67	1.16555e-08
64	146	1.16514e-08
0	90	1.16096e-08
63	139	1.1594e-08
1	123	1.15875e-08
1	143	1.15111e-08
83	87	1.14975e-08
20	100	1.14945e-08
100	129	1.14887e-08
101	128	1.14887e-08
7	62	1.14874e-08
6	63	1.14874e-08
23	91	1.14663e-08
64	122	1.14332e-08
69	124	1.1425e-08
68	125	1.1425e-08
53	69	1.14009e-08
67	79	1.13735e-08
71	105	1.13574e-08
97	102	1.1326e-08
96	103	1.1326e-08
96	142	1.13059e-08
71	98	1.12431e-08
70	99	1.12431e-08
114	135	1.1224e-08
115	134	1.1224e-08
82	103	1.10844e-08
83	102	1.10844e-08
17	83	1.10585e-08
51	110	1.09957e-08
50	111	1.09957e-08
58	131	1.09787e-08
59	130	1.09787e-08
17	59	1.09347e-08
36	82	1.09152e-08
81	115	-1.08933e-08
50	138	1.0885e-08
85	95	1.08776e-08
69	131	1.06761e-08
29	74	1.06482e-08
28	75	1.06482e-08
107	145	1.06479e-08
13	128	1.05947e-08
12	129	1.05947e-08
7	71	1.05931e-08
108	125	1.05284e-08
109	124	1.05284e-08
1	102	1.05222e-08
0	103	1.05222e-08
20	137	1.0455e-08
21	136	1.0455e-08
12	32	1.0429e-08
23	100	1.03256e-08
22	101	1.03256e-08
44	64	1.03141e-08
122	128	1.02173e-08
50	73	1.01886e-08
51	72	1.01886e-08
95	145	1.01846e-08
4	44	1.01454e-08
40	82	1.01404e-08
0	26	1.01321e-08
42	123	1.01283e-08
43	122	1.01283e-08
75	108	1.01203e-08
74	109	1.01203e-08
6	44	1.00986e-08
4	135	1.00661e-08
5	134	1.00661e-08
31	128	1.00523e-08
30	129	1.00523e-08
11	129	1.0046e-08
45	108	1.00188e-08
44	109	1.00188e-08
76	95	1.00104e-08
77	94	1.00104e-08
