9	31	4.09113
31	33	4.06188
19	33	4.04847
21	27	4.04256
1	27	4.02982
9	33	4.02927
1	7	4.01465
15	31	4.01399
17	31	4.01303
7	27	4.0127
1	21	4.0112
15	33	4.00424
31	35	4.00411
9	15	4.00372
5	23	4.00235
33	35	4.00141
1	5	4.00126
25	35	4.00108
7	37	4.00088
15	35	4.00064
11	15	4.00061
17	35	4.0006
5	21	4.00057
11	25	4.00049
17	33	4.00038
15	17	4.00028
7	21	4.00023
9	19	4.0002
19	31	4.00012
21	23	4.00011
11	35	4.00011
15	19	4.00011
5	7	4.00008
9	17	4.00006
1	23	4.00006
1	37	4.00005
9	35	4.00005
5	27	4.00005
29	37	4.00004
1	13	4.00003
5	37	4.00001
23	27	4.00001
9	11	4.00001
25	33	4
13	27	4
7	23	4
1	29	4
27	37	4
11	31	4
27	29	4
11	33	4
13	37	4
19	35	4
13	23	4
13	29	4
7	13	4
17	25	4
15	25	4
11	17	4
5	13	4
17	19	4
7	29	4
13	21	4
25	31	4
19	25	4
9	25	4
15	23	-4
11	23	-4
19	21	-4
21	37	4
15	21	-4
11	19	4
21	35	-4
21	29	4
21	33	-4
23	37	4
21	31	-4
17	23	-4
17	21	-4
9	23	-4
23	25	-4
9	21	-4
19	23	-4
23	33	-4
23	35	-4
5	29	4
23	31	-4
5	11	-4
27	33	-4
11	21	-4
17	27	-4
27	35	-4
19	27	-4
3	13	-4
1	15	-4
27	31	-4
15	27	-4
21	25	-4
1	19	-4
13	15	-4
5	15	-4
1	17	-4
1	33	-4
13	33	-4
23	29	4
9	27	-4
13	17	-4
3	23	-4
5	17	-4
11	13	-4
13	31	-4
1	31	-4
1	9	-4
1	35	-4
25	27	-4
13	19	-4
9	13	-4
3	17	4
3	35	4
1	11	-4
11	27	-4
3	31	4
3	11	4
5	25	-4
3	21	-4
3	27	-4
3	15	4
5	35	-4
13	35	-4
13	25	-4
5	19	-4
5	9	-4
7	19	-4
7	17	-4
7	33	-4
7	15	-4
5	31	-4
1	25	-4
5	33	-4
7	25	-4
1	3	-4
7	35	-4
7	11	-4
7	9	-4
7	31	-4
34	35	4
6	7	4
33	37	-4
29	35	-4
25	29	-4
25	37	-4
32	33	4
31	37	-4
26	27	4
28	29	4
29	31	-4
29	33	-4
30	31	4
10	11	4
22	23	4
9	37	-4
35	37	-4
9	29	-4
11	29	-4
11	37	-4
12	13	4
14	15	4
15	29	-4
24	25	4
15	37	-4
17	29	-4
17	37	-4
18	19	4
8	9	4
19	29	-4
19	37	-4
20	21	4
16	17	4
0	1	4
36	37	4
4	5	4
3	37	-4
3	33	4
3	29	-4
3	25	4
3	19	4
2	3	4
3	7	-4
3	5	-4
3	9	4
9	30	2.04556
8	31	2.04556
31	32	2.03094
30	33	2.03094
18	33	2.02423
19	32	2.02423
21	26	2.02128
20	27	2.02128
0	27	2.01491
1	26	2.01491
9	32	2.01464
8	33	2.01464
1	6	2.00733
0	7	2.00733
15	30	2.007
14	31	2.007
17	30	2.00652
16	31	2.00652
7	26	2.00635
6	27	2.00635
1	20	2.0056
0	21	2.0056
15	32	2.00212
14	33	2.00212
31	34	2.00205
30	35	2.00205
9	14	2.00186
8	15	2.00186
5	22	2.00118
4	23	2.00118
33	34	2.0007
32	35	2.0007
0	5	2.00063
1	4	2.00063
25	34	2.00054
24	35	2.00054
6	37	2.00044
7	36	2.00044
14	35	2.00032
15	34	2.00032
10	15	2.00031
11	14	2.00031
17	34	2.0003
16	35	2.0003
4	21	2.00028
5	20	2.00028
10	25	2.00025
11	24	2.00025
16	33	2.00019
17	32	2.00019
15	16	2.00014
14	17	2.00014
6	21	2.00012
7	20	2.00012
8	19	2.0001
9	18	2.0001
19	30	2.00006
18	31	2.00006
21	22	2.00006
20	23	2.00006
10	35	2.00005
11	34	2.00005
15	18	2.00005
14	19	2.00005
5	6	2.00004
4	7	2.00004
8	17	2.00003
9	16	2.00003
1	22	2.00003
0	23	2.00003
1	36	2.00003
0	37	2.00003
9	34	2.00003
8	35	2.00003
4	27	2.00002
5	26	2.00002
29	36	2.00002
28	37	2.00002
0	13	2.00002
1	12	2.00002
4	37	2.00001
5	36	2.00001
22	27	2
23	26	2
9	10	2
8	11	2
24	33	2
25	32	2
12	27	2
13	26	2
7	22	2
6	23	2
0	29	2
1	28	2
26	37	2
27	36	2
10	31	2
11	30	2
27	28	2
26	29	2
10	33	2
11	32	2
12	37	2
13	36	2
19	34	2
18	35	2
12	23	2
13	22	2
12	29	2
13	28	2
7	12	2
6	13	2
16	25	2
17	24	2
14	25	2
15	24	2
10	17	2
11	16	2
5	12	2
4	13	2
16	19	2
17	18	2
7	28	2
6	29	2
12	21	2
13	20	2
25	30	2
24	31	2
18	25	2
19	24	2
9	24	2
8	25	2
15	22	-2
14	23	-2
10	23	-2
11	22	-2
18	21	-2
19	20	-2
21	36	2
20	37	2
15	20	-2
14	21	-2
10	19	2
11	18	2
21	34	-2
20	35	-2
20	29	2
21	28	2
20	33	-2
21	32	-2
23	36	2
22	37	2
20	31	-2
21	30	-2
17	22	-2
16	23	-2
17	20	-2
16	21	-2
9	22	-2
8	23	-2
23	24	-2
22	25	-2
9	20	-2
8	21	-2
18	23	-2
19	22	-2
22	33	-2
23	32	-2
22	35	-2
23	34	-2
4	29	2
5	28	2
23	30	-2
22	31	-2
4	11	-2
5	10	-2
26	33	-2
27	32	-2
11	20	-2
10	21	-2
17	26	-2
16	27	-2
27	34	-2
26	35	-2
19	26	-2
18	27	-2
3	12	-2
2	13	-2
1	14	-2
0	15	-2
26	31	-2
27	30	-2
15	26	-2
14	27	-2
21	24	-2
20	25	-2
1	18	-2
0	19	-2
12	15	-2
13	14	-2
5	14	-2
4	15	-2
1	16	-2
0	17	-2
0	33	-2
1	32	-2
13	32	-2
12	33	-2
22	29	2
23	28	2
8	27	-2
9	26	-2
12	17	-2
13	16	-2
3	22	-2
2	23	-2
4	17	-2
5	16	-2
11	12	-2
10	13	-2
13	30	-2
12	31	-2
1	30	-2
0	31	-2
1	8	-2
0	9	-2
0	35	-2
1	34	-2
25	26	-2
24	27	-2
13	18	-2
12	19	-2
9	12	-2
8	13	-2
2	17	2
3	16	2
2	35	2
3	34	2
1	10	-2
0	11	-2
10	27	-2
11	26	-2
2	31	2
3	30	2
2	11	2
3	10	2
5	24	-2
4	25	-2
2	21	-2
3	20	-2
2	27	-2
3	26	-2
3	14	2
2	15	2
5	34	-2
4	35	-2
12	35	-2
13	34	-2
12	25	-2
13	24	-2
5	8	-2
5	18	-2
4	9	-2
4	19	-2
6	19	-2
7	18	-2
7	16	-2
6	17	-2
6	33	-2
7	32	-2
6	15	-2
7	14	-2
5	30	-2
4	31	-2
1	24	-2
0	25	-2
4	33	-2
5	32	-2
6	25	-2
7	24	-2
0	3	-2
1	2	-2
6	11	-2
6	31	-2
6	9	-2
6	35	-2
7	10	-2
7	34	-2
7	30	-2
7	8	-2
32	37	-2
17	36	-2
2	5	-2
34	37	-2
35	36	-2
33	36	-2
29	32	-2
30	37	-2
29	34	-2
18	29	-2
19	28	-2
29	30	-2
18	37	-2
28	35	-2
28	33	-2
28	31	-2
25	36	-2
25	28	-2
24	37	-2
24	29	-2
19	36	-2
31	36	-2
17	28	-2
14	29	-2
10	37	-2
15	28	-2
14	37	-2
2	25	2
15	36	-2
2	29	-2
2	33	2
2	37	-2
3	4	-2
11	36	-2
3	6	-2
3	8	2
11	28	-2
10	29	-2
3	18	2
3	24	2
2	9	2
8	37	-2
8	29	-2
16	37	-2
2	7	-2
3	36	-2
9	28	-2
3	28	-2
16	29	-2
9	36	-2
3	32	2
2	19	2
8	30	1.02278
30	32	1.01547
18	32	1.01212
20	26	1.01064
0	26	1.00746
8	32	1.00732
0	6	1.00366
14	30	1.0035
16	30	1.00326
6	26	1.00318
0	20	1.0028
14	32	1.00106
30	34	1.00103
8	14	1.00093
4	22	1.00059
32	34	1.00035
0	4	1.00032
24	34	1.00027
6	36	1.00022
14	34	1.00016
10	14	1.00015
16	34	1.00015
4	20	1.00014
10	24	1.00012
16	32	1.00009
14	16	1.00007
6	20	1.00006
8	18	1.00005
18	30	1.00003
20	22	1.00003
10	34	1.00003
14	18	1.00003
4	6	1.00002
8	16	1.00002
0	22	1.00001
0	36	1.00001
8	34	1.00001
4	26	1.00001
28	36	1.00001
0	12	1.00001
4	36	1
22	26	1
8	10	1
24	32	1
12	26	1
6	22	1
0	28	1
26	36	1
10	30	1
26	28	1
10	32	1
12	36	1
18	34	1
12	22	1
12	28	1
6	12	1
16	24	1
14	24	1
10	16	1
4	12	1
16	18	1
6	28	1
12	20	1
24	30	1
18	24	1
8	24	1
14	22	-1
10	22	-1
18	20	-1
20	36	1
14	20	-1
10	18	1
20	34	-1
20	28	1
20	32	-1
22	36	1
20	30	-1
16	22	-1
16	20	-1
8	22	-1
22	24	-1
8	20	-1
18	22	-1
22	32	-1
22	34	-1
4	28	1
22	30	-1
4	10	-1
26	32	-1
10	20	-1
16	26	-1
26	34	-1
18	26	-1
2	12	-1
0	14	-1
26	30	-1
14	26	-1
20	24	-1
0	18	-1
12	14	-1
4	14	-1
0	16	-1
0	32	-1
12	32	-1
22	28	1
8	26	-1
12	16	-1
2	22	-1
4	16	-1
10	12	-1
12	30	-1
0	30	-1
0	8	-1
0	34	-1
24	26	-1
12	18	-1
8	12	-1
2	16	1
2	34	1
0	10	-1
10	26	-1
2	30	1
2	10	1
4	24	-1
2	20	-1
2	26	-1
2	14	1
4	34	-1
12	34	-1
12	24	-1
4	8	-1
4	18	-1
6	18	-1
6	16	-1
6	32	-1
6	14	-1
4	30	-1
0	24	-1
4	32	-1
6	24	-1
0	2	-1
6	10	-1
6	30	-1
6	8	-1
6	34	-1
16	28	-1
18	28	-1
32	36	-1
16	36	-1
18	36	-1
34	36	-1
2	8	1
2	4	-1
2	24	1
2	18	1
24	36	-1
24	28	-1
8	28	-1
10	28	-1
10	36	-1
2	36	-1
30	36	-1
2	32	1
28	32	-1
28	34	-1
2	28	-1
8	36	-1
14	28	-1
14	36	-1
28	30	-1
2	6	-1
