17	35	255.836
26	27	222.523
13	35	187.466
13	17	185.121
2	3	164.061
9	23	158.188
16	17	154.866
9	21	147.177
34	35	146.242
15	37	140.49
11	17	137.538
9	17	127.976
16	35	127.918
17	34	127.918
3	15	127.07
9	35	120.35
15	35	120.102
6	7	119.754
5	7	118.021
15	17	116.891
11	37	114.145
27	35	114.008
17	23	111.602
5	35	111.111
17	37	111.063
9	13	110.291
23	35	109.316
21	23	108.114
14	15	107.962
11	35	107.33
5	17	106.761
3	37	102.669
13	25	102.152
12	13	101.358
9	11	100.884
8	9	100.548
35	37	100.41
25	35	99.8564
11	15	99.4597
7	23	96.7624
13	21	96.1644
17	25	96.0672
17	21	95.5441
21	35	94.5276
12	35	93.7332
13	34	93.7332
11	13	93.0917
13	16	92.5603
12	17	92.5603
5	23	92.0281
22	23	90.5338
17	19	87.3571
27	33	85.9024
9	25	84.9316
11	29	84.3442
23	25	83.2486
13	23	83.0814
9	29	82.8151
3	17	82.6633
13	15	81.7872
27	31	81.11
25	29	81.0562
3	13	80.949
11	21	80.223
9	22	79.094
8	23	79.094
29	35	79.061
5	13	78.4623
13	29	77.5905
17	29	77.4992
20	21	77.3676
13	37	77.0355
3	35	77.0146
11	25	76.3371
3	23	-75.5036
23	27	73.9986
19	35	73.8335
9	20	73.5884
8	21	73.5884
10	11	73.4981
0	1	73.0728
31	33	72.9169
18	19	72.7856
36	37	72.6143
9	31	72.3411
14	37	70.245
15	36	70.245
7	35	69.7493
3	11	69.3751
7	17	69.3168
5	11	69.0996
11	23	68.8305
9	27	68.8011
1	9	68.7835
11	16	68.7692
10	17	68.7692
5	25	68.6723
9	37	67.2199
1	21	65.8537
4	5	65.5206
9	16	63.988
8	17	63.988
16	34	63.9589
11	19	63.7732
1	31	63.5481
2	15	63.5351
3	14	63.5351
13	27	62.8706
19	21	62.8235
1	27	62.4999
3	7	-60.6272
23	29	60.6249
9	33	60.2729
9	34	60.1749
8	35	60.1749
15	34	60.0508
14	35	60.0508
21	29	59.9528
25	27	59.6287
30	31	59.2282
4	7	59.0103
5	6	59.0103
1	29	58.9507
28	29	58.9321
19	33	58.5084
14	17	58.4453
15	16	58.4453
11	36	57.0727
10	37	57.0727
26	35	57.004
27	34	57.004
5	9	56.5497
21	37	56.5376
15	29	56.152
17	22	55.8011
16	23	55.8011
25	31	55.6205
4	35	55.5555
5	34	55.5555
17	36	55.5314
16	37	55.5314
24	25	55.5279
8	13	55.1457
9	12	55.1457
1	11	54.7289
22	35	54.6579
23	34	54.6579
21	25	54.315
21	22	54.057
20	23	54.057
10	35	53.6649
11	34	53.6649
4	17	53.3804
5	16	53.3804
29	37	53.2878
19	29	53.1129
21	31	53.072
23	31	53.0573
1	13	52.9554
1	33	52.7697
15	31	51.8876
31	35	51.8713
2	37	51.3346
3	36	51.3346
13	24	51.0761
12	25	51.0761
9	19	50.9487
9	10	50.4421
8	11	50.4421
34	37	50.2051
35	36	50.2051
21	27	49.9971
25	34	49.9282
24	35	49.9282
10	15	49.7299
11	14	49.7299
1	37	49.5865
3	29	48.6071
6	23	48.3812
7	22	48.3812
12	21	48.0822
13	20	48.0822
17	24	48.0336
16	25	48.0336
1	25	48.0172
17	20	47.772
16	21	47.772
7	25	47.4871
5	29	47.4462
15	33	47.3329
21	34	47.2638
20	35	47.2638
12	34	46.8666
25	37	46.8157
11	12	46.5458
10	13	46.5458
29	33	46.4321
12	16	46.2802
4	23	46.0141
5	22	46.0141
29	31	45.9719
32	33	45.6055
1	15	45.4715
19	37	45.2697
15	21	45.2304
33	35	45.0205
1	23	43.9748
17	18	43.6785
16	19	43.6785
3	19	43.6074
31	37	43.5046
26	33	42.9512
27	32	42.9512
23	33	42.9357
9	15	42.9333
15	19	42.88
8	25	42.4658
9	24	42.4658
21	33	42.1935
10	29	42.1721
11	28	42.1721
17	27	41.9047
11	31	41.7915
7	19	41.7571
25	33	41.7354
33	37	41.6946
22	25	41.6243
23	24	41.6243
13	22	41.5407
12	23	41.5407
19	23	41.4666
9	28	41.4076
8	29	41.4076
2	17	41.3317
3	16	41.3317
13	14	40.8936
12	15	40.8936
26	31	40.555
27	30	40.555
25	28	40.5281
24	29	40.5281
2	13	40.4745
3	12	40.4745
7	37	-40.3567
11	20	40.1115
10	21	40.1115
8	22	39.547
28	35	39.5305
29	34	39.5305
5	12	39.2312
4	13	39.2312
12	29	38.7952
13	28	38.7952
17	28	38.7496
16	29	38.7496
12	37	38.5178
13	36	38.5178
2	35	38.5073
3	34	38.5073
11	24	38.1686
10	25	38.1686
15	25	37.8415
3	22	-37.7518
2	23	-37.7518
5	21	37.7259
11	33	37.2376
23	26	36.9993
22	27	36.9993
19	34	36.9167
18	35	36.9167
8	20	36.7942
31	32	36.4584
30	33	36.4584
9	30	36.1706
8	31	36.1706
3	25	36.0212
19	25	35.7379
3	27	-35.4109
14	36	35.1225
7	34	34.8746
6	35	34.8746
3	10	34.6875
2	11	34.6875
7	29	34.6709
7	16	34.6584
6	17	34.6584
5	10	34.5498
4	11	34.5498
10	23	34.4152
11	22	34.4152
9	26	34.4005
8	27	34.4005
1	8	34.3917
0	9	34.3917
10	16	34.3846
4	25	34.3362
5	24	34.3362
27	29	33.6376
9	36	33.6099
8	37	33.6099
19	31	33.3902
17	31	33.2554
0	21	32.9269
1	20	32.9269
8	16	31.994
10	19	31.8866
11	18	31.8866
0	31	31.7741
1	30	31.7741
2	14	31.7676
13	26	31.4353
12	27	31.4353
19	20	31.4117
18	21	31.4117
1	26	31.2499
0	27	31.2499
3	6	-30.3136
2	7	-30.3136
23	28	30.3124
22	29	30.3124
8	33	30.1364
9	32	30.1364
8	34	30.0874
14	34	30.0254
20	29	29.9764
21	28	29.9764
25	26	29.8143
24	27	29.8143
4	6	29.5052
0	29	29.4753
1	28	29.4753
7	13	29.4074
18	33	29.2542
19	32	29.2542
14	16	29.2227
10	36	28.5363
26	34	28.502
4	9	28.2749
5	8	28.2749
20	37	28.2688
21	36	28.2688
14	29	28.076
15	28	28.076
16	22	27.9005
24	31	27.8103
25	30	27.8103
4	34	27.7778
16	36	27.7657
8	12	27.5729
0	11	27.3645
1	10	27.3645
22	34	27.329
21	24	27.1575
20	25	27.1575
20	22	27.0285
10	34	26.8324
4	16	26.6902
29	36	26.6439
28	37	26.6439
5	37	26.5634
18	29	26.5565
19	28	26.5565
21	30	26.536
20	31	26.536
23	30	26.5287
22	31	26.5287
1	12	26.4777
0	13	26.4777
1	32	26.3849
0	33	26.3849
14	31	25.9438
15	30	25.9438
30	35	25.9356
31	34	25.9356
2	36	25.6673
12	24	25.538
9	18	25.4743
8	19	25.4743
13	31	25.2427
8	10	25.221
5	19	25.154
34	36	25.1025
17	33	25.0292
20	27	24.9985
21	26	24.9985
24	34	24.9641
10	14	24.8649
0	37	24.7932
1	36	24.7932
3	28	24.3035
2	29	24.3035
6	22	24.1906
12	20	24.0411
16	24	24.0168
0	25	24.0086
1	24	24.0086
16	20	23.886
7	24	23.7436
6	25	23.7436
5	28	23.7231
4	29	23.7231
5	15	23.6767
15	32	23.6665
14	33	23.6665
20	34	23.6319
25	36	23.4079
24	37	23.4079
10	12	23.2729
29	32	23.216
28	33	23.216
4	22	23.007
28	31	22.9859
29	30	22.9859
3	5	-22.8679
7	11	22.7438
1	14	22.7357
0	15	22.7357
18	37	22.6348
19	36	22.6348
14	21	22.6152
15	20	22.6152
33	34	22.5102
32	35	22.5102
0	23	21.9874
1	22	21.9874
16	18	21.8393
2	19	21.8037
3	18	21.8037
7	9	21.7963
30	37	21.7523
31	36	21.7523
26	32	21.4756
22	33	21.4679
23	32	21.4679
9	14	21.4666
8	15	21.4666
14	19	21.44
15	18	21.44
8	24	21.2329
20	33	21.0967
21	32	21.0967
10	28	21.0861
16	27	20.9523
17	26	20.9523
11	30	20.8958
10	31	20.8958
7	18	20.8785
6	19	20.8785
24	33	20.8677
25	32	20.8677
32	37	20.8473
33	36	20.8473
22	24	20.8122
12	22	20.7703
19	22	20.7333
18	23	20.7333
8	28	20.7038
2	16	20.6658
12	14	20.4468
26	30	20.2775
24	28	20.264
2	12	20.2372
6	37	-20.1783
7	36	-20.1783
10	20	20.0557
19	27	19.9104
7	15	-19.87
28	34	19.7653
4	12	19.6156
12	28	19.3976
16	28	19.3748
12	36	19.2589
2	34	19.2536
10	24	19.0843
14	25	18.9208
15	24	18.9208
5	31	18.8957
2	22	-18.8759
5	20	18.8629
4	21	18.8629
13	19	18.7388
11	32	18.6188
10	33	18.6188
22	26	18.4996
18	34	18.4584
30	32	18.2292
8	30	18.0853
3	24	18.0106
2	25	18.0106
19	24	17.869
18	25	17.869
2	27	-17.7055
3	26	-17.7055
6	34	17.4373
2	10	17.3438
7	28	17.3355
6	29	17.3355
6	16	17.3292
4	10	17.2749
10	22	17.2076
8	26	17.2003
0	8	17.1959
4	24	17.1681
13	33	17.1581
3	21	16.9129
26	29	16.8188
27	28	16.8188
8	36	16.805
1	3	-16.7651
19	30	16.6951
18	31	16.6951
16	31	16.6277
17	30	16.6277
0	20	16.4634
27	37	16.178
23	37	15.9923
10	18	15.9433
0	30	15.887
12	26	15.7176
18	20	15.7059
0	26	15.625
15	27	15.6004
2	6	-15.1568
22	28	15.1562
8	32	15.0682
20	28	14.9882
24	26	14.9072
0	28	14.7377
7	12	14.7037
6	13	14.7037
18	32	14.6271
1	35	14.489
15	23	-14.1704
4	8	14.1374
20	36	14.1344
14	28	14.038
24	30	13.9051
0	10	13.6822
20	24	13.5787
28	36	13.322
5	36	13.2817
4	37	13.2817
18	28	13.2782
20	30	13.268
22	30	13.2643
0	12	13.2389
0	32	13.1924
14	30	12.9719
30	34	12.9678
8	18	12.7372
13	30	12.6213
12	31	12.6213
4	19	12.577
5	18	12.577
16	33	12.5146
17	32	12.5146
20	26	12.4993
0	36	12.3966
2	28	12.1518
0	24	12.0043
6	24	11.8718
4	28	11.8615
4	15	11.8383
5	14	11.8383
14	32	11.8332
24	36	11.7039
28	32	11.608
28	30	11.493
3	33	11.4676
3	4	-11.4339
2	5	-11.4339
7	10	11.3719
6	11	11.3719
0	14	11.3679
18	36	11.3174
14	20	11.3076
32	34	11.2551
0	22	10.9937
2	18	10.9019
7	8	10.8982
6	9	10.8982
30	36	10.8761
22	32	10.7339
8	14	10.7333
14	18	10.72
20	32	10.5484
16	26	10.4762
10	30	10.4479
6	18	10.4393
24	32	10.4339
32	36	10.4237
18	22	10.3667
6	36	-10.0892
18	27	9.95519
19	26	9.95519
7	14	-9.935
6	15	-9.935
3	9	-9.93488
14	24	9.46038
4	31	9.44786
5	30	9.44786
4	20	9.43147
12	19	9.36939
13	18	9.36939
10	32	9.30939
2	24	9.0053
18	24	8.93448
2	26	-8.85273
6	28	8.66773
13	32	8.57906
12	33	8.57906
3	20	8.45647
2	21	8.45647
26	28	8.40941
0	3	-8.38255
1	2	-8.38255
7	31	8.37375
18	30	8.34755
16	30	8.31386
27	36	8.089
26	37	8.089
22	37	7.99613
23	36	7.99613
15	26	7.80018
14	27	7.80018
1	17	7.36386
6	12	7.35185
1	19	7.34056
0	35	7.2445
1	34	7.2445
15	22	-7.08518
14	23	-7.08518
4	36	6.64084
12	30	6.31067
4	18	6.28849
16	32	6.2573
4	14	5.91916
5	27	5.86252
3	32	5.73379
2	33	5.73379
2	4	-5.71697
6	10	5.68595
6	8	5.44908
18	26	4.9776
6	14	-4.9675
2	9	-4.96744
3	8	-4.96744
4	30	4.72393
12	18	4.6847
7	33	4.28963
12	32	4.28953
2	20	4.22824
0	2	-4.19128
6	31	4.18688
7	30	4.18688
26	36	4.0445
22	36	3.99806
14	26	3.90009
7	21	3.79374
1	5	3.74272
1	16	3.68193
0	17	3.68193
1	18	3.67028
0	19	3.67028
0	34	3.62225
14	22	-3.54259
7	27	-3.0149
4	27	2.93126
5	26	2.93126
2	32	2.86689
2	8	-2.48372
1	7	-2.29638
7	32	2.14481
6	33	2.14481
6	30	2.09344
6	21	1.89687
7	20	1.89687
1	4	1.87136
0	5	1.87136
0	16	1.84096
0	18	1.83514
7	26	-1.50745
6	27	-1.50745
4	26	1.46563
5	33	1.4547
0	7	-1.14819
1	6	-1.14819
6	32	1.07241
6	20	0.948436
0	4	0.935679
6	26	-0.753726
5	32	0.727349
4	33	0.727349
0	6	-0.574094
11	27	0.41508
4	32	0.363674
3	31	0.239878
10	27	0.20754
11	26	0.20754
2	31	0.119939
3	30	0.119939
10	26	0.10377
2	30	0.0599694
