20	32	1002.11
5	29	866.245
23	35	703.228
4	5	651.827
31	32	646.294
17	35	629.244
11	23	612.485
28	29	603.083
11	35	597.227
17	23	550.094
19	20	533.952
41	47	525.127
38	44	522.972
19	32	501.057
20	31	501.057
46	47	478.838
26	47	471.333
11	17	458.861
38	47	447.035
5	28	433.123
4	29	433.123
38	41	432.39
22	23	431.645
2	53	428.052
23	26	425.905
11	47	423.561
52	53	420.72
23	38	413.985
35	47	413.349
5	26	409.639
11	41	407.08
23	41	405.821
35	38	400.652
2	23	397.9
29	47	396.682
25	26	392.221
11	26	384.508
41	50	383.658
8	14	380.446
23	47	379.065
11	29	373.353
17	38	371.82
16	17	371.728
47	50	370.202
34	35	367.949
26	56	367.146
11	38	364.621
17	20	-359.968
17	26	355.394
5	56	354.751
22	35	351.614
23	34	351.614
29	53	350.049
23	56	348.602
26	35	348.403
10	11	348.012
40	41	345.46
11	53	345.202
44	47	338.79
41	44	335.833
43	44	333.62
17	47	333.186
35	41	332.395
14	26	330.759
20	35	-330.364
26	29	328.263
3	5	325.914
2	26	325.75
2	35	324.801
5	32	-324.03
30	32	323.147
5	11	322.986
37	38	322.699
5	23	321.593
26	50	319.847
11	50	318.085
17	32	-318.084
17	34	314.622
16	35	314.622
2	11	314.036
2	41	313.642
11	56	310.205
2	38	309.292
2	56	307.857
20	44	307.386
5	53	307.2
11	22	306.242
10	23	306.242
53	56	305.751
35	53	303.961
29	56	302.988
11	14	302.845
47	53	302.134
8	41	301.901
27	29	301.542
23	50	299.957
35	56	299.825
14	29	299.442
11	34	298.613
10	35	298.613
14	41	298.501
29	41	297.063
23	53	296.918
44	50	296.749
26	41	295.591
26	38	294.886
20	23	-294.151
32	44	292.685
2	50	289.416
35	50	284.615
14	56	283.052
2	47	278.457
50	56	276.591
7	8	275.819
17	22	275.047
16	23	275.047
38	50	274.805
8	23	272.171
14	35	270.034
14	23	267.31
18	20	266.976
13	14	266.117
41	46	262.564
40	47	262.564
14	17	262.194
32	35	-261.647
38	43	261.486
37	44	261.486
14	38	259.871
41	56	257.198
23	29	256.616
2	44	256.288
2	5	254.923
2	17	251.742
19	31	250.528
20	30	250.528
18	32	250.528
14	47	248.822
26	44	245.916
14	50	245.079
50	53	242.479
5	35	240.754
47	56	240.598
11	44	240.132
45	47	239.419
5	14	239.086
26	46	235.666
25	47	235.666
17	50	235.466
17	41	234.952
8	11	233.923
8	56	233.596
29	50	233.342
2	14	232.486
10	17	229.43
11	16	229.43
5	47	229.369
17	56	228.725
41	53	228.29
49	50	227.417
1	2	226.01
38	46	223.518
37	47	223.518
5	20	-221.285
32	41	219.801
8	35	218.706
4	28	216.561
5	27	216.561
3	29	216.561
37	41	216.195
38	40	216.195
21	23	215.823
44	53	215.593
38	53	215.162
2	52	214.026
1	53	214.026
23	25	212.952
22	26	212.952
11	46	211.78
10	47	211.78
5	50	211.257
51	53	210.36
5	41	208.176
29	35	207.157
23	37	206.992
22	38	206.992
34	47	206.674
35	46	206.674
5	25	204.819
4	26	204.819
55	56	204.588
2	29	204.367
8	38	203.675
10	41	203.54
11	40	203.54
38	56	203.267
23	40	202.911
22	41	202.911
23	32	-200.445
34	38	200.326
35	37	200.326
14	44	199.814
2	22	198.95
1	23	198.95
28	47	198.341
29	46	198.341
24	26	196.11
11	20	-195.409
8	32	194.085
10	26	192.254
11	25	192.254
41	49	191.829
40	50	191.829
26	53	191.577
7	14	190.223
8	13	190.223
8	29	190.159
23	46	189.533
22	47	189.533
11	28	186.677
10	29	186.677
17	37	185.91
16	38	185.91
15	17	185.864
46	50	185.101
47	49	185.101
33	35	183.974
2	8	183.922
26	55	183.573
25	56	183.573
11	37	182.31
10	38	182.31
44	56	180.665
16	20	-179.984
17	19	-179.984
5	8	179.272
35	44	177.941
17	44	177.783
17	25	177.697
16	26	177.697
4	56	177.376
5	55	177.376
21	35	175.807
23	33	175.807
22	34	175.807
29	52	175.025
28	53	175.025
23	55	174.301
22	56	174.301
26	34	174.201
25	35	174.201
9	11	174.006
39	41	172.73
11	52	172.601
10	53	172.601
23	44	170.955
5	17	170.005
44	46	169.395
43	47	169.395
40	44	167.917
41	43	167.917
42	44	166.81
17	46	166.593
16	47	166.593
35	40	166.198
34	41	166.198
13	26	165.38
14	25	165.38
19	35	-165.182
20	34	-165.182
25	29	164.131
26	28	164.131
3	4	162.957
1	26	162.875
2	25	162.875
2	34	162.401
1	35	162.401
14	32	162.199
4	32	-162.015
5	31	-162.015
30	31	161.573
4	11	161.493
5	10	161.493
36	38	161.35
4	23	160.796
5	22	160.796
25	50	159.924
26	49	159.924
10	50	159.043
11	49	159.043
17	31	-159.042
16	32	-159.042
15	35	157.311
17	33	157.311
16	34	157.311
1	11	157.018
2	10	157.018
2	40	156.821
1	41	156.821
20	53	156.736
10	56	155.102
11	55	155.102
1	38	154.646
2	37	154.646
2	55	153.928
1	56	153.928
19	44	153.693
20	43	153.693
4	53	153.6
5	52	153.6
20	47	153.508
9	23	153.121
11	21	153.121
10	22	153.121
52	56	152.876
53	55	152.876
32	53	152.387
35	52	151.981
34	53	151.981
28	56	151.494
29	55	151.494
10	14	151.422
11	13	151.422
46	53	151.067
47	52	151.067
8	40	150.951
7	41	150.951
27	28	150.771
22	50	149.978
23	49	149.978
34	56	149.913
35	55	149.913
13	29	149.721
14	28	149.721
11	33	149.307
9	35	149.307
10	34	149.307
13	41	149.25
14	40	149.25
28	41	148.531
29	40	148.531
22	53	148.459
23	52	148.459
43	50	148.374
44	49	148.374
17	53	148.017
26	40	147.795
25	41	147.795
26	37	147.443
25	38	147.443
19	23	-147.076
20	22	-147.076
32	43	146.343
31	44	146.343
1	50	144.708
2	49	144.708
34	50	142.308
35	49	142.308
8	53	141.645
13	56	141.526
14	55	141.526
32	38	140.896
8	44	140.181
2	46	139.229
1	47	139.229
50	55	138.295
49	56	138.295
6	8	137.91
17	21	137.523
16	22	137.523
15	23	137.523
38	49	137.402
37	50	137.402
8	22	136.086
7	23	136.086
8	50	135.303
14	34	135.017
13	35	135.017
14	22	133.655
13	23	133.655
18	19	133.488
12	14	133.059
39	47	131.282
41	45	131.282
40	46	131.282
14	16	131.097
13	17	131.097
31	35	-130.823
32	34	-130.823
20	50	130.804
37	43	130.743
36	44	130.743
38	42	130.743
8	17	130.464
14	37	129.935
13	38	129.935
40	56	128.599
41	55	128.599
32	50	128.329
22	29	128.308
23	28	128.308
1	44	128.144
2	43	128.144
1	5	127.462
2	4	127.462
11	32	-126.835
1	17	125.871
2	16	125.871
18	31	125.264
19	30	125.264
13	47	124.411
14	46	124.411
25	44	122.958
26	43	122.958
13	50	122.54
14	49	122.54
49	53	121.239
50	52	121.239
4	35	120.377
5	34	120.377
46	56	120.299
47	55	120.299
11	43	120.066
10	44	120.066
45	46	119.709
4	14	119.543
5	13	119.543
2	32	118.687
25	46	117.833
24	47	117.833
26	45	117.833
16	50	117.733
17	49	117.733
16	41	117.476
17	40	117.476
20	41	117.317
8	10	116.961
7	11	116.961
8	55	116.798
7	56	116.798
28	50	116.671
29	49	116.671
1	14	116.243
2	13	116.243
10	16	114.715
11	15	114.715
9	17	114.715
4	47	114.685
5	46	114.685
17	55	114.362
16	56	114.362
41	52	114.145
40	53	114.145
14	53	113.857
48	50	113.708
0	2	113.005
38	45	111.759
36	47	111.759
37	46	111.759
5	19	-110.642
4	20	-110.642
32	40	109.901
31	41	109.901
7	35	109.353
8	34	109.353
3	28	108.281
4	27	108.281
37	40	108.097
38	39	108.097
36	41	108.097
21	22	107.911
44	52	107.796
43	53	107.796
38	52	107.581
37	53	107.581
1	52	107.013
2	51	107.013
0	53	107.013
22	25	106.476
21	26	106.476
23	24	106.476
11	45	105.89
9	47	105.89
10	46	105.89
5	49	105.628
4	50	105.628
51	52	105.18
5	40	104.088
4	41	104.088
29	34	103.578
28	35	103.578
22	37	103.496
21	38	103.496
23	36	103.496
35	45	103.337
34	46	103.337
33	47	103.337
3	26	102.41
5	24	102.41
4	25	102.41
54	56	102.294
1	29	102.184
2	28	102.184
8	37	101.838
7	38	101.838
11	39	101.77
10	40	101.77
9	41	101.77
37	56	101.633
38	55	101.633
21	41	101.455
23	39	101.455
22	40	101.455
23	31	-100.223
22	32	-100.223
34	37	100.163
35	36	100.163
33	38	100.163
13	44	99.9072
14	43	99.9072
0	23	99.475
1	22	99.475
2	21	99.475
27	47	99.1704
29	45	99.1704
28	46	99.1704
14	20	98.4413
24	25	98.0551
10	20	-97.7043
11	19	-97.7043
7	32	97.0424
8	31	97.0424
10	25	96.127
9	26	96.127
11	24	96.127
41	48	95.9146
39	50	95.9146
40	49	95.9146
26	52	95.7885
25	53	95.7885
7	13	95.1115
8	12	95.1115
6	14	95.1115
8	28	95.0797
7	29	95.0797
23	45	94.7664
22	46	94.7664
21	47	94.7664
32	56	94.3115
9	29	93.3383
11	27	93.3383
10	28	93.3383
16	37	92.9551
17	36	92.9551
15	38	92.9551
15	16	92.9321
47	48	92.5505
46	49	92.5505
45	50	92.5505
33	34	91.9872
2	7	91.961
1	8	91.961
26	54	91.7864
24	56	91.7864
25	55	91.7864
10	37	91.1552
11	36	91.1552
9	38	91.1552
20	38	91.0209
43	56	90.3326
44	55	90.3326
17	18	-89.992
16	19	-89.992
15	20	-89.992
5	7	89.6359
4	8	89.6359
34	44	88.9704
35	43	88.9704
17	43	88.8916
16	44	88.8916
15	26	88.8484
17	24	88.8484
16	25	88.8484
3	56	88.6878
4	55	88.6878
5	54	88.6878
21	34	87.9035
22	33	87.9035
29	51	87.5123
28	52	87.5123
27	53	87.5123
22	55	87.1505
23	54	87.1505
21	56	87.1505
25	34	87.1007
24	35	87.1007
26	33	87.1007
9	10	87.003
39	40	86.3651
9	53	86.3006
10	52	86.3006
11	51	86.3006
23	43	85.4776
22	44	85.4776
4	17	85.0024
5	16	85.0024
42	47	84.6975
43	46	84.6975
44	45	84.6975
39	44	83.9584
40	43	83.9584
41	42	83.9584
42	43	83.4051
15	47	83.2965
17	45	83.2965
16	46	83.2965
33	41	83.0988
35	39	83.0988
34	40	83.0988
13	25	82.6898
12	26	82.6898
14	24	82.6898
19	34	-82.5911
20	33	-82.5911
18	35	-82.5911
25	28	82.0657
24	29	82.0657
26	27	82.0657
8	47	81.698
1	25	81.4376
0	26	81.4376
2	24	81.4376
1	34	81.2003
0	35	81.2003
2	33	81.2003
13	32	81.0996
14	31	81.0996
5	30	-81.0076
3	32	-81.0076
4	31	-81.0076
4	10	80.7464
3	11	80.7464
5	9	80.7464
36	37	80.6748
3	23	80.3982
4	22	80.3982
5	21	80.3982
25	49	79.9618
26	48	79.9618
24	50	79.9618
9	50	79.5213
11	48	79.5213
10	49	79.5213
17	30	-79.521
16	31	-79.521
15	32	-79.521
20	29	78.7102
16	33	78.6555
15	34	78.6555
1	10	78.5089
0	11	78.5089
2	9	78.5089
2	39	78.4105
0	41	78.4105
1	40	78.4105
19	53	78.3681
20	52	78.3681
9	56	77.5511
11	54	77.5511
10	55	77.5511
2	36	77.3229
0	38	77.3229
1	37	77.3229
0	56	76.9641
2	54	76.9641
1	55	76.9641
20	42	76.8464
19	43	76.8464
18	44	76.8464
5	51	76.8
3	53	76.8
4	52	76.8
20	46	76.7542
19	47	76.7542
10	21	76.5606
9	22	76.5606
53	54	76.4378
52	55	76.4378
51	56	76.4378
31	53	76.1933
32	52	76.1933
33	53	75.9903
35	51	75.9903
34	52	75.9903
28	55	75.7469
29	54	75.7469
27	56	75.7469
10	13	75.7112
11	12	75.7112
9	14	75.7112
2	20	75.5664
47	51	75.5335
45	53	75.5335
46	52	75.5335
7	40	75.4753
6	41	75.4753
8	39	75.4753
21	50	74.9892
23	48	74.9892
22	49	74.9892
34	55	74.9563
33	56	74.9563
35	54	74.9563
14	27	74.8605
12	29	74.8605
13	28	74.8605
29	32	-74.8207
10	33	74.6533
9	34	74.6533
12	41	74.6252
14	39	74.6252
13	40	74.6252
29	39	74.2657
28	40	74.2657
27	41	74.2657
22	52	74.2294
21	53	74.2294
23	51	74.2294
43	49	74.1872
42	50	74.1872
44	48	74.1872
16	53	74.0086
17	52	74.0086
25	40	73.8977
24	41	73.8977
26	39	73.8977
24	38	73.7215
26	36	73.7215
25	37	73.7215
20	21	-73.5379
19	22	-73.5379
18	23	-73.5379
31	43	73.1713
32	42	73.1713
30	44	73.1713
1	49	72.354
0	50	72.354
2	48	72.354
35	48	71.1538
34	49	71.1538
33	50	71.1538
7	53	70.8227
8	52	70.8227
12	56	70.7631
13	55	70.7631
14	54	70.7631
32	37	70.4482
31	38	70.4482
8	43	70.0904
7	44	70.0904
0	47	69.6143
1	46	69.6143
2	45	69.6143
49	55	69.1476
48	56	69.1476
50	54	69.1476
6	7	68.9549
16	21	68.7617
15	22	68.7617
36	50	68.7012
37	49	68.7012
38	48	68.7012
6	23	68.0428
8	21	68.0428
7	22	68.0428
8	49	67.6517
7	50	67.6517
12	35	67.5085
14	33	67.5085
13	34	67.5085
14	21	66.8275
12	23	66.8275
13	22	66.8275
12	13	66.5294
39	46	65.6409
40	45	65.6409
14	15	65.5485
13	16	65.5485
12	17	65.5485
31	34	-65.4116
32	33	-65.4116
30	35	-65.4116
20	49	65.4021
19	50	65.4021
36	43	65.3715
37	42	65.3715
7	17	65.2319
8	16	65.2319
14	36	64.9677
13	37	64.9677
12	38	64.9677
41	54	64.2996
39	56	64.2996
40	55	64.2996
31	50	64.1647
32	49	64.1647
21	29	64.1541
23	27	64.1541
22	28	64.1541
0	44	64.072
1	43	64.072
2	42	64.072
0	5	63.7309
2	3	63.7309
1	4	63.7309
10	32	-63.4174
11	31	-63.4174
1	16	62.9356
2	15	62.9356
0	17	62.9356
18	30	62.6321
13	46	62.2054
14	45	62.2054
12	47	62.2054
24	44	61.4789
26	42	61.4789
25	43	61.4789
14	48	61.2698
13	49	61.2698
12	50	61.2698
17	29	60.9284
48	53	60.6197
49	52	60.6197
50	51	60.6197
4	34	60.1885
3	35	60.1885
5	33	60.1885
46	55	60.1495
47	54	60.1495
45	56	60.1495
10	43	60.0329
9	44	60.0329
11	42	60.0329
3	14	59.7716
4	13	59.7716
5	12	59.7716
2	31	59.3435
1	32	59.3435
24	46	58.9166
25	45	58.9166
17	48	58.8664
16	49	58.8664
15	50	58.8664
17	39	58.7381
16	40	58.7381
15	41	58.7381
20	40	58.6584
19	41	58.6584
7	10	58.4807
8	9	58.4807
6	11	58.4807
7	55	58.3989
8	54	58.3989
6	56	58.3989
29	48	58.3356
27	50	58.3356
28	49	58.3356
2	12	58.1215
1	13	58.1215
0	14	58.1215
32	47	57.4996
9	16	57.3576
10	15	57.3576
4	46	57.3423
3	47	57.3423
5	45	57.3423
17	54	57.1812
15	56	57.1812
16	55	57.1812
41	51	57.0726
39	53	57.0726
40	52	57.0726
8	26	57.0167
14	52	56.9284
13	53	56.9284
48	49	56.8542
0	1	56.5025
37	45	55.8794
36	46	55.8794
20	26	55.4279
3	20	-55.3212
4	19	-55.3212
5	18	-55.3212
31	40	54.9504
30	41	54.9504
32	39	54.9504
8	33	54.6764
7	34	54.6764
6	35	54.6764
3	27	54.1403
37	39	54.0487
36	40	54.0487
44	51	53.8982
42	53	53.8982
43	52	53.8982
38	51	53.7905
37	52	53.7905
36	53	53.7905
20	56	53.6245
1	51	53.5066
0	52	53.5066
21	25	53.2381
22	24	53.2381
10	45	52.9451
9	46	52.9451
3	50	52.8142
5	48	52.8142
4	49	52.8142
3	41	52.0441
5	39	52.0441
4	40	52.0441
28	34	51.7892
29	33	51.7892
27	35	51.7892
22	36	51.7481
21	37	51.7481
34	45	51.6686
33	46	51.6686
3	25	51.2048
4	24	51.2048
54	55	51.1469
1	28	51.0918
2	27	51.0918
0	29	51.0918
7	37	50.9188
8	36	50.9188
6	38	50.9188
10	39	50.885
9	40	50.885
36	56	50.8167
38	54	50.8167
37	55	50.8167
22	39	50.7277
21	40	50.7277
21	32	-50.1114
22	31	-50.1114
23	30	-50.1114
34	36	50.0815
33	37	50.0815
12	44	49.9536
14	42	49.9536
13	43	49.9536
1	21	49.7375
0	22	49.7375
28	45	49.5852
27	46	49.5852
13	20	49.2207
14	19	49.2207
9	20	-48.8521
10	19	-48.8521
11	18	-48.8521
8	30	48.5212
6	32	48.5212
7	31	48.5212
10	24	48.0635
9	25	48.0635
40	48	47.9573
39	49	47.9573
26	51	47.8942
25	52	47.8942
24	53	47.8942
7	12	47.5557
6	13	47.5557
7	28	47.5399
6	29	47.5399
8	27	47.5399
21	46	47.3832
22	45	47.3832
32	55	47.1558
31	56	47.1558
9	28	46.6692
10	27	46.6692
16	36	46.4776
15	37	46.4776
45	49	46.2752
46	48	46.2752
1	7	45.9805
2	6	45.9805
0	8	45.9805
24	55	45.8932
25	54	45.8932
9	37	45.5776
10	36	45.5776
20	37	45.5104
19	38	45.5104
44	54	45.1663
43	55	45.1663
42	56	45.1663
16	18	-44.996
15	19	-44.996
3	8	44.818
4	7	44.818
5	6	44.818
34	43	44.4852
35	42	44.4852
33	44	44.4852
15	44	44.4458
16	43	44.4458
17	42	44.4458
15	25	44.4242
16	24	44.4242
4	54	44.3439
3	55	44.3439
21	33	43.9517
27	52	43.7561
28	51	43.7561
21	55	43.5752
22	54	43.5752
24	34	43.5504
25	33	43.5504
10	51	43.1503
9	52	43.1503
22	43	42.7388
21	44	42.7388
23	42	42.7388
5	15	42.5012
3	17	42.5012
4	16	42.5012
43	45	42.3488
42	46	42.3488
40	42	41.9792
39	43	41.9792
15	46	41.6483
16	45	41.6483
29	44	-41.5606
34	39	41.5494
33	40	41.5494
12	25	41.3449
13	24	41.3449
19	33	-41.2956
18	34	-41.2956
24	28	41.0328
25	27	41.0328
8	46	40.849
7	47	40.849
0	25	40.7188
1	24	40.7188
1	33	40.6001
0	34	40.6001
12	32	40.5498
13	31	40.5498
14	30	40.5498
3	31	-40.5038
4	30	-40.5038
4	9	40.3732
3	10	40.3732
4	21	40.1991
3	22	40.1991
24	49	39.9809
25	48	39.9809
10	48	39.7606
9	49	39.7606
15	31	-39.7605
16	30	-39.7605
19	29	39.3551
20	28	39.3551
15	33	39.3278
0	10	39.2545
1	9	39.2545
0	40	39.2052
1	39	39.2052
20	51	39.1841
18	53	39.1841
19	52	39.1841
9	55	38.7756
10	54	38.7756
0	37	38.6615
1	36	38.6615
1	54	38.4821
0	55	38.4821
19	42	38.4232
18	43	38.4232
3	52	38.4
4	51	38.4
19	46	38.3771
18	47	38.3771
20	45	38.3771
9	21	38.2803
51	55	38.2189
52	54	38.2189
32	51	38.0967
31	52	38.0967
30	53	38.0967
33	52	37.9952
34	51	37.9952
28	54	37.8734
27	55	37.8734
9	13	37.8556
10	12	37.8556
1	20	37.7832
2	19	37.7832
46	51	37.7668
45	52	37.7668
6	40	37.7376
7	39	37.7376
21	49	37.4946
22	48	37.4946
34	54	37.4781
33	55	37.4781
12	28	37.4302
13	27	37.4302
29	31	-37.4103
28	32	-37.4103
9	33	37.3267
13	39	37.3126
12	40	37.3126
27	40	37.1328
28	39	37.1328
22	51	37.1147
21	52	37.1147
42	49	37.0936
43	48	37.0936
17	51	37.0043
16	52	37.0043
15	53	37.0043
25	39	36.9489
24	40	36.9489
24	37	36.8608
25	36	36.8608
18	22	-36.7689
19	21	-36.7689
31	42	36.5857
30	43	36.5857
1	48	36.177
0	49	36.177
33	49	35.5769
34	48	35.5769
7	52	35.4114
6	53	35.4114
8	51	35.4114
13	54	35.3816
12	55	35.3816
31	37	35.2241
32	36	35.2241
30	38	35.2241
6	44	35.0452
7	43	35.0452
8	42	35.0452
1	45	34.8072
0	46	34.8072
48	55	34.5738
49	54	34.5738
15	21	34.3809
37	48	34.3506
36	49	34.3506
7	21	34.0214
6	22	34.0214
7	49	33.8259
8	48	33.8259
6	50	33.8259
12	34	33.7543
13	33	33.7543
12	22	33.4137
13	21	33.4137
39	45	32.8205
12	16	32.7743
13	15	32.7743
31	33	-32.7058
30	34	-32.7058
19	49	32.701
18	50	32.701
20	48	32.701
36	42	32.6858
6	17	32.6159
8	15	32.6159
7	16	32.6159
13	36	32.4838
12	37	32.4838
39	55	32.1498
40	54	32.1498
32	48	32.0823
31	49	32.0823
30	50	32.0823
22	27	32.077
21	28	32.077
0	43	32.036
1	42	32.036
0	4	31.8654
1	3	31.8654
11	30	-31.7087
10	31	-31.7087
9	32	-31.7087
1	15	31.4678
0	16	31.4678
13	45	31.1027
12	46	31.1027
25	42	30.7394
24	43	30.7394
13	48	30.6349
12	49	30.6349
16	29	30.4642
17	28	30.4642
49	51	30.3099
48	52	30.3099
4	33	30.0942
3	34	30.0942
45	55	30.0747
46	54	30.0747
10	42	30.0165
9	43	30.0165
4	12	29.8858
3	13	29.8858
2	30	29.6718
1	31	29.6718
0	32	29.6718
24	45	29.4583
15	49	29.4332
16	48	29.4332
16	39	29.3691
15	40	29.3691
18	41	29.3292
19	40	29.3292
20	39	29.3292
6	10	29.2404
7	9	29.2404
6	55	29.1994
7	54	29.1994
27	49	29.1678
28	48	29.1678
0	13	29.0608
1	12	29.0608
32	46	28.7498
31	47	28.7498
9	15	28.6788
4	45	28.6712
3	46	28.6712
16	54	28.5906
15	55	28.5906
39	52	28.5363
40	51	28.5363
8	25	28.5084
7	26	28.5084
13	52	28.4642
14	51	28.4642
12	53	28.4642
36	45	27.9397
19	26	27.714
20	25	27.714
3	19	-27.6606
4	18	-27.6606
31	39	27.4752
30	40	27.4752
6	34	27.3382
7	33	27.3382
36	39	27.0244
42	52	26.9491
43	51	26.9491
36	52	26.8952
37	51	26.8952
19	56	26.8122
20	55	26.8122
0	51	26.7533
21	24	26.619
9	45	26.4726
29	38	-26.4406
3	49	26.4071
4	48	26.4071
3	40	26.022
4	39	26.022
27	34	25.8946
28	33	25.8946
21	36	25.874
33	45	25.8343
3	24	25.6024
1	27	25.5459
0	28	25.5459
7	36	25.4594
6	37	25.4594
9	39	25.4425
37	54	25.4084
36	55	25.4084
21	39	25.3638
22	30	-25.0557
21	31	-25.0557
33	36	25.0407
12	43	24.9768
13	42	24.9768
0	21	24.8687
27	45	24.7926
12	20	24.6103
14	18	24.6103
13	19	24.6103
10	18	-24.4261
9	19	-24.4261
6	31	24.2606
7	30	24.2606
9	24	24.0318
39	48	23.9787
24	52	23.9471
25	51	23.9471
6	12	23.7779
6	28	23.7699
7	27	23.7699
21	45	23.6916
32	54	23.5779
31	55	23.5779
30	56	23.5779
9	27	23.3346
15	36	23.2388
45	48	23.1376
1	6	22.9902
0	7	22.9902
24	54	22.9466
9	36	22.7888
18	38	22.7552
19	37	22.7552
20	36	22.7552
43	54	22.5832
42	55	22.5832
15	18	-22.498
3	7	22.409
4	6	22.409
34	42	22.2426
33	43	22.2426
15	43	22.2229
16	42	22.2229
15	24	22.2121
3	54	22.172
27	51	21.8781
21	54	21.7876
24	33	21.7752
9	51	21.5752
21	43	21.3694
22	42	21.3694
3	16	21.2506
4	15	21.2506
42	45	21.1744
39	42	20.9896
15	45	20.8241
29	43	-20.7803
28	44	-20.7803
33	39	20.7747
12	24	20.6725
18	33	-20.6478
24	27	20.5164
7	46	20.4245
6	47	20.4245
8	45	20.4245
0	24	20.3594
0	33	20.3001
12	31	20.2749
13	30	20.2749
3	30	-20.2519
3	9	20.1866
3	21	20.0995
24	48	19.9905
9	48	19.8803
15	30	-19.8803
18	29	19.6775
20	27	19.6775
19	28	19.6775
0	9	19.6272
0	39	19.6026
18	52	19.592
19	51	19.592
5	38	19.4576
9	54	19.3878
0	36	19.3307
0	54	19.241
18	42	19.2116
3	51	19.2
18	46	19.1885
19	45	19.1885
51	54	19.1094
31	51	19.0483
30	52	19.0483
33	51	18.9976
27	54	18.9367
9	12	18.9278
2	18	18.8916
1	19	18.8916
0	20	18.8916
45	51	18.8834
6	39	18.8688
21	48	18.7473
33	54	18.7391
12	27	18.7151
29	30	-18.7052
27	32	-18.7052
28	31	-18.7052
12	39	18.6563
27	39	18.5664
21	51	18.5574
42	48	18.5468
15	52	18.5021
16	51	18.5021
24	39	18.4744
24	36	18.4304
18	21	-18.3845
30	42	18.2928
0	48	18.0885
33	48	17.7884
6	52	17.7057
7	51	17.7057
12	54	17.6908
31	36	17.612
30	37	17.612
6	43	17.5226
7	42	17.5226
0	45	17.4036
48	54	17.2869
36	48	17.1753
6	21	17.0107
7	48	16.9129
6	49	16.9129
12	33	16.8771
12	21	16.7069
12	15	16.3871
30	33	-16.3529
19	48	16.3505
18	49	16.3505
6	16	16.308
7	15	16.308
12	36	16.2419
39	54	16.0749
30	49	16.0412
31	48	16.0412
21	27	16.0385
0	42	16.018
0	3	15.9327
10	30	-15.8544
9	31	-15.8544
0	15	15.7339
12	45	15.5513
24	42	15.3697
12	48	15.3175
17	27	15.2321
15	29	15.2321
16	28	15.2321
48	51	15.1549
3	33	15.0471
45	54	15.0374
9	42	15.0082
3	12	14.9429
1	30	14.8359
0	31	14.8359
15	48	14.7166
15	39	14.6845
18	40	14.6646
19	39	14.6646
6	9	14.6202
6	54	14.5997
27	48	14.5839
0	12	14.5304
31	46	14.3749
32	45	14.3749
30	47	14.3749
3	45	14.3356
15	54	14.2953
39	51	14.2681
8	24	14.2542
7	25	14.2542
6	26	14.2542
13	51	14.2321
12	52	14.2321
20	24	13.857
18	26	13.857
19	25	13.857
3	18	-13.8303
30	39	13.7376
6	33	13.6691
42	51	13.4745
36	51	13.4476
19	55	13.4061
18	56	13.4061
20	54	13.4061
28	38	-13.2203
29	37	-13.2203
3	48	13.2036
3	39	13.011
27	33	12.9473
0	27	12.7729
6	36	12.7297
36	54	12.7042
21	30	-12.5278
12	42	12.4884
12	19	12.3052
13	18	12.3052
9	18	-12.213
6	30	12.1303
24	51	11.9736
6	27	11.885
31	54	11.7889
30	55	11.7889
0	6	11.4951
19	36	11.3776
18	37	11.3776
42	54	11.2916
3	6	11.2045
33	42	11.1213
15	42	11.1114
21	42	10.6847
3	15	10.6253
27	44	-10.3901
28	43	-10.3901
29	42	-10.3901
6	46	10.2122
7	45	10.2122
12	30	10.1375
19	27	9.83877
18	28	9.83877
18	51	9.79602
5	37	9.72879
4	38	9.72879
18	45	9.59427
30	51	9.52417
1	18	9.4458
0	19	9.4458
28	30	-9.35258
27	31	-9.35258
15	51	9.25107
26	32	-8.87933
6	51	8.85284
30	36	8.80602
6	42	8.76131
6	48	8.45646
18	48	8.17526
6	15	8.15398
30	48	8.02059
9	30	-7.92718
16	27	7.61605
15	28	7.61605
0	30	7.41794
18	39	7.33231
30	46	7.18745
31	45	7.18745
6	25	7.12709
7	24	7.12709
12	51	7.11605
19	24	6.92849
18	25	6.92849
18	55	6.70306
19	54	6.70306
27	38	-6.61014
28	37	-6.61014
29	36	-6.61014
12	18	6.15258
30	54	5.89447
18	36	5.6888
28	42	-5.19507
27	43	-5.19507
6	45	5.10612
18	27	4.91939
5	36	4.8644
3	38	4.8644
4	37	4.8644
0	18	4.7229
27	30	-4.67629
25	32	-4.43966
26	31	-4.43966
15	27	3.80802
30	45	3.59372
6	24	3.56355
18	24	3.46424
18	54	3.35153
27	37	-3.30507
28	36	-3.30507
27	42	-2.59754
3	37	2.4322
4	36	2.4322
24	32	-2.21983
25	31	-2.21983
26	30	-2.21983
5	44	-1.70473
27	36	-1.65254
3	36	1.2161
24	31	-1.10992
25	30	-1.10992
5	43	-0.852363
4	44	-0.852363
24	30	-0.554958
8	20	0.530821
3	44	-0.426182
5	42	-0.426182
4	43	-0.426182
7	20	0.26541
8	19	0.26541
3	43	-0.213091
4	42	-0.213091
6	20	0.132705
7	19	0.132705
8	18	0.132705
3	42	-0.106545
6	19	0.0663526
7	18	0.0663526
6	18	0.0331763
