2	3	215.654
16	17	163.202
21	37	146.334
17	21	143.106
17	37	140.43
9	27	135.829
19	37	132.911
26	27	132.724
25	27	127.99
3	27	127.826
15	31	127.059
25	33	125.413
1	27	122.574
3	9	121.3
13	27	120.528
19	25	119.4
30	31	118.843
27	37	117.074
15	33	115.364
27	33	114.369
24	25	106.803
13	29	106.187
19	27	103.004
1	25	102.854
9	13	100.378
36	37	100.35
29	37	100.251
17	29	99.1981
23	25	97.8069
10	11	97.1409
21	27	95.7383
3	25	95.5502
6	7	95.0259
5	13	94.6469
21	29	94.2254
13	21	94.1809
25	37	93.5656
13	33	93.4082
13	19	93.0857
19	21	92.7604
1	37	91.4511
1	3	91.231
5	27	89.2909
23	37	88.2091
9	19	87.5465
19	29	87.0617
32	33	86.8203
27	29	85.7914
13	31	84.8662
13	37	84.5529
1	21	84.4238
12	13	84.2881
20	21	82.8682
8	9	82.635
5	21	82.5829
3	13	82.0759
19	23	81.7646
1	19	81.6444
9	33	81.4504
14	15	80.9101
33	35	80.4583
25	35	80.3157
5	37	80.2212
13	25	80.1252
18	19	79.3743
9	25	79.0408
23	27	76.9919
5	25	76.4195
9	15	75.8353
31	33	75.5473
5	11	75.1831
29	35	75.0738
28	29	74.7159
1	35	74.5171
21	23	74.4265
5	7	74.2698
25	29	74.0576
13	17	74.0359
1	33	73.4643
9	31	73.3735
3	23	73.3431
7	13	73.1741
21	36	73.167
20	37	73.167
13	15	72.5601
21	25	72.4713
29	33	72.4432
15	27	72.3303
16	21	71.553
17	20	71.553
9	37	70.9493
27	31	70.5423
0	1	70.4328
17	36	70.2151
16	37	70.2151
5	19	70.0492
11	13	70.0367
23	29	69.3306
1	23	68.8239
3	35	68.2112
8	27	67.9144
9	26	67.9144
4	5	66.7081
1	13	66.5908
19	36	66.4555
18	37	66.4555
9	29	65.6834
15	17	-65.6632
9	11	65.0096
19	33	64.9444
5	33	64.8044
1	5	64.7002
25	26	63.995
24	27	63.995
35	37	63.9771
3	26	63.9129
2	27	63.9129
9	23	63.672
14	31	63.5293
15	30	63.5293
23	33	63.2362
17	23	62.9861
5	9	62.769
24	33	62.7065
25	32	62.7065
27	35	62.0377
34	35	61.9473
22	23	61.5567
0	27	61.2871
1	26	61.2871
7	21	61.1912
3	8	60.65
2	9	60.65
12	27	60.2641
13	26	60.2641
18	25	59.7002
19	24	59.7002
1	9	59.3546
7	11	58.9264
23	35	58.7729
11	31	58.7461
26	37	58.5368
27	36	58.5368
3	5	58.0438
7	19	57.9366
14	33	57.6821
15	32	57.6821
27	32	57.1843
26	33	57.1843
19	35	56.8666
7	17	56.4615
15	35	56.3567
1	29	55.141
9	35	54.1949
21	33	53.8868
21	35	53.8105
9	21	53.4822
13	28	53.0935
12	29	53.0935
3	29	52.7403
17	35	52.5381
3	37	52.3128
19	26	51.5018
18	27	51.5018
1	24	51.4271
0	25	51.4271
1	17	50.3803
7	37	50.3509
9	12	50.1889
8	13	50.1889
28	37	50.1257
29	36	50.1257
13	35	49.8968
17	28	49.599
16	29	49.599
5	31	48.9912
13	23	48.9501
22	25	48.9035
23	24	48.9035
11	15	48.0207
11	27	48.0053
20	27	47.8692
21	26	47.8692
2	25	47.7751
3	24	47.7751
3	19	47.6121
4	13	47.3235
5	12	47.3235
20	29	47.1127
21	28	47.1127
13	20	47.0905
12	21	47.0905
25	36	46.7828
24	37	46.7828
13	32	46.7041
12	33	46.7041
17	33	-46.6171
12	19	46.5429
13	18	46.5429
15	29	46.5018
5	23	46.4939
18	21	46.3802
19	20	46.3802
0	37	45.7255
1	36	45.7255
0	3	45.6155
1	2	45.6155
7	27	-45.2511
11	33	45.0436
5	26	44.6455
4	27	44.6455
22	37	44.1046
23	36	44.1046
9	18	43.7733
8	19	43.7733
7	31	43.6473
18	29	43.5308
19	28	43.5308
26	29	42.8957
27	28	42.8957
31	35	42.6342
12	31	42.4331
13	30	42.4331
13	36	42.2765
12	37	42.2765
0	21	42.2119
1	20	42.2119
5	20	41.2914
4	21	41.2914
3	12	41.038
2	13	41.038
1	15	41.0067
18	23	40.8823
19	22	40.8823
1	18	40.8222
0	19	40.8222
8	33	40.7252
9	32	40.7252
32	35	40.2292
33	34	40.2292
24	35	40.1578
25	34	40.1578
5	36	40.1106
4	37	40.1106
13	24	40.0626
12	25	40.0626
9	24	39.5204
8	25	39.5204
33	37	38.9054
7	29	38.5169
23	26	38.496
22	27	38.496
5	24	38.2097
4	25	38.2097
29	31	38.1767
17	19	37.9519
8	15	37.9177
9	14	37.9177
7	33	37.7778
30	33	37.7736
31	32	37.7736
5	10	37.5916
4	11	37.5916
29	34	37.5369
28	35	37.5369
0	35	37.2586
1	34	37.2586
21	22	37.2133
20	23	37.2133
5	6	37.1349
4	7	37.1349
24	29	37.0288
25	28	37.0288
13	16	37.0179
12	17	37.0179
1	32	36.7321
0	33	36.7321
9	30	36.6868
8	31	36.6868
2	23	36.6716
3	22	36.6716
7	12	36.587
6	13	36.587
20	36	36.5835
31	37	-36.5573
17	27	36.3616
13	14	36.2801
12	15	36.2801
21	24	36.2356
20	25	36.2356
28	33	36.2216
29	32	36.2216
15	26	36.1651
14	27	36.1651
11	17	-35.8072
16	20	35.7765
1	31	35.587
8	37	35.4746
9	36	35.4746
3	33	35.2833
27	30	35.2711
26	31	35.2711
16	36	35.1076
5	18	35.0246
4	19	35.0246
10	13	35.0184
11	12	35.0184
5	17	35.0084
23	28	34.6653
22	29	34.6653
1	22	34.412
0	23	34.412
3	34	34.1056
2	35	34.1056
8	26	33.9572
7	15	33.3804
1	12	33.2954
0	13	33.2954
18	36	33.2278
5	29	32.9718
9	28	32.8417
8	29	32.8417
15	16	-32.8316
14	17	-32.8316
8	11	32.5048
9	10	32.5048
18	33	32.4722
19	32	32.4722
4	33	32.4022
5	32	32.4022
0	5	32.3501
1	4	32.3501
15	25	32.0824
24	26	31.9975
34	37	31.9886
35	36	31.9886
2	26	31.9564
5	15	31.8831
8	23	31.836
9	22	31.836
14	30	31.7647
23	32	31.6181
22	33	31.6181
16	23	31.4931
17	22	31.4931
4	9	31.3845
5	8	31.3845
24	32	31.3532
3	7	-31.0487
27	34	31.0189
26	35	31.0189
0	26	30.6435
6	21	30.5956
7	20	30.5956
2	8	30.325
12	26	30.1321
18	24	29.8501
15	19	29.7304
1	8	29.6773
0	9	29.6773
6	11	29.4632
7	10	29.4632
22	35	29.3864
23	34	29.3864
11	30	29.3731
10	31	29.3731
26	36	29.2684
3	4	29.0219
2	5	29.0219
6	19	28.9683
7	18	28.9683
14	32	28.841
26	32	28.5921
19	34	28.4333
18	35	28.4333
11	19	28.3163
6	17	28.2308
7	16	28.2308
14	35	28.1783
15	34	28.1783
11	23	27.63
1	28	27.5705
0	29	27.5705
9	34	27.0974
8	35	27.0974
20	33	26.9434
21	32	26.9434
21	34	26.9052
20	35	26.9052
8	21	26.7411
9	20	26.7411
7	23	26.6705
12	28	26.5467
2	29	26.3702
3	28	26.3702
17	34	26.269
16	35	26.269
2	37	26.1564
3	36	26.1564
7	25	25.9169
18	26	25.7509
0	24	25.7136
1	16	25.1902
0	17	25.1902
7	36	25.1754
6	37	25.1754
8	12	25.0945
28	36	25.0628
13	34	24.9484
12	35	24.9484
16	28	24.7995
5	35	24.6281
5	30	24.4956
4	31	24.4956
12	23	24.4751
13	22	24.4751
22	24	24.4517
11	14	24.0104
10	15	24.0104
10	27	24.0026
11	26	24.0026
20	26	23.9346
2	24	23.8876
3	18	23.8061
2	19	23.8061
4	12	23.6617
20	28	23.5564
12	20	23.5452
24	36	23.3914
12	32	23.3521
16	33	-23.3085
17	32	-23.3085
12	18	23.2714
15	28	23.2509
14	29	23.2509
4	23	23.247
5	22	23.247
18	20	23.1901
0	36	22.8628
7	35	22.8346
0	2	22.8078
6	27	-22.6256
7	26	-22.6256
11	32	22.5218
10	33	22.5218
4	26	22.3227
22	36	22.0523
8	18	21.8866
7	30	21.8237
6	31	21.8237
18	28	21.7654
26	28	21.4478
30	35	21.3171
31	34	21.3171
12	30	21.2165
12	36	21.1382
0	20	21.1059
4	20	20.6457
2	12	20.519
0	15	20.5034
1	14	20.5034
18	22	20.4411
0	18	20.4111
8	32	20.3626
32	34	20.1146
24	34	20.0789
4	36	20.0553
12	24	20.0313
8	24	19.7602
15	37	-19.6477
33	36	19.4527
32	37	19.4527
6	29	19.2584
7	28	19.2584
22	26	19.248
4	24	19.1049
28	31	19.0883
29	30	19.0883
17	18	18.9759
16	19	18.9759
8	14	18.9588
7	32	18.8889
6	33	18.8889
30	32	18.8868
4	10	18.7958
28	34	18.7685
0	34	18.6293
20	22	18.6066
4	6	18.5675
24	28	18.5144
12	16	18.509
0	32	18.3661
8	30	18.3434
2	22	18.3358
6	12	18.2935
30	37	-18.2787
31	36	-18.2787
17	26	18.1808
16	27	18.1808
12	14	18.14
20	24	18.1178
28	32	18.1108
14	26	18.0826
10	17	-17.9036
11	16	-17.9036
1	30	17.7935
0	31	17.7935
8	36	17.7373
2	33	17.6416
3	32	17.6416
26	30	17.6356
4	18	17.5123
10	12	17.5092
4	17	17.5042
5	16	17.5042
22	28	17.3326
0	22	17.206
2	34	17.0528
7	14	16.6902
6	15	16.6902
0	12	16.6477
5	28	16.4859
4	29	16.4859
8	28	16.4208
14	16	-16.4158
8	10	16.2524
18	32	16.2361
4	32	16.2011
0	4	16.1751
15	24	16.0412
14	25	16.0412
34	36	15.9943
5	14	15.9416
4	15	15.9416
8	22	15.918
22	32	15.8091
16	22	15.7465
4	8	15.6922
3	31	-15.5752
2	7	-15.5243
3	6	-15.5243
26	34	15.5094
6	20	15.2978
15	18	14.8652
14	19	14.8652
0	8	14.8387
6	10	14.7316
22	34	14.6932
10	30	14.6865
2	4	14.511
6	18	14.4842
18	34	14.2167
10	19	14.1582
11	18	14.1582
6	16	14.1154
14	34	14.0892
11	22	13.815
10	23	13.815
0	28	13.7852
8	34	13.5487
20	32	13.4717
11	29	13.4715
20	34	13.4526
8	20	13.3705
6	23	13.3352
7	22	13.3352
3	17	-13.262
2	28	13.1851
16	34	13.1345
2	36	13.0782
7	24	12.9585
6	25	12.9585
15	23	12.6378
0	16	12.5951
6	36	12.5877
12	34	12.4742
4	35	12.314
5	34	12.314
4	30	12.2478
12	22	12.2375
10	14	12.0052
10	26	12.0013
2	18	11.903
16	32	-11.6543
14	28	11.6254
4	22	11.6235
6	35	11.4173
7	34	11.4173
6	26	-11.3128
25	31	-11.3064
10	32	11.2609
6	30	10.9118
30	34	10.6586
0	14	10.2517
11	25	10.1246
15	36	-9.82385
14	37	-9.82385
32	36	9.72634
6	28	9.62922
28	30	9.54417
16	18	9.48797
6	32	9.44444
11	35	-9.31802
30	36	-9.13933
16	26	9.0904
10	16	-8.95179
0	30	8.89676
2	32	8.82082
4	16	8.7521
11	21	8.56923
6	14	8.3451
4	28	8.24296
14	24	8.02061
4	14	7.97079
7	9	7.8188
3	30	-7.7876
2	31	-7.7876
2	6	-7.76217
3	15	7.55057
14	18	7.43259
10	18	7.07908
9	17	6.98155
1	11	6.97954
10	22	6.9075
10	29	6.73574
11	28	6.73574
6	22	6.66762
2	17	-6.63101
3	16	-6.63101
19	31	6.58352
6	24	6.47923
1	7	6.45503
17	25	-6.38021
15	22	6.31891
14	23	6.31891
17	31	-6.21144
15	21	6.17605
4	34	6.15702
6	34	5.70866
25	30	-5.65318
24	31	-5.65318
10	25	5.06232
11	24	5.06232
14	36	-4.91192
10	35	-4.65901
11	34	-4.65901
10	21	4.28461
11	20	4.28461
7	8	3.9094
6	9	3.9094
2	30	-3.8938
2	15	3.77528
3	14	3.77528
8	17	3.49078
9	16	3.49078
0	11	3.48977
1	10	3.48977
10	28	3.36787
2	16	-3.3155
18	31	3.29176
19	30	3.29176
0	7	3.22752
1	6	3.22752
16	25	-3.1901
17	24	-3.1901
14	22	3.15945
16	31	-3.10572
17	30	-3.10572
14	21	3.08802
15	20	3.08802
24	30	-2.82659
21	31	2.62593
10	24	2.53116
3	21	2.39552
10	34	-2.3295
10	20	2.14231
6	8	1.9547
11	37	-1.91846
2	14	1.88764
8	16	1.74539
0	10	1.74489
18	30	1.64588
0	6	1.61376
16	24	-1.59505
16	30	-1.55286
14	20	1.54401
21	30	1.31297
20	31	1.31297
2	21	1.19776
3	20	1.19776
11	36	-0.959232
10	37	-0.959232
23	31	0.778837
20	30	0.656483
2	20	0.598879
3	11	0.547348
10	36	-0.479616
22	31	0.389418
23	30	0.389418
3	10	0.273674
2	11	0.273674
22	30	0.194709
2	10	0.136837
