1	29	235.602
0	1	194.415
24	25	152.547
32	33	151.844
28	29	149.467
14	15	142.603
7	35	133.433
1	28	117.801
0	29	117.801
1	13	117.547
6	7	116.892
1	33	115.901
23	31	114.949
13	35	114.322
1	37	113.008
11	35	112.841
3	35	112.322
29	37	110.862
13	31	108.752
21	31	107.23
19	31	106.568
17	35	106.43
1	7	105.623
13	37	103.461
21	35	101.088
21	33	100.106
19	21	99.7655
5	19	99.2241
3	17	98.8355
5	31	98.4942
5	21	97.8686
17	31	97.7064
34	35	97.1629
13	33	96.6685
31	35	96.2766
13	29	95.45
19	35	95.0987
25	35	93.831
11	19	93.7592
25	29	-92.9518
5	35	91.7947
21	25	90.5029
11	21	89.8774
13	17	88.3949
17	19	88.2835
27	33	88.1592
7	23	87.0209
17	21	86.8718
5	33	86.6712
7	27	86.5093
17	37	84.8978
7	31	84.8938
5	13	84.8936
17	23	83.8132
1	27	83.7003
1	23	83.5868
3	23	83.5718
3	13	83.4752
36	37	83.3152
19	33	83.2506
1	35	83.215
12	13	83.1987
33	35	82.5772
13	23	82.5063
3	31	81.6931
13	19	81.1013
9	21	80.7505
27	35	80.709
5	11	80.218
11	33	80.1946
7	29	80.124
18	19	80.064
23	35	79.0999
15	17	78.6717
30	31	77.3019
7	21	77.0559
20	21	77.0048
31	33	76.8985
19	37	76.7881
7	17	76.7845
16	17	76.7132
22	23	76.6305
1	31	76.3653
31	37	76.1527
13	27	75.5193
9	33	74.9882
21	23	74.5761
15	27	74.5272
7	19	73.2978
33	37	72.9806
15	23	72.3572
7	9	72.1534
17	27	71.1985
7	13	69.5722
9	17	69.4301
19	27	68.3138
21	27	67.133
17	25	67.0791
6	35	66.7164
7	34	66.7164
2	3	66.5807
9	31	66.411
27	31	66.3639
7	11	66.2406
5	7	66.0249
11	13	65.1529
1	9	65.0861
3	15	64.8732
5	17	64.8471
11	31	64.403
27	37	63.9906
9	23	63.6301
10	11	63.5373
23	29	63.0896
9	37	62.5856
7	15	62.2864
23	33	62.205
19	23	62.169
23	27	61.7488
9	19	61.4742
3	7	60.0995
25	33	59.6031
9	27	59.4449
8	9	59.3413
0	28	58.9006
1	12	58.7733
0	13	58.7733
5	25	58.6738
11	25	58.5652
11	17	58.3948
13	21	58.3272
1	32	57.9506
0	33	57.9506
1	17	57.6818
1	3	57.5802
22	31	57.4743
23	30	57.4743
9	35	57.3245
1	25	-57.2388
5	37	57.1662
13	34	57.1612
12	35	57.1612
4	5	57.16
11	27	57.028
3	21	56.6577
1	36	56.5039
0	37	56.5039
3	27	56.4667
11	34	56.4204
10	35	56.4204
26	27	56.2215
2	35	56.1611
3	34	56.1611
15	35	55.8742
23	37	55.7708
28	37	55.4308
29	36	55.4308
25	31	55.0009
13	30	54.3759
12	31	54.3759
5	23	53.7741
20	31	53.615
21	30	53.615
5	27	53.4938
19	30	53.2842
18	31	53.2842
16	35	53.2149
17	34	53.2149
1	6	52.8113
0	7	52.8113
5	9	52.1189
3	11	52.0456
12	37	51.7307
13	36	51.7307
25	27	51.1438
17	33	50.5998
21	34	50.5438
20	35	50.5438
21	32	50.0528
20	33	50.0528
19	20	49.8828
18	21	49.8828
29	33	49.6934
4	19	49.612
5	18	49.612
3	16	49.4177
2	17	49.4177
3	19	49.3349
4	31	49.2471
5	30	49.2471
4	21	48.9343
5	20	48.9343
17	30	48.8532
16	31	48.8532
11	15	48.8488
9	25	48.8217
12	33	48.3342
13	32	48.3342
31	34	48.1383
30	35	48.1383
12	29	47.725
13	28	47.725
18	35	47.5494
19	34	47.5494
25	34	46.9155
24	35	46.9155
10	19	46.8796
11	18	46.8796
25	28	-46.4759
24	29	-46.4759
5	34	45.8973
4	35	45.8973
21	37	45.6156
21	24	45.2514
20	25	45.2514
11	20	44.9387
10	21	44.9387
19	25	44.2053
13	16	44.1974
12	17	44.1974
17	18	44.1418
16	19	44.1418
26	33	44.0796
27	32	44.0796
11	23	44.0203
3	25	43.745
6	23	43.5105
7	22	43.5105
16	21	43.4359
17	20	43.4359
4	33	43.3356
5	32	43.3356
6	27	43.2547
7	26	43.2547
29	31	43.2327
7	37	43.1605
35	37	42.8117
9	13	42.4571
17	36	42.4489
16	37	42.4489
6	31	42.4469
7	30	42.4469
5	12	42.4468
4	13	42.4468
3	5	42.4044
13	15	42.1229
16	23	41.9066
17	22	41.9066
1	26	41.8501
0	27	41.8501
1	22	41.7934
0	23	41.7934
2	23	41.7859
3	22	41.7859
3	12	41.7376
2	13	41.7376
1	19	41.6469
18	33	41.6253
19	32	41.6253
1	34	41.6075
0	35	41.6075
32	35	41.2886
33	34	41.2886
13	22	41.2531
12	23	41.2531
2	31	40.8465
3	30	40.8465
17	29	40.648
9	11	40.6429
12	19	40.5506
13	18	40.5506
9	20	40.3752
8	21	40.3752
26	35	40.3545
27	34	40.3545
5	10	40.109
4	11	40.109
11	32	40.0973
10	33	40.0973
7	28	40.062
6	29	40.062
23	34	39.55
22	35	39.55
15	16	39.3358
14	17	39.3358
29	35	39.1368
3	37	39.042
15	33	38.852
7	33	38.5766
6	21	38.528
7	20	38.528
31	32	38.4492
30	33	38.4492
19	36	38.3941
18	37	38.3941
6	17	38.3923
7	16	38.3923
0	31	38.1827
1	30	38.1827
31	36	38.0764
30	37	38.0764
13	26	37.7596
12	27	37.7596
9	32	37.4941
8	33	37.4941
21	22	37.2881
20	23	37.2881
15	26	37.2636
14	27	37.2636
7	18	36.6489
6	19	36.6489
33	36	36.4903
32	37	36.4903
14	23	36.1786
15	22	36.1786
7	8	36.0767
6	9	36.0767
11	37	35.7297
16	27	35.5993
17	26	35.5993
7	25	35.5062
1	5	35.3219
15	21	35.1156
27	29	34.9879
7	12	34.7861
6	13	34.7861
9	16	34.7151
8	17	34.7151
18	27	34.1569
19	26	34.1569
1	11	34.1176
15	37	33.8617
21	26	33.5665
20	27	33.5665
17	24	33.5396
16	25	33.5396
6	34	33.3582
9	30	33.2055
8	31	33.2055
27	30	33.182
26	31	33.182
6	11	33.1203
7	10	33.1203
5	6	33.0125
4	7	33.0125
10	13	32.5764
11	12	32.5764
1	8	32.543
0	9	32.543
3	14	32.4366
2	15	32.4366
5	16	32.4235
4	17	32.4235
11	30	32.2015
10	31	32.2015
26	37	31.9953
27	36	31.9953
15	19	31.8582
8	23	31.815
9	22	31.815
3	9	31.8029
23	28	31.5448
22	29	31.5448
9	36	31.2928
8	37	31.2928
7	14	31.1432
6	15	31.1432
23	32	31.1025
22	33	31.1025
18	23	31.0845
19	22	31.0845
23	26	30.8744
22	27	30.8744
8	19	30.7371
9	18	30.7371
5	29	30.2382
2	7	30.0497
3	6	30.0497
25	32	29.8015
24	33	29.8015
9	26	29.7224
8	27	29.7224
0	12	29.3867
5	24	29.3369
4	25	29.3369
10	25	29.2826
11	24	29.2826
11	16	29.1974
10	17	29.1974
13	20	29.1636
12	21	29.1636
0	32	28.9753
0	17	28.8409
1	16	28.8409
1	2	28.7901
0	3	28.7901
22	30	28.7371
8	35	28.6622
9	34	28.6622
0	25	-28.6194
1	24	-28.6194
5	36	28.5831
4	37	28.5831
12	34	28.5806
11	26	28.514
10	27	28.514
3	29	28.4372
13	25	28.4158
3	20	28.3289
2	21	28.3289
0	36	28.252
3	26	28.2334
2	27	28.2334
10	34	28.2102
2	34	28.0806
15	34	27.9371
14	35	27.9371
22	37	27.8854
23	36	27.8854
28	36	27.7154
24	31	27.5004
25	30	27.5004
15	25	27.3163
12	30	27.1879
5	22	26.8871
4	23	26.8871
20	30	26.8075
4	27	26.7469
5	26	26.7469
18	30	26.6421
16	34	26.6074
0	6	26.4057
4	9	26.0594
5	8	26.0594
2	11	26.0228
3	10	26.0228
12	36	25.8654
24	27	25.5719
25	26	25.5719
16	33	25.2999
17	32	25.2999
20	34	25.2719
20	32	25.0264
18	20	24.9414
28	33	24.8467
29	32	24.8467
4	18	24.806
2	16	24.7089
3	18	24.6675
2	19	24.6675
1	21	24.6366
4	30	24.6235
4	20	24.4672
16	30	24.4266
10	15	24.4244
11	14	24.4244
9	24	24.4108
8	25	24.4108
12	32	24.1671
30	34	24.0691
21	29	-23.9774
12	28	23.8625
18	34	23.7747
24	34	23.4577
10	18	23.4398
24	28	-23.238
9	29	23.0398
4	34	22.9487
21	36	22.8078
20	37	22.8078
20	24	22.6257
10	20	22.4693
19	24	22.1027
18	25	22.1027
12	16	22.0987
16	18	22.0709
26	32	22.0398
10	23	22.0102
11	22	22.0102
2	25	21.8725
3	24	21.8725
6	22	21.7552
16	20	21.7179
4	32	21.6678
6	26	21.6273
28	31	21.6163
29	30	21.6163
6	37	21.5803
7	36	21.5803
35	36	21.4058
34	37	21.4058
9	12	21.2286
8	13	21.2286
16	36	21.2245
6	30	21.2234
4	12	21.2234
2	5	21.2022
3	4	21.2022
3	33	21.1378
12	15	21.0615
13	14	21.0615
16	22	20.9533
0	26	20.9251
0	22	20.8967
2	22	20.893
2	12	20.8688
1	18	20.8234
0	19	20.8234
18	32	20.8127
0	34	20.8037
32	34	20.6443
12	22	20.6266
2	30	20.4233
17	28	20.324
16	29	20.324
9	10	20.3215
8	11	20.3215
12	18	20.2753
8	20	20.1876
26	34	20.1772
4	10	20.0545
10	32	20.0486
6	28	20.031
22	34	19.775
14	16	19.6679
29	34	19.5684
28	35	19.5684
2	37	19.521
3	36	19.521
15	32	19.426
14	33	19.426
6	33	19.2883
7	32	19.2883
6	20	19.264
30	32	19.2246
18	36	19.197
6	16	19.1961
0	30	19.0913
30	36	19.0382
12	26	18.8798
8	32	18.7471
20	22	18.644
14	26	18.6318
6	18	18.3244
32	36	18.2452
14	22	18.0893
6	8	18.0383
11	36	17.8649
10	37	17.8649
16	26	17.7996
7	24	17.7531
6	25	17.7531
1	4	17.6609
0	5	17.6609
14	21	17.5578
15	20	17.5578
26	29	17.4939
27	28	17.4939
6	12	17.393
8	16	17.3575
18	26	17.0784
1	10	17.0588
0	11	17.0588
15	36	16.9309
14	37	16.9309
20	26	16.7833
16	24	16.7698
8	30	16.6028
26	30	16.591
6	10	16.5602
4	6	16.5062
10	12	16.2882
0	8	16.2715
2	14	16.2183
4	16	16.2118
10	30	16.1007
26	36	15.9976
14	19	15.9291
15	18	15.9291
8	22	15.9075
2	9	15.9015
3	8	15.9015
22	28	15.7724
8	36	15.6464
6	14	15.5716
22	32	15.5512
18	22	15.5422
22	26	15.4372
8	18	15.3685
5	28	15.1191
4	29	15.1191
2	6	15.0249
24	32	14.9008
8	26	14.8612
4	24	14.6685
10	24	14.6413
10	16	14.5987
12	20	14.5818
0	16	14.4204
0	2	14.395
8	34	14.3311
0	24	-14.3097
4	36	14.2915
10	26	14.257
2	29	14.2186
3	28	14.2186
13	24	14.2079
12	25	14.2079
2	20	14.1644
2	26	14.1167
14	34	13.9685
22	36	13.9427
24	30	13.7502
15	24	13.6581
14	25	13.6581
19	29	13.6186
23	25	13.584
4	22	13.4435
4	26	13.3734
4	8	13.0297
2	10	13.0114
24	26	12.7859
16	32	12.65
1	15	12.4737
28	32	12.4234
2	18	12.3337
1	20	12.3183
0	21	12.3183
10	14	12.2122
8	24	12.2054
20	29	-11.9887
21	28	-11.9887
8	29	11.5199
9	28	11.5199
20	36	11.4039
18	24	11.0513
10	22	11.0051
2	24	10.9363
9	15	10.8943
28	30	10.8082
6	36	10.7901
34	36	10.7029
8	12	10.6143
2	4	10.6011
2	33	10.5689
3	32	10.5689
12	14	10.5307
0	18	10.4117
15	31	10.3011
16	28	10.162
8	10	10.1607
28	34	9.78421
2	36	9.76049
14	32	9.71301
6	32	9.64415
10	36	8.93243
6	24	8.87656
0	4	8.83047
14	20	8.77891
26	28	8.74697
0	10	8.52939
14	36	8.46543
14	18	7.96456
2	8	7.95073
4	28	7.55956
5	15	7.28171
15	29	7.20548
2	28	7.10929
12	24	7.10395
14	24	6.82907
18	29	6.8093
19	28	6.8093
23	24	6.79198
22	25	6.79198
1	14	6.23684
0	15	6.23684
0	20	6.15915
20	28	-5.99436
8	28	5.75994
9	14	5.44716
8	15	5.44716
2	32	5.28445
15	30	5.15054
14	31	5.15054
5	14	3.64086
4	15	3.64086
14	29	3.60274
15	28	3.60274
18	28	3.40465
22	24	3.39599
11	29	3.38618
0	14	3.11842
8	14	2.72358
14	30	2.57527
4	14	1.82043
14	28	1.80137
10	29	1.69309
11	28	1.69309
25	37	-1.39377
10	28	0.846546
25	36	-0.696886
24	37	-0.696886
24	36	-0.348443
