21	35	4.35394
27	35	4.34785
21	27	4.22781
7	35	4.19599
7	21	4.19491
17	21	4.09993
7	17	4.09066
7	27	4.07479
11	33	4.07379
11	35	4.036
13	37	4.03223
7	33	4.03204
7	11	4.0317
17	35	4.0286
25	37	-4.0223
33	35	4.02225
29	37	4.01704
15	37	4.01687
17	27	4.01404
31	33	4.01262
11	27	4.01245
27	33	4.01245
11	17	4.01022
13	15	4.00861
23	29	4.00759
11	31	4.0044
17	33	4.00413
15	29	4.00375
11	25	4.00373
21	33	4.00329
11	21	4.00328
27	31	4.00312
31	35	4.00293
7	31	4.00213
17	25	4.00202
13	29	4.00143
13	25	-4.00133
7	25	4.0013
25	33	4.00087
25	29	-4.00079
21	25	4.00062
23	37	4.00058
21	31	4.0004
25	27	4.00038
19	37	4.00033
15	25	-4.00033
3	19	4.00029
25	35	4.00026
1	9	4.00017
5	15	4.00016
11	37	-4.00011
17	31	4.00011
7	29	-4.00011
5	37	4.00011
13	23	4.00011
3	37	4.00009
7	37	-4.00008
7	23	-4.00006
1	29	4.00005
23	25	-4.00005
17	37	-4.00005
33	37	-4.00005
13	33	-4.00004
25	31	4.00003
21	29	-4.00003
5	29	4.00003
27	29	-4.00002
3	13	4.00002
7	13	-4.00002
1	37	4.00002
3	29	4.00002
5	25	-4.00002
5	13	4.00001
21	37	-4.00001
13	27	-4.00001
15	33	-4.00001
5	17	-4.00001
3	25	-4.00001
11	13	-4.00001
27	37	-4.00001
1	25	-4.00001
11	29	-4.00001
29	35	-4.00001
15	31	-4.00001
1	21	-4.00001
15	27	-4.00001
1	5	4.00001
13	19	4
13	21	-4
7	15	-4
15	23	4
35	37	-4
13	35	-4
11	15	-4
23	33	-4
17	29	-4
19	25	-4
17	23	-4
21	23	-4
11	23	-4
29	33	-4
13	17	-4
15	17	-4
15	35	-4
19	23	4
13	31	-4
5	33	-4
31	37	-4
5	9	4
23	27	-4
5	23	4
1	17	-4
1	7	-4
1	23	4
3	15	4
3	11	-4
5	21	-4
15	21	-4
9	29	4
3	23	4
1	15	4
23	35	-4
3	27	-4
19	29	4
1	27	-4
5	7	-4
9	21	-4
11	19	-4
1	13	4
9	23	4
1	35	-4
5	35	-4
5	11	-4
9	17	-4
5	27	-4
3	35	-4
29	31	-4
7	9	-4
9	37	4
9	35	-4
3	21	-4
3	33	-4
9	25	-4
1	33	-4
9	15	4
9	27	-4
3	7	-4
23	31	-4
7	19	-4
9	33	-4
19	31	-4
19	33	-4
1	11	-4
19	27	-4
1	3	4
15	19	4
3	31	-4
3	17	-4
17	19	-4
19	21	-4
19	35	-4
5	31	-4
9	11	-4
1	31	-4
1	19	4
9	13	4
9	31	-4
3	5	4
3	9	4
5	19	4
9	19	4
32	33	4
30	31	4
34	35	4
14	15	4
28	29	4
26	27	4
24	25	4
22	23	4
20	21	4
8	9	4
10	11	4
18	19	4
16	17	4
12	13	4
6	7	4
0	1	4
36	37	4
2	3	4
4	5	4
21	34	2.17697
20	35	2.17697
26	35	2.17392
27	34	2.17392
21	26	2.11391
20	27	2.11391
7	34	2.098
6	35	2.098
7	20	2.09745
6	21	2.09745
16	21	2.04996
17	20	2.04996
7	16	2.04533
6	17	2.04533
6	27	2.0374
7	26	2.0374
11	32	2.03689
10	33	2.03689
11	34	2.018
10	35	2.018
12	37	2.01611
13	36	2.01611
7	32	2.01602
6	33	2.01602
6	11	2.01585
7	10	2.01585
17	34	2.0143
16	35	2.0143
24	37	-2.01115
25	36	-2.01115
33	34	2.01112
32	35	2.01112
28	37	2.00852
29	36	2.00852
14	37	2.00843
15	36	2.00843
17	26	2.00702
16	27	2.00702
30	33	2.00631
31	32	2.00631
11	26	2.00623
10	27	2.00623
27	32	2.00623
26	33	2.00623
10	17	2.00511
11	16	2.00511
13	14	2.0043
12	15	2.0043
22	29	2.0038
23	28	2.0038
10	31	2.0022
11	30	2.0022
16	33	2.00207
17	32	2.00207
15	28	2.00187
14	29	2.00187
11	24	2.00187
10	25	2.00187
21	32	2.00165
20	33	2.00165
11	20	2.00164
10	21	2.00164
27	30	2.00156
26	31	2.00156
31	34	2.00147
30	35	2.00147
6	31	2.00107
7	30	2.00107
16	25	2.00101
17	24	2.00101
13	28	2.00072
12	29	2.00072
12	25	-2.00067
13	24	-2.00067
6	25	2.00065
7	24	2.00065
25	32	2.00043
24	33	2.00043
25	28	-2.00039
24	29	-2.00039
21	24	2.00031
20	25	2.00031
22	37	2.00029
23	36	2.00029
20	31	2.0002
21	30	2.0002
25	26	2.00019
24	27	2.00019
19	36	2.00017
18	37	2.00017
14	25	-2.00017
15	24	-2.00017
3	18	2.00015
2	19	2.00015
24	35	2.00013
25	34	2.00013
1	8	2.00009
0	9	2.00009
5	14	2.00008
4	15	2.00008
10	37	-2.00006
11	36	-2.00006
17	30	2.00006
16	31	2.00006
6	29	-2.00005
7	28	-2.00005
5	36	2.00005
4	37	2.00005
13	22	2.00005
12	23	2.00005
2	37	2.00004
3	36	2.00004
7	36	-2.00004
6	37	-2.00004
7	22	-2.00003
6	23	-2.00003
0	29	2.00003
1	28	2.00003
23	24	-2.00002
22	25	-2.00002
17	36	-2.00002
16	37	-2.00002
32	37	-2.00002
33	36	-2.00002
13	32	-2.00002
12	33	-2.00002
24	31	2.00002
25	30	2.00002
21	28	-2.00001
20	29	-2.00001
5	28	2.00001
4	29	2.00001
26	29	-2.00001
27	28	-2.00001
2	13	2.00001
3	12	2.00001
7	12	-2.00001
6	13	-2.00001
1	36	2.00001
0	37	2.00001
3	28	2.00001
2	29	2.00001
4	25	-2.00001
5	24	-2.00001
4	13	2.00001
5	12	2.00001
20	37	-2.00001
21	36	-2.00001
12	27	-2.00001
13	26	-2.00001
15	32	-2.00001
14	33	-2.00001
5	16	-2.00001
4	17	-2.00001
2	25	-2.00001
3	24	-2.00001
10	13	-2
11	12	-2
26	37	-2
27	36	-2
0	25	-2
1	24	-2
10	29	-2
11	28	-2
29	34	-2
28	35	-2
14	31	-2
15	30	-2
0	21	-2
1	20	-2
14	27	-2
15	26	-2
0	5	2
1	4	2
13	18	2
12	19	2
13	20	-2
12	21	-2
6	15	-2
7	14	-2
15	22	2
14	23	2
35	36	-2
34	37	-2
13	34	-2
12	35	-2
10	15	-2
11	14	-2
23	32	-2
22	33	-2
17	28	-2
16	29	-2
19	24	-2
18	25	-2
16	23	-2
17	22	-2
20	23	-2
21	22	-2
11	22	-2
10	23	-2
29	32	-2
28	33	-2
12	17	-2
13	16	-2
15	16	-2
14	17	-2
14	35	-2
15	34	-2
18	23	2
19	22	2
12	31	-2
13	30	-2
4	33	-2
5	32	-2
31	36	-2
30	37	-2
4	9	2
5	8	2
23	26	-2
22	27	-2
4	23	2
5	22	2
0	17	-2
1	16	-2
1	6	-2
0	7	-2
0	23	2
1	22	2
3	14	2
2	15	2
2	11	-2
3	10	-2
4	21	-2
5	20	-2
15	20	-2
14	21	-2
8	29	2
9	28	2
3	22	2
2	23	2
0	15	2
1	14	2
22	35	-2
23	34	-2
2	27	-2
3	26	-2
19	28	2
18	29	2
1	26	-2
0	27	-2
5	6	-2
4	7	-2
9	20	-2
8	21	-2
10	19	-2
11	18	-2
0	13	2
1	12	2
8	23	2
9	22	2
0	35	-2
1	34	-2
4	35	-2
5	34	-2
5	10	-2
4	11	-2
9	16	-2
8	17	-2
5	26	-2
4	27	-2
2	35	-2
3	34	-2
29	30	-2
28	31	-2
7	8	-2
6	9	-2
8	37	2
9	36	2
9	34	-2
8	35	-2
2	21	-2
3	20	-2
3	32	-2
2	33	-2
8	25	-2
9	24	-2
1	32	-2
0	33	-2
9	14	2
8	15	2
8	27	-2
9	26	-2
2	7	-2
3	6	-2
23	30	-2
22	31	-2
6	19	-2
7	18	-2
8	33	-2
9	32	-2
19	30	-2
18	31	-2
19	32	-2
18	33	-2
1	10	-2
0	11	-2
19	26	-2
18	27	-2
1	2	2
0	3	2
14	19	2
15	18	2
3	30	-2
2	31	-2
2	17	-2
3	16	-2
16	19	-2
17	18	-2
19	20	-2
18	21	-2
18	35	-2
19	34	-2
5	30	-2
4	31	-2
8	11	-2
9	10	-2
0	31	-2
1	30	-2
1	18	2
0	19	2
8	13	2
9	12	2
9	30	-2
8	31	-2
2	5	2
3	4	2
3	8	2
2	9	2
5	18	2
4	19	2
8	19	2
9	18	2
20	34	1.08849
26	34	1.08696
20	26	1.05695
6	34	1.049
6	20	1.04873
16	20	1.02498
6	16	1.02266
6	26	1.0187
10	32	1.01845
10	34	1.009
12	36	1.00806
6	32	1.00801
6	10	1.00793
16	34	1.00715
24	36	-1.00557
32	34	1.00556
28	36	1.00426
14	36	1.00422
16	26	1.00351
30	32	1.00315
10	26	1.00311
26	32	1.00311
10	16	1.00256
12	14	1.00215
22	28	1.0019
10	30	1.0011
16	32	1.00103
14	28	1.00094
10	24	1.00093
20	32	1.00082
10	20	1.00082
26	30	1.00078
30	34	1.00073
6	30	1.00053
16	24	1.0005
12	28	1.00036
12	24	-1.00033
6	24	1.00032
24	32	1.00022
24	28	-1.0002
20	24	1.00016
22	36	1.00014
20	30	1.0001
24	26	1.0001
18	36	1.00008
14	24	-1.00008
2	18	1.00007
24	34	1.00007
0	8	1.00004
4	14	1.00004
10	36	-1.00003
16	30	1.00003
6	28	-1.00003
4	36	1.00003
12	22	1.00003
2	36	1.00002
6	36	-1.00002
6	22	-1.00002
0	28	1.00001
22	24	-1.00001
16	36	-1.00001
32	36	-1.00001
12	32	-1.00001
24	30	1.00001
20	28	-1.00001
4	28	1.00001
26	28	-1.00001
2	12	1.00001
6	12	-1.00001
0	36	1
2	28	1
4	24	-1
4	12	1
20	36	-1
12	26	-1
14	32	-1
4	16	-1
2	24	-1
10	12	-1
26	36	-1
0	24	-1
10	28	-1
28	34	-1
14	30	-1
0	20	-1
14	26	-1
0	4	1
12	18	1
12	20	-1
6	14	-1
14	22	1
34	36	-1
12	34	-1
10	14	-1
22	32	-1
16	28	-1
18	24	-1
16	22	-1
20	22	-1
10	22	-1
28	32	-1
12	16	-1
14	16	-1
14	34	-1
18	22	1
12	30	-1
4	32	-1
30	36	-1
4	8	1
22	26	-1
4	22	1
0	16	-1
0	6	-1
0	22	1
2	14	1
2	10	-1
4	20	-1
14	20	-1
8	28	1
2	22	1
0	14	1
22	34	-1
2	26	-1
18	28	1
0	26	-1
4	6	-1
8	20	-1
10	18	-1
0	12	1
8	22	1
0	34	-1
4	34	-1
4	10	-1
8	16	-1
4	26	-1
2	34	-1
28	30	-1
6	8	-1
8	36	1
8	34	-1
2	20	-1
2	32	-1
8	24	-1
0	32	-1
8	14	1
8	26	-1
2	6	-1
22	30	-1
6	18	-1
8	32	-1
18	30	-1
18	32	-1
0	10	-1
18	26	-1
0	2	1
14	18	1
2	30	-1
2	16	-1
16	18	-1
18	20	-1
18	34	-1
4	30	-1
8	10	-1
0	30	-1
0	18	1
8	12	1
8	30	-1
2	4	1
2	8	1
4	18	1
8	18	1
