0	1	2
74	75	2
72	73	2
70	71	2
68	69	2
66	67	2
64	65	2
62	63	2
60	61	2
58	59	2
56	57	2
54	55	2
52	53	2
50	51	2
48	49	2
76	77	2
46	47	2
42	43	2
146	147	2
40	41	2
38	39	2
36	37	2
34	35	2
32	33	2
30	31	2
28	29	2
26	27	2
24	25	2
22	23	2
20	21	2
18	19	2
44	45	2
78	79	2
80	81	2
82	83	2
144	145	2
142	143	2
140	141	2
138	139	2
136	137	2
134	135	2
132	133	2
130	131	2
128	129	2
126	127	2
124	125	2
122	123	2
120	121	2
118	119	2
116	117	2
114	115	2
112	113	2
84	85	2
86	87	2
88	89	2
90	91	2
92	93	2
94	95	2
16	17	2
96	97	2
100	101	2
102	103	2
104	105	2
106	107	2
108	109	2
110	111	2
98	99	2
14	15	2
148	149	2
6	7	2
8	9	2
4	5	2
10	11	2
2	3	2
12	13	2
99	127	0.00993269
5	63	0.00825403
23	83	0.00522596
99	126	0.00496635
98	127	0.00496635
29	41	0.00451399
5	62	0.00412702
4	63	0.00412702
17	69	0.00407379
13	81	0.00364013
23	82	0.00261298
22	83	0.00261298
98	126	0.00248317
28	41	0.00225699
29	40	0.00225699
4	62	0.00206351
16	69	0.00203689
17	68	0.00203689
12	81	0.00182006
13	80	0.00182006
1	21	0.0014877
17	145	0.001446
22	82	0.00130649
119	143	0.00117785
28	40	0.0011285
16	68	0.00101845
12	80	0.000910032
7	57	0.000858518
69	145	0.000799874
0	21	0.000743849
1	20	0.000743849
17	144	0.000722999
16	145	0.000722999
7	17	0.000697737
119	142	0.000588925
118	143	0.000588925
6	57	0.000429259
7	56	0.000429259
25	61	0.000404208
69	144	0.000399937
68	145	0.000399937
0	20	0.000371924
107	113	0.000367678
16	144	0.0003615
63	113	0.000352913
6	17	0.000348869
7	16	0.000348869
17	29	0.000332827
118	142	0.000294463
27	91	0.000241611
6	56	0.00021463
24	61	0.000202104
25	60	0.000202104
68	144	0.000199968
63	107	0.000196753
106	113	0.000183839
107	112	0.000183839
63	112	0.000176456
62	113	0.000176456
6	16	0.000174434
16	29	0.000166413
17	28	0.000166413
113	133	0.000144165
27	90	0.000120805
26	91	0.000120805
24	60	0.000101052
63	106	9.83763e-05
62	107	9.83763e-05
106	112	9.19196e-05
62	112	8.82282e-05
16	28	8.32067e-05
51	65	8.10505e-05
113	132	7.20824e-05
112	133	7.20824e-05
26	90	6.04027e-05
62	106	4.91881e-05
17	57	4.90125e-05
5	113	4.44962e-05
29	57	4.39614e-05
29	145	4.39402e-05
50	65	4.05253e-05
51	64	4.05253e-05
112	132	3.60412e-05
41	57	3.19008e-05
16	57	2.45063e-05
17	56	2.45063e-05
4	113	2.22481e-05
5	112	2.22481e-05
29	56	2.19807e-05
28	57	2.19807e-05
28	145	2.19701e-05
29	144	2.19701e-05
50	64	2.02626e-05
5	107	1.71693e-05
41	56	1.59504e-05
40	57	1.59504e-05
115	127	1.53785e-05
31	123	1.42544e-05
16	56	1.22531e-05
4	112	1.1124e-05
28	56	1.09903e-05
28	144	1.09851e-05
4	107	8.58463e-06
5	106	8.58463e-06
40	56	7.9752e-06
115	126	7.68924e-06
114	127	7.68924e-06
31	122	7.12719e-06
30	123	7.12719e-06
5	133	6.34025e-06
7	29	5.35639e-06
4	106	4.29231e-06
114	126	3.84462e-06
17	41	3.74113e-06
30	122	3.5636e-06
9	33	3.25323e-06
5	132	3.17012e-06
4	133	3.17012e-06
21	105	3.16521e-06
55	79	3.01692e-06
63	133	3.00859e-06
7	28	2.67819e-06
6	29	2.67819e-06
131	141	2.39532e-06
16	41	1.87056e-06
17	40	1.87056e-06
107	133	1.80794e-06
13	67	1.65265e-06
8	33	1.62661e-06
9	32	1.62661e-06
4	132	1.58506e-06
20	105	1.5826e-06
21	104	1.5826e-06
54	79	1.50846e-06
55	78	1.50846e-06
62	133	1.5043e-06
63	132	1.5043e-06
6	28	1.3391e-06
33	47	1.30857e-06
53	129	1.25031e-06
130	141	1.19766e-06
131	140	1.19766e-06
81	105	1.00308e-06
16	40	9.35282e-07
106	133	9.03969e-07
107	132	9.03969e-07
12	67	8.26323e-07
13	66	8.26323e-07
8	32	8.13307e-07
20	104	7.91302e-07
54	78	7.54229e-07
62	132	7.52148e-07
47	79	7.44451e-07
33	46	6.54283e-07
32	47	6.54283e-07
52	129	6.25154e-07
53	128	6.25154e-07
130	140	5.98829e-07
80	105	5.01538e-07
81	104	5.01538e-07
7	41	4.89837e-07
79	87	4.70906e-07
106	132	4.51985e-07
12	66	4.13162e-07
13	105	3.88186e-07
47	78	3.72225e-07
46	79	3.72225e-07
32	46	3.27141e-07
107	139	3.13439e-07
52	128	3.12577e-07
35	111	3.07059e-07
47	55	2.94497e-07
80	104	2.50769e-07
6	41	2.44918e-07
7	40	2.44918e-07
79	86	2.35453e-07
78	87	2.35453e-07
117	147	2.12754e-07
13	104	1.94093e-07
12	105	1.94093e-07
46	78	1.86113e-07
7	69	1.74642e-07
29	69	1.63807e-07
107	138	1.5672e-07
106	139	1.5672e-07
35	110	1.53529e-07
34	111	1.53529e-07
46	55	1.47248e-07
47	54	1.47248e-07
1	67	1.37736e-07
41	145	1.2995e-07
6	40	1.22459e-07
21	67	1.22171e-07
78	86	1.17727e-07
117	146	1.06377e-07
116	147	1.06377e-07
99	115	1.01963e-07
12	104	9.70465e-08
7	68	8.7321e-08
6	69	8.7321e-08
29	68	8.19035e-08
28	69	8.19035e-08
106	138	7.83598e-08
34	110	7.67647e-08
46	54	7.36242e-08
23	113	7.11984e-08
1	66	6.88681e-08
0	67	6.88681e-08
40	145	6.49751e-08
41	144	6.49751e-08
21	66	6.10857e-08
20	67	6.10857e-08
116	146	5.31885e-08
47	87	5.12763e-08
98	115	5.09817e-08
99	114	5.09817e-08
6	68	4.36605e-08
28	68	4.09517e-08
23	112	3.55992e-08
22	113	3.55992e-08
0	66	3.44341e-08
40	144	3.24875e-08
20	66	3.05429e-08
47	86	2.56382e-08
46	87	2.56382e-08
98	114	2.54908e-08
109	131	2.47556e-08
55	103	1.97395e-08
7	145	1.85691e-08
77	81	-1.85419e-08
22	112	1.77996e-08
55	87	1.70612e-08
19	25	1.44803e-08
49	113	-1.3919e-08
87	109	1.36535e-08
46	86	1.28191e-08
109	130	1.23778e-08
108	131	1.23778e-08
45	79	1.1684e-08
33	129	1.10592e-08
123	147	1.07394e-08
95	117	1.01802e-08
