17	23	205.553
16	17	203.167
11	29	198.415
3	33	197.961
9	35	131.309
28	29	128.836
32	33	127.775
2	3	120.373
11	33	119.689
3	5	119.667
36	37	116.499
20	21	113.902
22	23	110.596
1	15	110.557
11	17	-105.965
10	11	105.637
18	19	105.244
17	29	-104.939
11	15	104.385
5	15	103.683
17	22	102.776
16	23	102.776
13	37	100.404
15	37	99.9026
3	15	99.5008
10	29	99.2074
11	28	99.2074
3	32	98.9804
2	33	98.9804
35	37	95.9625
4	5	94.5531
13	35	94.2552
21	29	94.1326
5	37	94.095
11	21	93.8463
31	37	-93.2489
1	37	92.9385
13	19	92.7978
3	21	92.593
1	11	90.4437
1	21	89.8627
9	37	88.4955
9	13	87.7621
21	33	87.1212
1	3	86.5331
21	35	85.4715
5	33	84.8752
1	33	84.615
15	33	84.4067
29	33	84.1106
14	15	83.6523
1	35	83.0759
1	9	80.7827
15	35	80.0145
3	11	79.9903
13	15	79.8998
8	9	78.1727
24	25	77.5873
5	35	77.1798
7	37	75.2916
5	17	75.1077
1	13	74.3988
3	37	74.1169
3	7	73.6919
5	9	73.4954
19	35	72.659
9	19	71.7989
13	21	71.6207
23	25	71.5012
1	29	71.4999
7	33	70.6051
9	15	70.2633
15	29	70.1751
1	7	69.2474
34	35	68.8896
21	37	68.623
5	11	67.375
1	5	67.3475
7	21	66.9075
5	23	66.6762
23	37	66.3693
15	21	66.0201
7	17	65.7589
12	13	65.6745
9	34	65.6544
8	35	65.6544
0	1	65.3127
9	21	64.9317
5	25	64.8678
30	31	63.3695
19	33	-63.2096
3	27	62.6496
13	17	-62.1509
21	27	61.6016
10	33	59.8444
11	32	59.8444
2	5	59.8335
3	4	59.8335
7	25	59.0506
7	23	58.8665
27	29	57.9498
17	19	-57.8027
1	27	57.1101
3	25	55.2808
1	14	55.2783
0	15	55.2783
33	37	55.2244
3	19	-54.8921
7	11	54.8516
25	33	54.8029
9	25	54.7981
19	37	54.5215
5	7	53.8088
5	21	53.539
23	29	-53.0826
11	16	-52.9827
10	17	-52.9827
17	28	-52.4696
16	29	-52.4696
10	15	52.1925
11	14	52.1925
6	7	51.9478
4	15	51.8416
5	14	51.8416
1	25	51.5328
16	22	51.3882
17	35	-50.59
11	13	50.4903
12	37	50.202
13	36	50.202
14	37	49.9513
15	36	49.9513
15	19	49.8493
2	15	49.7504
3	14	49.7504
10	28	49.6037
2	32	49.4902
1	19	48.3102
1	23	48.2338
21	23	48.0808
7	29	47.9882
34	37	47.9812
35	36	47.9812
12	35	47.1276
13	34	47.1276
20	29	47.0663
21	28	47.0663
4	37	47.0475
5	36	47.0475
11	25	46.9349
10	21	46.9231
11	20	46.9231
30	37	-46.6245
31	36	-46.6245
1	36	46.4693
0	37	46.4693
13	18	46.3989
12	19	46.3989
3	20	46.2965
2	21	46.2965
25	35	45.7029
7	15	45.5782
27	33	45.5619
15	27	45.5022
29	31	45.2469
1	10	45.2219
0	11	45.2219
1	20	44.9314
0	21	44.9314
17	25	44.3102
9	36	44.2477
8	37	44.2477
8	13	43.8811
9	12	43.8811
20	33	43.5606
21	32	43.5606
5	27	43.4834
0	3	43.2666
1	2	43.2666
3	29	42.8673
26	27	42.8128
20	35	42.7357
21	34	42.7357
11	23	-42.7121
5	13	42.6089
5	32	42.4376
4	33	42.4376
0	33	42.3075
1	32	42.3075
3	17	42.2621
14	33	42.2034
15	32	42.2034
29	32	42.0553
28	33	42.0553
7	35	41.9687
17	37	41.9441
3	35	41.8148
0	35	41.5379
1	34	41.5379
19	21	41.4502
11	27	41.4234
7	27	40.8879
13	29	40.5131
1	8	40.3914
0	9	40.3914
11	35	40.2691
15	34	40.0072
14	35	40.0072
3	10	39.9951
2	11	39.9951
12	15	39.9499
13	14	39.9499
7	9	38.967
5	34	38.5899
4	35	38.5899
5	29	37.957
6	37	37.6458
7	36	37.6458
5	16	37.5538
4	17	37.5538
3	23	37.3783
1	12	37.1994
0	13	37.1994
3	36	37.0584
2	37	37.0584
3	6	36.846
2	7	36.846
5	8	36.7477
4	9	36.7477
27	35	36.6015
18	35	36.3295
19	34	36.3295
9	27	36.2826
8	19	35.8994
9	18	35.8994
13	20	35.8103
12	21	35.8103
22	25	35.7506
23	24	35.7506
1	28	35.7499
0	29	35.7499
15	23	35.5355
15	25	35.3454
6	33	35.3025
7	32	35.3025
7	13	35.2108
13	27	35.1641
8	15	35.1317
9	14	35.1317
15	28	35.0876
14	29	35.0876
17	21	-35.0835
0	7	34.6237
1	6	34.6237
20	37	34.3115
21	36	34.3115
3	9	34.053
5	10	33.6875
4	11	33.6875
1	4	33.6738
0	5	33.6738
6	21	33.4537
7	20	33.4537
4	23	33.3381
5	22	33.3381
19	25	33.2096
22	37	33.1847
23	36	33.1847
15	20	33.01
14	21	33.01
6	17	32.8794
7	16	32.8794
8	34	32.8272
8	21	32.4658
9	20	32.4658
21	25	32.463
4	25	32.4339
5	24	32.4339
31	35	-32.238
17	27	32.0753
19	32	-31.6048
18	33	-31.6048
2	27	31.3248
3	26	31.3248
13	16	-31.0754
12	17	-31.0754
11	37	30.8389
21	26	30.8008
20	27	30.8008
27	31	30.3825
10	32	29.9222
2	4	29.9168
7	24	29.5253
6	25	29.5253
6	23	29.4332
7	22	29.4332
13	25	29.3639
27	28	28.9749
26	29	28.9749
17	18	-28.9014
16	19	-28.9014
0	27	28.555
1	26	28.555
23	27	28.2374
3	24	27.6404
2	25	27.6404
0	14	27.6391
33	36	27.6122
32	37	27.6122
2	19	-27.446
3	18	-27.446
6	11	27.4258
7	10	27.4258
25	32	27.4015
24	33	27.4015
8	25	27.3991
9	24	27.3991
18	37	27.2607
19	36	27.2607
5	6	26.9044
4	7	26.9044
5	20	26.7695
4	21	26.7695
23	28	-26.5413
22	29	-26.5413
10	16	-26.4914
17	33	-26.2695
16	28	-26.2348
10	14	26.0963
4	14	25.9208
9	17	-25.9043
1	24	25.7664
0	25	25.7664
17	34	-25.295
16	35	-25.295
11	12	25.2452
10	13	25.2452
33	35	25.2094
12	36	25.101
13	31	-25.0866
14	36	24.9757
14	19	24.9246
15	18	24.9246
2	14	24.8752
0	19	24.1551
1	18	24.1551
0	23	24.1169
1	22	24.1169
20	23	24.0404
21	22	24.0404
6	29	23.9941
7	28	23.9941
34	36	23.9906
31	33	23.9257
11	31	23.7818
12	34	23.5638
20	28	23.5332
4	36	23.5237
10	25	23.4675
11	24	23.4675
10	20	23.4616
30	36	-23.3122
0	36	23.2346
12	18	23.1995
2	20	23.1482
25	34	22.8514
24	35	22.8514
6	15	22.7891
7	14	22.7891
27	32	22.7809
26	33	22.7809
14	27	22.7511
15	26	22.7511
23	31	-22.7465
21	31	-22.6557
29	30	22.6235
28	31	22.6235
0	10	22.6109
0	20	22.4657
25	37	22.3827
16	25	22.1551
17	24	22.1551
8	36	22.1239
8	12	21.9405
20	32	21.7803
5	26	21.7417
4	27	21.7417
9	23	21.7407
0	2	21.6333
3	28	21.4337
2	29	21.4337
20	34	21.3679
10	23	-21.356
11	22	-21.356
5	12	21.3044
4	13	21.3044
9	31	-21.29
4	32	21.2188
0	32	21.1538
2	17	21.131
3	16	21.131
14	32	21.1017
28	32	21.0277
7	34	20.9844
6	35	20.9844
16	37	20.9721
17	36	20.9721
2	35	20.9074
3	34	20.9074
0	34	20.769
19	20	20.7251
18	21	20.7251
10	27	20.7117
11	26	20.7117
6	27	20.444
7	26	20.444
13	28	20.2566
12	29	20.2566
0	8	20.1957
10	35	20.1345
11	34	20.1345
7	31	-20.0481
14	34	20.0036
2	10	19.9976
12	14	19.975
7	8	19.4835
6	9	19.4835
4	34	19.2949
19	29	-19.1444
5	28	18.9785
4	29	18.9785
6	36	18.8229
4	16	18.7769
27	37	18.7127
3	22	18.6892
2	23	18.6892
9	33	18.679
0	12	18.5997
9	29	-18.5643
2	36	18.5292
2	6	18.423
4	8	18.3738
27	34	18.3008
26	35	18.3008
19	27	18.2432
18	34	18.1648
9	26	18.1413
8	27	18.1413
8	18	17.9497
12	20	17.9052
22	24	17.8753
0	28	17.875
14	23	17.7677
15	22	17.7677
15	24	17.6727
14	25	17.6727
6	32	17.6513
7	12	17.6054
6	13	17.6054
12	27	17.582
13	26	17.582
8	14	17.5658
14	28	17.5438
17	20	-17.5418
16	21	-17.5418
19	31	-17.453
0	6	17.3118
20	36	17.1557
15	17	-17.0588
3	8	17.0265
2	9	17.0265
15	31	-16.9215
4	10	16.8437
0	4	16.8369
6	20	16.7269
4	22	16.6691
18	25	16.6048
19	24	16.6048
22	36	16.5923
14	20	16.505
6	16	16.4397
8	20	16.2329
20	25	16.2315
21	24	16.2315
4	24	16.217
31	34	-16.119
30	35	-16.119
16	27	16.0376
17	26	16.0376
18	32	-15.8024
2	26	15.6624
12	16	-15.5377
10	37	15.4195
11	36	15.4195
20	26	15.4004
26	31	15.1912
27	30	15.1912
3	13	15.1075
17	31	14.8921
6	24	14.7627
6	22	14.7166
13	24	14.682
12	25	14.682
26	28	14.4875
16	18	-14.4507
0	26	14.2775
23	26	14.1187
22	27	14.1187
2	24	13.8202
32	36	13.8061
2	18	-13.723
6	10	13.7129
24	32	13.7007
8	24	13.6995
18	36	13.6304
4	6	13.4522
4	20	13.3847
22	28	-13.2706
3	31	13.2539
17	32	-13.1348
16	33	-13.1348
25	31	13.1001
9	16	-12.9521
8	17	-12.9521
0	24	12.8832
5	19	12.6753
16	34	-12.6475
10	12	12.6226
33	34	12.6047
32	35	12.6047
13	30	-12.5433
12	31	-12.5433
14	18	12.4623
13	33	-12.346
5	31	-12.3134
0	18	12.0775
0	22	12.0584
20	22	12.0202
6	28	11.997
30	33	11.9628
31	32	11.9628
11	30	11.8909
10	31	11.8909
10	24	11.7337
24	34	11.4257
6	14	11.3946
26	32	11.3905
14	26	11.3756
23	30	-11.3733
22	31	-11.3733
21	30	-11.3279
20	31	-11.3279
28	30	11.3117
23	35	11.2179
25	36	11.1914
24	37	11.1914
16	24	11.0775
25	27	10.8828
4	26	10.8709
9	22	10.8703
8	23	10.8703
2	28	10.7168
10	22	-10.678
4	12	10.6522
9	30	-10.645
8	31	-10.645
2	16	10.5655
6	34	10.4922
16	36	10.486
2	34	10.4537
18	20	10.3626
10	26	10.3559
6	26	10.222
12	28	10.1283
10	34	10.0673
6	31	-10.024
7	30	-10.024
29	35	9.81566
6	8	9.74175
18	29	-9.57219
19	28	-9.57219
9	11	9.50697
4	28	9.48926
27	36	9.35634
26	37	9.35634
2	22	9.34458
9	32	9.33949
8	33	9.33949
8	29	-9.28215
9	28	-9.28215
26	34	9.15038
18	27	9.1216
19	26	9.1216
8	26	9.07064
25	29	8.89547
14	22	8.88387
14	24	8.83635
6	12	8.80269
12	26	8.79102
16	20	-8.77088
18	31	-8.72648
19	30	-8.72648
15	16	-8.52938
14	17	-8.52938
2	8	8.51325
14	31	-8.46075
15	30	-8.46075
18	24	8.3024
23	33	-8.23575
20	24	8.11575
30	34	-8.0595
16	26	8.01882
10	36	7.70974
26	30	7.59562
3	12	7.55376
2	13	7.55376
17	30	7.44603
16	31	7.44603
12	24	7.34098
11	19	-7.0754
22	26	7.05934
7	19	6.71095
3	30	6.62695
2	31	6.62695
16	32	-6.56738
24	31	6.55004
25	30	6.55004
8	16	-6.47606
4	19	6.33766
5	18	6.33766
32	34	6.30234
12	30	-6.27165
13	32	-6.17298
12	33	-6.17298
5	30	-6.15668
4	31	-6.15668
30	32	5.98142
10	30	5.94545
13	23	5.8059
22	30	-5.68663
20	30	-5.66393
23	34	5.60897
22	35	5.60897
24	36	5.59568
24	27	5.44142
25	26	5.44142
8	22	5.43517
8	30	-5.32249
6	30	-5.01202
29	34	4.90783
28	35	4.90783
18	28	-4.78609
9	10	4.75349
8	11	4.75349
26	36	4.67817
8	32	4.66974
8	28	-4.64107
18	26	4.5608
25	28	4.44773
24	29	4.44773
18	30	-4.36324
14	16	-4.26469
14	30	-4.23037
22	33	-4.11788
23	32	-4.11788
29	37	3.8181
2	12	3.77688
16	30	3.72301
10	19	-3.5377
11	18	-3.5377
6	19	3.35548
7	18	3.35548
2	30	3.31348
24	30	3.27502
4	18	3.16883
12	32	-3.08649
4	30	-3.07834
12	23	2.90295
13	22	2.90295
22	34	2.80448
1	31	-2.74762
24	26	2.72071
28	34	2.45392
8	10	2.37674
24	28	2.22387
22	32	-2.05894
29	36	1.90905
28	37	1.90905
19	23	1.89721
10	18	-1.76885
6	18	1.67774
12	22	1.45147
1	17	-1.41976
1	30	-1.37381
0	31	-1.37381
28	36	0.954526
19	22	0.948604
18	23	0.948604
1	16	-0.709879
0	17	-0.709879
0	30	-0.686906
18	22	0.474302
0	16	-0.354939
