9	21	230.751
7	35	194.41
1	9	185.08
16	17	180.296
15	23	169.771
3	23	164.462
3	15	159.07
1	21	158.505
7	33	149.581
33	35	148.71
5	7	146.279
20	21	142.73
1	35	140.993
5	35	137.733
27	31	135.251
1	7	133.242
7	37	126.517
34	35	125.552
6	7	122.348
8	9	119.312
5	33	118.988
7	11	116.949
7	9	115.804
9	20	115.375
8	21	115.375
0	1	114.424
7	21	112.424
13	35	110.1
11	19	109.527
27	33	108.663
14	15	108.234
32	33	107.047
9	35	107.025
7	23	106.062
23	35	105.193
30	31	103.967
22	23	100.292
5	9	99.3785
1	33	99.2333
7	34	97.2051
6	35	97.2051
17	31	96.976
1	13	96.7741
21	35	95.3336
9	33	94.792
5	23	94.7026
3	7	93.2262
17	27	93.0755
13	21	92.7152
1	8	92.5402
0	9	92.5402
9	13	91.1935
5	21	89.4859
7	15	88.5102
1	5	88.0752
36	37	87.8616
3	35	87.2442
26	27	87.1447
31	33	86.9745
3	5	86.8284
2	3	86.275
19	25	86.0816
35	37	85.629
5	15	85.4685
7	31	85.3795
14	23	84.8857
15	22	84.8857
5	11	84.4636
7	19	84.0865
7	27	82.7813
2	23	82.2308
3	22	82.2308
1	37	81.4367
31	35	81.0949
1	23	80.7942
4	5	79.9156
11	33	79.5562
3	14	79.5348
2	15	79.5348
1	20	79.2524
0	21	79.2524
15	35	78.9402
21	33	77.9978
12	13	77.1421
5	29	76.6099
27	35	75.9797
6	33	74.7907
7	32	74.7907
33	34	74.3552
32	35	74.3552
13	33	73.7685
5	6	73.1393
4	7	73.1393
7	13	71.1831
23	33	71.1178
28	29	70.7278
10	11	70.5837
9	37	70.4968
1	34	70.4963
0	35	70.4963
3	33	70.1236
11	35	69.5653
4	35	68.8664
5	34	68.8664
5	13	68.5204
26	31	67.6257
27	30	67.6257
0	7	66.6211
1	6	66.6211
11	17	66.4623
33	37	66.3608
18	19	66.3365
1	11	66.2899
17	19	65.426
19	23	65.0938
11	25	64.9439
13	37	64.5815
1	19	64.2431
5	19	63.9418
9	11	63.5132
13	29	63.3926
7	36	63.2586
6	37	63.2586
15	25	63.0654
1	17	-62.65
11	21	61.9238
11	27	61.9027
19	33	61.7578
5	25	61.3202
1	3	60.6604
21	29	60.4344
15	19	60.4179
13	23	60.3487
13	25	59.7682
25	29	59.6368
4	33	59.4941
5	32	59.4941
29	33	59.439
7	10	58.4746
6	11	58.4746
23	25	58.341
21	37	58.0834
5	31	57.9939
7	8	57.9022
6	9	57.9022
8	20	57.6876
17	25	57.528
1	25	57.5084
19	35	57.2483
9	17	-57.189
7	20	56.2119
6	21	56.2119
12	35	55.0502
13	34	55.0502
9	29	54.9565
11	18	54.7637
10	19	54.7637
5	37	54.7242
11	31	54.4045
26	33	54.3315
27	32	54.3315
1	15	54.0565
8	35	53.5127
9	34	53.5127
6	23	53.0309
7	22	53.0309
23	37	52.9171
22	35	52.5963
23	34	52.5963
25	33	52.2888
7	25	51.6561
15	37	50.7585
19	27	50.5047
3	25	49.9643
24	25	49.8106
5	8	49.6892
4	9	49.6892
23	29	49.656
1	32	49.6166
0	33	49.6166
6	34	48.6025
17	30	48.488
16	31	48.488
1	12	48.387
0	13	48.387
3	37	48.3069
19	21	48.0824
9	19	47.9142
3	13	47.7232
20	35	47.6668
21	34	47.6668
8	33	47.396
9	32	47.396
4	23	47.3513
5	22	47.3513
5	27	46.6752
2	7	46.6131
3	6	46.6131
16	27	46.5378
17	26	46.5378
3	19	46.4311
12	21	46.3576
13	20	46.3576
0	8	46.2701
25	35	45.7798
11	15	45.6519
8	13	45.5968
9	12	45.5968
5	20	44.7429
4	21	44.7429
11	23	44.4985
7	14	44.2551
6	15	44.2551
0	5	44.0376
1	4	44.0376
2	35	43.6221
3	34	43.6221
30	33	43.4872
31	32	43.4872
2	5	43.4142
3	4	43.4142
21	25	43.3673
18	25	43.0408
19	24	43.0408
35	36	42.8145
34	37	42.8145
4	15	42.7342
5	14	42.7342
6	31	42.6897
7	30	42.6897
15	33	42.5803
9	25	42.5206
14	22	42.4429
5	10	42.2318
4	11	42.2318
7	18	42.0432
6	19	42.0432
9	23	41.7681
7	26	41.3907
6	27	41.3907
2	22	41.1154
1	36	40.7183
0	37	40.7183
30	35	40.5475
31	34	40.5475
0	23	40.3971
1	22	40.3971
17	21	-39.8601
10	33	39.7781
11	32	39.7781
2	14	39.7674
29	35	39.6644
0	20	39.6262
14	35	39.4701
15	34	39.4701
21	32	38.9989
20	33	38.9989
4	29	38.3049
5	28	38.3049
3	29	38.0668
27	34	37.9899
26	35	37.9899
27	37	37.4756
6	32	37.3953
32	34	37.1776
13	32	36.8842
12	33	36.8842
4	6	36.5697
21	23	36.1294
17	23	-35.9863
7	12	35.5915
6	13	35.5915
22	33	35.5589
23	32	35.5589
8	37	35.2484
9	36	35.2484
0	34	35.2482
3	32	35.0618
2	33	35.0618
10	35	34.7826
11	34	34.7826
4	34	34.4332
4	13	34.2602
5	12	34.2602
26	30	33.8129
0	6	33.3105
10	17	33.2311
11	16	33.2311
32	37	33.1804
33	36	33.1804
0	11	33.145
1	10	33.145
17	18	32.713
16	19	32.713
19	22	32.5469
18	23	32.5469
10	25	32.4719
11	24	32.4719
12	37	32.2908
13	36	32.2908
17	29	32.2452
25	27	32.2337
0	19	32.1216
1	18	32.1216
5	18	31.9709
4	19	31.9709
8	11	31.7566
9	10	31.7566
13	28	31.6963
12	29	31.6963
6	36	31.6293
13	27	31.5419
14	25	31.5327
15	24	31.5327
3	11	31.516
19	29	31.5131
1	16	-31.325
0	17	-31.325
27	29	31.2165
11	20	30.9619
10	21	30.9619
10	27	30.9513
11	26	30.9513
3	17	-30.9345
13	15	30.9325
18	33	30.8789
19	32	30.8789
4	25	30.6601
5	24	30.6601
0	3	30.3302
1	2	30.3302
20	29	30.2172
21	28	30.2172
15	18	30.209
14	19	30.209
13	22	30.1743
12	23	30.1743
1	29	29.9206
12	25	29.8841
13	24	29.8841
25	28	29.8184
24	29	29.8184
4	32	29.7471
28	33	29.7195
29	32	29.7195
6	10	29.2373
22	25	29.1705
23	24	29.1705
21	36	29.0417
20	37	29.0417
5	30	28.997
4	31	28.997
6	8	28.9511
3	31	-28.8037
16	25	28.764
17	24	28.764
0	25	28.7542
1	24	28.7542
18	35	28.6242
19	34	28.6242
9	16	-28.5945
8	17	-28.5945
6	20	28.106
12	34	27.5251
9	28	27.4782
8	29	27.4782
10	18	27.3818
4	37	27.3621
5	36	27.3621
23	31	-27.217
25	37	27.2087
11	30	27.2023
10	31	27.2023
26	32	27.1657
1	14	27.0283
0	15	27.0283
31	37	26.7897
8	34	26.7563
6	22	26.5154
11	29	26.4988
23	36	26.4586
22	37	26.4586
13	19	26.3812
22	34	26.2982
24	33	26.1444
25	32	26.1444
7	24	25.8281
6	25	25.8281
14	37	25.3792
15	36	25.3792
18	27	25.2524
19	26	25.2524
3	24	24.9821
2	25	24.9821
4	8	24.8446
23	28	24.828
22	29	24.828
0	32	24.8083
3	9	24.3596
16	30	24.244
0	12	24.1935
2	37	24.1534
3	36	24.1534
18	21	24.0412
19	20	24.0412
9	18	23.9571
8	19	23.9571
2	13	23.8616
3	12	23.8616
20	34	23.8334
8	32	23.698
4	22	23.6756
7	29	23.3684
5	26	23.3376
4	27	23.3376
2	6	23.3066
16	26	23.2689
3	18	23.2156
2	19	23.2156
25	31	23.1988
11	37	23.1977
12	20	23.1788
24	35	22.8899
25	34	22.8899
11	14	22.8259
10	15	22.8259
8	12	22.7984
4	20	22.3715
10	23	22.2492
11	22	22.2492
6	14	22.1275
0	4	22.0188
2	34	21.811
30	32	21.7436
2	4	21.7071
20	25	21.6837
21	24	21.6837
18	24	21.5204
34	36	21.4073
4	14	21.3671
6	30	21.3449
14	33	21.2902
15	32	21.2902
8	25	21.2603
9	24	21.2603
15	29	21.1211
4	10	21.1159
6	18	21.0216
8	23	20.8841
9	22	20.8841
17	33	20.8741
6	26	20.6953
0	36	20.3592
30	34	20.2737
0	22	20.1986
16	21	-19.93
17	20	-19.93
10	32	19.889
29	34	19.8322
28	35	19.8322
14	34	19.735
20	32	19.4995
4	28	19.1525
3	28	19.0334
2	29	19.0334
26	34	18.9949
13	31	18.7646
27	36	18.7378
26	37	18.7378
12	32	18.4421
21	22	18.0647
20	23	18.0647
17	22	-17.9932
16	23	-17.9932
6	12	17.7958
22	32	17.7794
8	36	17.6242
1	27	17.6224
2	32	17.5309
10	34	17.3913
4	12	17.1301
10	16	16.6156
32	36	16.5902
0	10	16.5725
29	31	16.4409
16	18	16.3565
18	22	16.2735
10	24	16.236
12	36	16.1454
7	17	16.1354
17	28	16.1226
16	29	16.1226
25	26	16.1169
24	27	16.1169
0	18	16.0608
4	18	15.9854
19	31	15.8991
8	10	15.8783
12	28	15.8482
13	26	15.771
12	27	15.771
14	24	15.7664
3	10	15.758
2	11	15.758
19	28	15.7566
18	29	15.7566
15	31	-15.7466
0	16	-15.6625
27	28	15.6083
26	29	15.6083
10	20	15.481
15	27	-15.4791
10	26	15.4757
2	17	-15.4672
3	16	-15.4672
12	15	15.4663
13	14	15.4663
18	32	15.4395
11	13	15.4057
4	24	15.33
15	21	-15.2537
0	2	15.1651
20	28	15.1086
14	18	15.1045
12	22	15.0872
1	28	14.9603
0	29	14.9603
12	24	14.942
24	28	14.9092
28	32	14.8597
22	24	14.5853
20	36	14.5208
4	30	14.4985
2	31	-14.4019
3	30	-14.4019
16	24	14.382
0	24	14.3771
18	34	14.3121
8	16	-14.2972
13	17	13.8551
8	28	13.7391
4	36	13.681
3	21	13.6648
22	31	-13.6085
23	30	-13.6085
24	37	13.6043
25	36	13.6043
10	30	13.6011
0	14	13.5141
21	31	-13.4701
31	36	13.3948
30	37	13.3948
10	29	13.2494
11	28	13.2494
22	36	13.2293
12	19	13.1906
13	18	13.1906
24	32	13.0722
6	24	12.914
14	36	12.6896
18	26	12.6262
2	24	12.4911
22	28	12.414
1	31	12.3333
2	9	12.1798
3	8	12.1798
2	36	12.0767
18	20	12.0206
8	18	11.9786
2	12	11.9308
6	29	11.6842
7	28	11.6842
4	26	11.6688
2	18	11.6078
24	31	11.5994
25	30	11.5994
10	37	11.5989
11	36	11.5989
9	15	11.4667
24	34	11.4449
10	14	11.413
23	27	11.3895
10	22	11.1246
20	24	10.8418
14	32	10.6451
8	24	10.6302
15	28	10.5606
14	29	10.5606
8	22	10.442
16	33	10.4371
17	32	10.4371
19	37	10.3172
16	20	-9.96502
28	34	9.91609
5	17	9.82635
2	28	9.5167
13	30	9.3823
12	31	9.3823
26	36	9.36891
20	22	9.03234
16	22	-8.99658
1	26	8.81119
0	27	8.81119
28	31	8.22047
29	30	8.22047
7	16	8.06769
6	17	8.06769
16	28	8.06131
24	26	8.05843
18	31	7.94957
19	30	7.94957
12	26	7.88549
2	10	7.87899
18	28	7.87828
14	31	-7.87329
15	30	-7.87329
26	28	7.80413
15	26	-7.73957
14	27	-7.73957
2	16	-7.73362
12	14	7.73313
11	12	7.70283
10	13	7.70283
14	21	-7.62684
15	20	-7.62684
0	28	7.48014
29	37	7.35742
2	30	-7.20093
12	17	6.92754
13	16	6.92754
3	20	6.83238
2	21	6.83238
22	30	-6.80425
24	36	6.80217
20	31	-6.73507
21	30	-6.73507
30	36	6.69742
17	37	6.63057
10	28	6.62469
12	18	6.59531
0	31	6.16667
1	30	6.16667
2	8	6.08989
15	17	-6.06795
6	28	5.84211
24	30	5.7997
10	36	5.79943
8	15	5.73336
9	14	5.73336
23	26	5.69476
22	27	5.69476
14	28	5.28028
17	35	-5.27958
16	32	5.21853
18	37	5.15862
19	36	5.15862
4	17	4.91317
5	16	4.91317
12	30	4.69115
0	26	4.4056
28	30	4.11023
6	16	4.03385
18	30	3.97478
14	30	-3.93664
21	27	3.92651
14	26	-3.86979
10	12	3.85141
14	20	-3.81342
29	36	3.67871
28	37	3.67871
12	16	3.46377
2	20	3.41619
20	30	-3.36754
17	36	3.31529
16	37	3.31529
0	30	3.08333
15	16	-3.03398
14	17	-3.03398
8	14	2.86668
22	26	2.84738
16	35	-2.63979
17	34	-2.63979
9	27	-2.5829
18	36	2.57931
4	16	2.45659
21	26	1.96325
20	27	1.96325
28	36	1.83935
9	31	1.73394
16	36	1.65764
14	16	-1.51699
16	34	-1.31989
9	26	-1.29145
8	27	-1.29145
20	26	0.981627
9	30	0.86697
8	31	0.86697
8	26	-0.645724
8	30	0.433485
3	27	0.155693
3	26	0.0778466
2	27	0.0778466
2	26	0.0389233
