31	35	250.856
7	35	175.968
4	5	171.433
3	21	151.781
7	31	151.069
13	33	146.129
6	7	143.529
30	31	135.423
34	35	134.506
15	25	128.457
29	33	127.939
1	13	126.17
31	34	125.428
30	35	125.428
20	21	123.805
5	29	122.648
5	33	118.718
32	33	118.469
2	3	117.733
17	37	113.558
23	25	109.114
8	9	108.897
15	37	107.491
28	29	105.772
3	25	105.454
5	19	105.185
1	27	104.349
24	25	103.465
11	19	102.715
3	15	102.589
22	23	99.886
5	13	97.5748
12	13	96.7043
25	33	94.1279
1	33	93.9865
9	29	93.5881
27	33	93.4506
13	27	92.0027
9	27	91.4707
5	25	90.1296
5	7	89.9961
13	37	89.8888
5	9	88.7103
3	23	88.2904
36	37	88.0674
7	34	87.9838
6	35	87.9838
25	37	87.9818
26	27	86.8282
14	15	85.1917
17	23	84.7256
3	9	84.6626
18	19	84.6493
13	29	84.1942
7	15	84.1123
5	15	83.0015
7	19	80.6654
7	29	80.4491
3	33	80.2213
0	1	78.5131
23	33	77.863
19	35	77.2199
2	21	75.8906
3	20	75.8906
7	30	75.5344
6	31	75.5344
12	33	73.0646
13	32	73.0646
16	17	71.5071
15	33	70.9526
25	29	70.7687
25	35	69.9053
1	11	68.0188
7	25	67.3079
19	31	66.2918
1	37	65.563
13	17	65.5106
5	35	65.0154
27	29	64.4618
15	24	64.2285
14	25	64.2285
28	33	63.9695
29	32	63.9695
17	25	63.7326
29	35	63.4152
19	29	63.3368
1	12	63.0848
0	13	63.0848
3	27	62.8898
30	34	62.714
19	25	62.6823
15	17	62.2538
13	25	61.8238
4	29	61.3238
5	28	61.3238
25	31	61.1537
23	37	61.0228
11	27	60.016
10	11	59.6209
4	33	59.3589
5	32	59.3589
11	35	58.3436
11	13	58.2205
9	19	58.1348
13	15	58.042
19	33	58.0154
21	33	57.9336
11	29	57.2173
5	21	56.9349
17	36	56.779
16	37	56.779
5	27	56.1672
29	31	55.5736
11	31	55.3846
5	37	54.914
5	31	54.8873
3	29	54.6005
22	25	54.5572
23	24	54.5572
33	37	54.1871
11	33	54.1594
15	27	53.859
15	35	53.8549
15	36	53.7454
14	37	53.7454
2	25	52.727
3	24	52.727
4	19	52.5927
5	18	52.5927
0	27	52.1745
1	26	52.1745
15	21	52.135
11	18	51.3576
10	19	51.3576
2	15	51.2947
3	14	51.2947
33	35	50.9076
11	25	50.2581
3	37	49.1575
4	13	48.7874
5	12	48.7874
15	23	48.7832
9	33	48.5131
7	37	47.9843
27	37	47.9683
25	32	47.064
24	33	47.064
0	33	46.9932
1	32	46.9932
9	35	46.7954
9	28	46.794
8	29	46.794
15	29	46.7745
27	32	46.7253
26	33	46.7253
21	31	-46.6986
12	27	46.0013
13	26	46.0013
3	5	45.9411
8	27	45.7353
9	26	45.7353
1	15	45.6828
21	23	45.1172
5	24	45.0648
4	25	45.0648
5	6	44.998
4	7	44.998
12	37	44.9444
13	36	44.9444
15	31	44.9107
5	8	44.3552
4	9	44.3552
3	22	44.1452
2	23	44.1452
6	34	43.9919
24	37	43.9909
25	36	43.9909
11	21	-43.5594
5	17	42.4373
16	23	42.3628
17	22	42.3628
3	8	42.3313
2	9	42.3313
1	17	42.0978
13	28	42.0971
12	29	42.0971
17	19	-42.0967
6	15	42.0561
7	14	42.0561
13	35	41.6624
5	14	41.5008
4	15	41.5008
25	27	41.0325
31	33	40.4532
7	11	40.3947
6	19	40.3327
7	18	40.3327
6	29	40.2245
7	28	40.2245
3	17	40.2175
7	23	-40.1456
3	32	40.1106
2	33	40.1106
15	19	39.9842
23	29	39.81
11	15	39.2478
17	33	39.1229
9	13	38.9547
22	33	38.9315
23	32	38.9315
9	25	38.7088
13	31	38.6906
19	34	38.61
18	35	38.61
2	20	37.9453
6	30	37.7672
9	15	37.426
13	23	36.6533
12	32	36.5323
7	13	36.4974
14	33	35.4763
15	32	35.4763
24	29	35.3844
25	28	35.3844
24	35	34.9526
25	34	34.9526
13	19	34.8195
21	37	34.6816
9	11	34.2653
0	11	34.0094
1	10	34.0094
6	25	33.6539
7	24	33.6539
18	31	33.1459
19	30	33.1459
17	27	33.1072
0	37	32.7815
1	36	32.7815
29	37	32.7676
13	16	32.7553
12	17	32.7553
4	35	32.5077
5	34	32.5077
7	27	32.4247
27	31	32.303
27	28	32.2309
26	29	32.2309
14	24	32.1142
7	21	32.0841
7	33	32.0801
28	32	31.9847
16	25	31.8663
17	24	31.8663
27	35	31.8497
28	35	31.7076
29	34	31.7076
23	27	31.6732
19	28	31.6684
18	29	31.6684
0	12	31.5424
3	13	31.5074
2	27	31.4449
3	26	31.4449
18	25	31.3412
19	24	31.3412
13	21	31.1975
14	17	31.1269
15	16	31.1269
13	24	30.9119
12	25	30.9119
4	28	30.6619
24	31	30.5768
25	30	30.5768
22	37	30.5114
23	36	30.5114
19	27	30.4513
11	26	30.008
10	27	30.008
5	11	29.9497
1	19	29.7856
4	32	29.6795
10	35	29.1718
11	34	29.1718
7	9	29.1258
11	12	29.1102
10	13	29.1102
9	18	29.0674
8	19	29.0674
13	14	29.021
12	15	29.021
19	32	29.0077
18	33	29.0077
21	32	28.9668
20	33	28.9668
11	28	28.6087
10	29	28.6087
5	20	28.4675
4	21	28.4675
16	36	28.3895
4	27	28.0836
5	26	28.0836
29	30	27.7868
28	31	27.7868
10	31	27.6923
11	30	27.6923
4	37	27.457
5	36	27.457
4	31	27.4436
5	30	27.4436
3	28	27.3002
2	29	27.3002
22	24	27.2786
33	36	27.0935
32	37	27.0935
10	33	27.0797
11	32	27.0797
15	26	26.9295
14	27	26.9295
15	34	26.9274
14	35	26.9274
14	36	26.8727
1	31	26.442
2	24	26.3635
4	18	26.2963
0	26	26.0872
15	20	26.0675
14	21	26.0675
10	18	25.6788
2	14	25.6473
32	35	25.4538
33	34	25.4538
11	24	25.1291
10	25	25.1291
21	35	-25.1132
1	3	24.9998
3	36	24.5788
2	37	24.5788
4	12	24.3937
15	22	24.3916
14	23	24.3916
9	31	24.3489
8	33	24.2565
9	32	24.2565
3	35	24.1345
7	36	23.9922
6	37	23.9922
26	37	23.9842
27	36	23.9842
3	19	23.8786
19	37	-23.562
24	32	23.532
0	32	23.4966
9	23	23.4251
9	34	23.3977
8	35	23.3977
8	28	23.397
15	28	23.3872
14	29	23.3872
17	21	23.3867
26	32	23.3626
21	30	-23.3493
20	31	-23.3493
21	29	23.1829
12	26	23.0007
3	4	22.9705
2	5	22.9705
8	26	22.8677
0	15	22.8414
1	14	22.8414
20	23	22.5586
21	22	22.5586
4	24	22.5324
4	6	22.499
12	36	22.4722
15	30	22.4554
14	31	22.4554
4	8	22.1776
2	22	22.0726
24	36	21.9955
1	29	21.9513
10	21	-21.7797
11	20	-21.7797
1	35	21.3035
4	17	21.2186
5	16	21.2186
16	22	21.1814
2	8	21.1656
1	16	21.0489
0	17	21.0489
12	28	21.0486
16	19	-21.0484
17	18	-21.0484
6	14	21.0281
13	34	20.8312
12	35	20.8312
4	14	20.7504
24	27	20.5162
25	26	20.5162
1	25	20.3148
31	37	20.2769
31	32	20.2266
30	33	20.2266
6	11	20.1973
7	10	20.1973
6	18	20.1663
6	28	20.1123
3	16	20.1088
2	17	20.1088
7	22	-20.0728
6	23	-20.0728
2	32	20.0553
14	19	19.9921
15	18	19.9921
22	29	19.905
23	28	19.905
10	15	19.6239
11	14	19.6239
17	32	19.5614
16	33	19.5614
8	13	19.4774
9	12	19.4774
22	32	19.4657
9	24	19.3544
8	25	19.3544
13	30	19.3453
12	31	19.3453
18	34	19.305
1	5	19.1311
11	17	-19.1045
21	27	18.918
9	14	18.713
8	15	18.713
13	22	18.3266
12	23	18.3266
7	12	18.2487
6	13	18.2487
14	32	17.7382
5	23	17.6929
24	28	17.6922
9	21	17.6835
24	34	17.4763
12	19	17.4097
13	18	17.4097
21	36	17.3408
20	37	17.3408
8	11	17.1327
9	10	17.1327
0	10	17.0047
3	11	16.9867
6	24	16.827
18	30	16.5729
17	26	16.5536
16	27	16.5536
0	36	16.3907
29	36	16.3838
28	37	16.3838
12	16	16.3777
4	34	16.2539
6	27	16.2124
7	26	16.2124
26	31	16.1515
27	30	16.1515
26	28	16.1154
7	20	16.042
6	21	16.042
6	33	16.04
7	32	16.04
16	24	15.9332
26	35	15.9249
27	34	15.9249
28	34	15.8538
22	27	15.8366
23	26	15.8366
18	28	15.8342
3	12	15.7537
2	13	15.7537
2	26	15.7224
18	24	15.6706
12	21	15.5987
13	20	15.5987
14	16	15.5635
12	24	15.456
24	30	15.2884
22	36	15.2557
18	27	15.2256
19	26	15.2256
10	26	15.004
4	11	14.9748
5	10	14.9748
1	18	14.8928
0	19	14.8928
10	34	14.5859
7	8	14.5629
6	9	14.5629
10	12	14.5551
8	18	14.5337
12	14	14.5105
18	32	14.5038
20	32	14.4834
10	28	14.3043
4	20	14.2337
4	26	14.0418
28	30	13.8934
10	30	13.8461
4	36	13.7285
4	30	13.7218
2	28	13.6501
32	36	13.5468
10	32	13.5399
14	26	13.4648
14	34	13.4637
1	30	13.221
0	31	13.221
14	20	13.0337
32	34	12.7269
10	24	12.5645
20	35	-12.5566
21	34	-12.5566
0	3	12.4999
1	2	12.4999
2	36	12.2894
14	22	12.1958
9	30	12.1745
8	31	12.1745
8	32	12.1283
3	34	12.0672
2	35	12.0672
6	36	11.9961
26	36	11.9921
2	19	11.9393
3	18	11.9393
19	36	-11.781
18	37	-11.781
1	9	11.7708
8	23	11.7126
9	22	11.7126
8	34	11.6989
14	28	11.6936
16	21	11.6934
17	20	11.6934
20	30	-11.6746
20	29	11.5914
21	28	11.5914
2	4	11.4853
0	14	11.4207
35	37	11.4062
17	31	11.3124
20	22	11.2793
14	30	11.2277
1	28	10.9756
0	29	10.9756
10	20	-10.8898
11	37	10.8258
0	35	10.6517
1	34	10.6517
4	16	10.6093
0	16	10.5245
16	18	-10.5242
12	34	10.4156
19	21	-10.328
24	26	10.2581
0	25	10.1574
1	24	10.1574
30	37	10.1385
31	36	10.1385
30	32	10.1133
6	10	10.0987
2	16	10.0544
6	22	-10.0364
14	18	9.99604
22	28	9.95251
10	14	9.81194
21	25	9.81091
16	32	9.78072
8	12	9.73869
8	24	9.6772
12	30	9.67265
0	5	9.56557
1	4	9.56557
10	17	-9.55223
11	16	-9.55223
20	27	9.459
21	26	9.459
8	14	9.35651
12	22	9.16331
6	12	9.12434
5	22	8.84644
4	23	8.84644
8	21	8.84175
9	20	8.84175
12	18	8.70486
20	36	8.6704
8	10	8.56634
2	11	8.49333
3	10	8.49333
16	26	8.2768
28	36	8.19191
6	26	8.10618
26	30	8.07575
6	20	8.02102
6	32	8.02002
26	34	7.96243
22	26	7.91829
2	12	7.87686
12	20	7.79937
18	26	7.61282
4	10	7.48742
0	18	7.44639
6	8	7.28144
1	21	-7.16771
0	30	6.6105
1	7	6.49198
1	23	6.46088
20	34	-6.27831
0	2	6.24994
8	30	6.08723
2	34	6.03362
2	18	5.96966
18	36	-5.8905
0	9	5.88542
1	8	5.88542
8	22	5.85628
16	20	5.84668
20	28	5.79572
34	37	5.70308
35	36	5.70308
17	30	5.65619
16	31	5.65619
0	28	5.48782
11	36	5.41289
10	37	5.41289
3	31	5.38288
0	34	5.32587
23	31	5.26539
18	21	-5.16399
19	20	-5.16399
0	24	5.0787
30	36	5.06923
11	23	-4.97332
21	24	4.90546
20	25	4.90546
0	4	4.78278
10	16	-4.77611
20	26	4.7295
4	22	4.42322
8	20	4.42087
2	10	4.24667
9	17	3.88345
23	35	3.6667
1	20	-3.58386
0	21	-3.58386
0	7	3.24599
1	6	3.24599
1	22	3.23044
0	23	3.23044
3	7	3.21514
19	23	-2.99305
0	8	2.94271
9	37	-2.85777
34	36	2.85154
16	30	2.82809
17	35	2.82308
10	36	2.70645
2	31	2.69144
3	30	2.69144
23	30	2.63269
22	31	2.63269
18	20	-2.582
11	22	-2.48666
10	23	-2.48666
20	24	2.45273
9	16	1.94172
8	17	1.94172
22	35	1.83335
23	34	1.83335
0	20	-1.79193
0	6	1.623
0	22	1.61522
2	7	1.60757
3	6	1.60757
19	22	-1.49652
18	23	-1.49652
9	36	-1.42889
8	37	-1.42889
16	35	1.41154
17	34	1.41154
2	30	1.34572
22	30	1.31635
10	22	-1.24333
8	16	0.970862
22	34	0.916674
2	6	0.803785
18	22	-0.748262
8	36	-0.714443
16	34	0.705771
7	17	-0.527383
17	29	-0.461622
6	17	-0.263691
7	16	-0.263691
16	29	-0.230811
17	28	-0.230811
6	16	-0.131846
16	28	-0.115405
