47	53	939.425
7	8	653.732
11	53	639.87
5	32	543.125
10	11	542.116
11	47	540.275
20	50	520.517
46	47	509.693
52	53	506.023
47	52	469.712
46	53	469.712
31	32	463.221
23	38	449.828
44	50	447.756
49	50	441.877
2	20	440.678
38	50	440.512
4	5	438.93
8	44	426.59
8	38	424.518
8	11	423.984
20	56	423.555
8	50	410.871
13	14	403.588
5	14	402.65
8	23	396.006
43	44	391.089
26	56	390.232
11	29	386.662
11	44	385.796
5	50	384.885
37	38	381.858
35	50	375.452
29	53	372.88
35	38	372.457
34	35	367.544
23	56	365.963
5	38	357.816
8	29	356.741
19	20	354.817
2	41	353.396
23	50	347.811
38	44	347.075
17	29	346.861
5	23	346.358
29	47	329.167
6	8	326.866
8	20	326.299
2	56	326.252
20	26	326.042
8	53	324.062
55	56	320.27
11	52	319.935
10	53	319.935
44	53	317.661
5	41	315.559
40	41	315.313
29	38	314.729
2	50	311.946
20	38	311.295
14	44	310.352
41	50	309.802
22	23	308.767
28	29	306.597
20	41	304.011
14	41	301.883
17	53	297.374
20	23	296.168
32	50	295.734
8	32	291.74
8	14	290.841
5	35	289.162
38	56	287.927
44	47	286.294
17	47	285.538
8	56	283.656
8	47	283.549
5	44	282.402
1	2	282.052
50	56	280.748
23	41	279.436
26	35	274.902
20	44	272.777
11	23	272.449
5	31	271.562
4	32	271.562
9	11	271.058
10	47	270.138
11	46	270.138
50	53	267.63
17	38	265.033
20	49	260.258
19	50	260.258
41	56	255.873
45	47	254.847
25	26	254.028
51	53	253.012
14	53	251.182
23	44	251.098
32	47	-250.794
5	8	247.764
2	23	246.731
46	52	234.856
47	51	234.856
45	53	234.856
8	26	233.749
2	26	232.391
30	32	231.61
20	53	230.65
38	41	228.13
47	50	225.813
11	17	225.579
23	37	224.914
22	38	224.914
11	35	-224.583
23	29	223.937
43	50	223.878
44	49	223.878
35	44	223.24
17	23	220.991
48	50	220.938
26	50	220.491
1	20	220.339
2	19	220.339
38	49	220.256
37	50	220.256
3	5	219.465
14	38	218.835
20	47	218.762
38	53	215.621
14	23	213.704
8	43	213.295
7	44	213.295
7	38	212.259
8	37	212.259
8	10	211.992
7	11	211.992
19	56	211.778
20	55	211.778
20	35	210.613
11	20	209.99
2	17	208.075
16	17	206.484
8	49	205.436
7	50	205.436
11	38	205.231
12	14	201.794
4	14	201.325
5	13	201.325
8	22	198.003
7	23	198.003
26	41	196.429
42	44	195.544
26	55	195.116
25	56	195.116
44	56	195.07
41	44	193.847
11	41	193.699
11	28	193.331
10	29	193.331
41	47	193.212
10	44	192.898
11	43	192.898
5	49	192.443
4	50	192.443
11	50	192.32
41	53	191.399
26	38	190.931
36	38	190.929
35	41	190.693
5	20	190.03
29	44	189.347
20	32	188.79
34	50	187.726
35	49	187.726
28	53	186.44
29	52	186.44
35	37	186.229
34	38	186.229
23	26	185.015
33	35	183.772
23	55	182.982
22	56	182.982
38	47	180.615
11	14	180.503
35	56	180.091
4	38	178.908
5	37	178.908
7	29	178.371
8	28	178.371
18	20	177.409
2	40	176.698
1	41	176.698
17	41	176.064
23	49	173.905
22	50	173.905
38	43	173.537
37	44	173.537
17	28	173.43
16	29	173.43
4	23	173.179
5	22	173.179
2	47	169.768
17	20	168.882
14	29	168.539
29	50	168.061
17	44	164.869
29	46	164.584
28	47	164.584
32	53	-164.453
2	5	163.999
6	7	163.433
8	19	163.15
7	20	163.15
1	56	163.126
2	55	163.126
20	25	163.021
19	26	163.021
8	52	162.031
7	53	162.031
14	47	161.396
8	41	160.669
54	56	160.135
10	52	159.968
11	51	159.968
9	53	159.968
5	29	159.514
43	53	158.83
44	52	158.83
4	41	157.78
5	40	157.78
14	35	157.701
39	41	157.656
28	38	157.365
29	37	157.365
32	44	156.732
2	49	155.973
1	50	155.973
20	37	155.648
19	38	155.648
13	44	155.176
14	43	155.176
40	50	154.901
41	49	154.901
21	23	154.383
27	29	153.299
17	50	152.638
19	41	152.005
20	40	152.005
23	53	151.42
14	40	150.941
13	41	150.941
2	53	149.214
17	52	148.687
16	53	148.687
20	22	148.084
19	23	148.084
31	50	147.867
32	49	147.867
7	32	145.87
8	31	145.87
7	14	145.421
8	13	145.421
2	38	145.259
4	35	144.581
5	34	144.581
23	32	144.54
37	56	143.964
38	55	143.964
44	46	143.147
43	47	143.147
16	47	142.769
17	46	142.769
7	56	141.828
8	55	141.828
8	46	141.775
7	47	141.775
4	44	141.201
5	43	141.201
0	2	141.026
50	55	140.374
49	56	140.374
23	40	139.718
22	41	139.718
32	41	139.672
26	34	137.451
25	35	137.451
20	43	136.388
19	44	136.388
10	23	136.225
11	22	136.225
4	31	135.781
5	30	135.781
3	32	135.781
9	10	135.529
10	46	135.069
11	45	135.069
9	47	135.069
8	35	134.772
14	32	134.734
49	53	133.815
50	52	133.815
5	56	132.63
17	37	132.516
16	38	132.516
5	17	131.947
23	35	131.133
18	50	130.129
19	49	130.129
20	48	130.129
14	50	130.052
11	56	127.937
40	56	127.937
41	55	127.937
45	46	127.423
24	26	127.014
51	52	126.506
13	53	125.591
14	52	125.591
22	44	125.549
23	43	125.549
31	47	-125.397
32	46	-125.397
4	8	123.882
5	7	123.882
1	23	123.366
2	22	123.366
45	52	117.428
46	51	117.428
8	25	116.875
7	26	116.875
32	35	116.469
1	26	116.196
2	25	116.196
30	31	115.805
23	47	115.643
20	52	115.325
19	53	115.325
37	41	114.065
38	40	114.065
47	49	112.906
46	50	112.906
11	16	112.789
10	17	112.789
21	38	112.457
22	37	112.457
23	36	112.457
10	35	-112.291
11	34	-112.291
23	28	111.968
22	29	111.968
44	48	111.939
43	49	111.939
42	50	111.939
34	44	111.62
35	43	111.62
16	23	110.496
17	22	110.496
48	49	110.469
26	49	110.246
25	50	110.246
17	32	-110.238
2	18	110.17
0	20	110.17
1	19	110.17
36	50	110.128
37	49	110.128
38	48	110.128
3	4	109.733
14	37	109.418
13	38	109.418
19	47	109.381
20	46	109.381
38	52	107.811
37	53	107.811
17	56	107.303
14	22	106.852
13	23	106.852
7	43	106.648
6	44	106.648
8	42	106.648
7	37	106.13
6	38	106.13
8	36	106.13
8	9	105.996
7	10	105.996
6	11	105.996
19	55	105.889
18	56	105.889
20	54	105.889
20	34	105.307
19	35	105.307
10	20	104.995
11	19	104.995
26	29	-104.387
2	16	104.038
1	17	104.038
15	17	103.242
6	50	102.718
7	49	102.718
8	48	102.718
11	37	102.616
10	38	102.616
12	13	100.897
5	12	100.663
3	14	100.663
4	13	100.663
7	22	99.0015
8	21	99.0015
6	23	99.0015
25	41	98.2144
26	40	98.2144
42	43	97.7722
24	56	97.558
26	54	97.558
25	55	97.558
44	55	97.5352
43	56	97.5352
41	43	96.9236
40	44	96.9236
5	26	96.87
10	41	96.8495
11	40	96.8495
9	29	96.6654
10	28	96.6654
11	27	96.6654
41	46	96.606
40	47	96.606
9	44	96.4491
11	42	96.4491
10	43	96.4491
4	49	96.2213
5	48	96.2213
3	50	96.2213
11	49	96.1602
10	50	96.1602
41	52	95.6995
40	53	95.6995
25	38	95.4653
26	37	95.4653
36	37	95.4646
34	41	95.3463
35	40	95.3463
5	19	95.0148
4	20	95.0148
28	44	94.6736
29	43	94.6736
20	31	94.395
19	32	94.395
35	48	93.863
34	49	93.863
33	50	93.863
29	51	93.2199
28	52	93.2199
27	53	93.2199
33	38	93.1143
35	36	93.1143
34	37	93.1143
22	26	92.5076
23	25	92.5076
33	34	91.886
14	20	91.819
23	54	91.4908
21	56	91.4908
22	55	91.4908
37	47	90.3073
38	46	90.3073
11	13	90.2516
10	14	90.2516
35	55	90.0456
34	56	90.0456
2	11	89.9679
2	35	89.8435
3	38	89.454
5	36	89.454
4	37	89.454
8	27	89.1854
6	29	89.1854
7	28	89.1854
18	19	88.7043
2	39	88.3489
0	41	88.3489
1	40	88.3489
17	40	88.0321
16	41	88.0321
21	50	86.9526
23	48	86.9526
22	49	86.9526
36	44	86.7687
37	43	86.7687
38	42	86.7687
16	28	86.7151
15	29	86.7151
17	27	86.7151
4	22	86.5894
3	23	86.5894
5	21	86.5894
2	46	84.884
1	47	84.884
16	20	84.441
17	19	84.441
13	29	84.2696
14	28	84.2696
29	49	84.0307
28	50	84.0307
17	43	82.4346
16	44	82.4346
29	45	82.2918
27	47	82.2918
28	46	82.2918
31	53	-82.2264
32	52	-82.2264
1	5	81.9995
2	4	81.9995
8	18	81.5748
6	20	81.5748
7	19	81.5748
0	56	81.563
1	55	81.563
2	54	81.563
19	25	81.5106
18	26	81.5106
20	24	81.5106
8	51	81.0154
6	53	81.0154
7	52	81.0154
14	46	80.6978
13	47	80.6978
8	40	80.3343
7	41	80.3343
54	55	80.0674
10	51	79.9838
9	52	79.9838
4	29	79.7572
5	28	79.7572
14	26	79.5338
44	51	79.4152
43	52	79.4152
42	53	79.4152
4	40	78.8898
3	41	78.8898
5	39	78.8898
14	34	78.8503
13	35	78.8503
39	40	78.8282
28	37	78.6823
29	36	78.6823
27	38	78.6823
32	43	78.3658
31	44	78.3658
0	50	77.9865
2	48	77.9865
1	49	77.9865
18	38	77.8238
19	37	77.8238
20	36	77.8238
13	43	77.5881
14	42	77.5881
12	44	77.5881
39	50	77.4506
41	48	77.4506
40	49	77.4506
21	22	77.1917
27	28	76.6493
17	49	76.3189
16	50	76.3189
18	41	76.0027
19	40	76.0027
20	39	76.0027
23	52	75.7098
22	53	75.7098
14	39	75.4707
12	41	75.4707
13	40	75.4707
20	29	75.2778
32	56	74.7264
1	53	74.607
2	52	74.607
16	52	74.3436
17	51	74.3436
15	53	74.3436
20	21	74.042
19	22	74.042
18	23	74.042
31	49	73.9336
30	50	73.9336
32	48	73.9336
14	17	73.0614
7	31	72.9349
6	32	72.9349
8	30	72.9349
7	13	72.7103
8	12	72.7103
6	14	72.7103
2	37	72.6296
1	38	72.6296
5	33	72.2904
3	35	72.2904
4	34	72.2904
22	32	72.27
23	31	72.27
38	54	71.9818
37	55	71.9818
36	56	71.9818
44	45	71.5736
43	46	71.5736
42	47	71.5736
16	46	71.3846
15	47	71.3846
17	45	71.3846
7	55	70.914
8	54	70.914
6	56	70.914
8	45	70.8873
6	47	70.8873
7	46	70.8873
3	44	70.6005
5	42	70.6005
4	43	70.6005
0	1	70.5131
50	54	70.1871
49	55	70.1871
48	56	70.1871
21	41	69.859
23	39	69.859
22	40	69.859
31	41	69.836
32	40	69.836
25	34	68.7256
24	35	68.7256
26	33	68.7256
19	43	68.1942
18	44	68.1942
20	42	68.1942
11	21	68.1123
9	23	68.1123
10	22	68.1123
3	31	67.8906
4	30	67.8906
10	45	67.5344
9	46	67.5344
8	34	67.3858
7	35	67.3858
14	31	67.367
13	32	67.367
48	53	66.9076
49	52	66.9076
50	51	66.9076
5	55	66.3151
4	56	66.3151
16	37	66.2581
15	38	66.2581
17	36	66.2581
11	26	-66.1095
5	16	65.9733
4	17	65.9733
23	34	65.5664
22	35	65.5664
18	49	65.0646
19	48	65.0646
14	49	65.0262
13	50	65.0262
11	32	64.3362
11	55	63.9686
10	56	63.9686
41	54	63.9683
40	55	63.9683
39	56	63.9683
24	25	63.5071
13	52	62.7954
14	51	62.7954
12	53	62.7954
23	42	62.7745
22	43	62.7745
21	44	62.7745
31	46	-62.6986
30	47	-62.6986
32	45	-62.6986
26	44	62.1535
3	8	61.9411
4	7	61.9411
5	6	61.9411
1	22	61.6828
2	21	61.6828
0	23	61.6828
45	51	58.714
6	26	58.4373
8	24	58.4373
7	25	58.4373
31	35	58.2345
32	34	58.2345
2	24	58.0978
0	26	58.0978
1	25	58.0978
22	47	57.8214
23	46	57.8214
29	41	57.805
18	53	57.6624
20	51	57.6624
19	52	57.6624
37	40	57.0325
38	39	57.0325
36	41	57.0325
46	49	56.4532
47	48	56.4532
45	50	56.4532
9	17	56.3947
11	15	56.3947
10	16	56.3947
21	37	56.2285
22	36	56.2285
11	33	-56.1456
10	34	-56.1456
9	35	-56.1456
22	28	55.9842
21	29	55.9842
23	27	55.9842
42	49	55.9695
43	48	55.9695
33	44	55.81
34	43	55.81
35	42	55.81
8	17	55.7987
15	23	55.2478
16	22	55.2478
17	21	55.2478
2	29	55.1423
26	48	55.1229
24	50	55.1229
25	49	55.1229
17	31	-55.1188
16	32	-55.1188
0	19	55.0848
1	18	55.0848
36	49	55.064
37	48	55.064
13	37	54.7088
12	38	54.7088
14	36	54.7088
20	45	54.6906
19	46	54.6906
18	47	54.6906
37	52	53.9053
38	51	53.9053
36	53	53.9053
17	55	53.6516
16	56	53.6516
12	23	53.426
13	22	53.426
14	21	53.426
6	43	53.3238
7	42	53.3238
6	37	53.0648
7	36	53.0648
6	10	52.998
7	9	52.998
19	54	52.9444
18	55	52.9444
26	53	-52.7077
20	33	52.6533
19	34	52.6533
18	35	52.6533
14	56	52.5689
9	20	52.4974
10	19	52.4974
11	18	52.4974
25	29	-52.1934
26	28	-52.1934
29	35	52.0278
2	15	52.0188
1	16	52.0188
0	17	52.0188
15	16	51.6209
6	49	51.3589
7	48	51.3589
9	38	51.3079
11	36	51.3079
10	37	51.3079
5	11	-51.1394
4	12	50.3313
3	13	50.3313
7	21	49.5008
6	22	49.5008
35	53	-49.3332
24	41	49.1072
26	39	49.1072
25	40	49.1072
24	55	48.779
25	54	48.779
44	54	48.7676
43	55	48.7676
42	56	48.7676
39	44	48.4618
41	42	48.4618
40	43	48.4618
4	26	48.435
5	25	48.435
9	41	48.4247
11	39	48.4247
10	40	48.4247
9	28	48.3327
10	27	48.3327
39	47	48.303
41	45	48.303
40	46	48.303
10	42	48.2245
9	43	48.2245
3	49	48.1106
4	48	48.1106
10	49	48.0801
11	48	48.0801
9	50	48.0801
39	53	47.8497
40	52	47.8497
41	51	47.8497
24	38	47.7326
26	36	47.7326
25	37	47.7326
33	41	47.6732
34	40	47.6732
35	39	47.6732
3	20	47.5074
4	19	47.5074
5	18	47.5074
28	43	47.3368
27	44	47.3368
29	42	47.3368
20	30	47.1975
18	32	47.1975
19	31	47.1975
33	49	46.9315
34	48	46.9315
27	52	46.61
28	51	46.61
34	36	46.5572
33	37	46.5572
21	26	46.2538
23	24	46.2538
22	25	46.2538
13	20	45.9095
14	19	45.9095
22	54	45.7454
21	55	45.7454
37	46	45.1537
38	45	45.1537
36	47	45.1537
11	12	45.1258
10	13	45.1258
9	14	45.1258
33	56	45.0228
35	54	45.0228
34	55	45.0228
2	10	44.984
1	11	44.984
1	35	44.9218
2	34	44.9218
4	36	44.727
3	37	44.727
6	28	44.5927
7	27	44.5927
0	40	44.1745
1	39	44.1745
17	35	44.1067
17	39	44.016
16	40	44.016
15	41	44.016
21	49	43.4763
22	48	43.4763
36	43	43.3844
37	42	43.3844
16	27	43.3576
15	28	43.3576
3	22	43.2947
4	21	43.2947
35	47	-42.9385
5	47	-42.4685
2	45	42.442
1	46	42.442
0	47	42.442
15	20	42.2205
16	19	42.2205
17	18	42.2205
13	28	42.1348
14	27	42.1348
12	29	42.1348
28	49	42.0154
27	50	42.0154
29	48	42.0154
17	42	41.2173
16	43	41.2173
15	44	41.2173
27	46	41.1459
28	45	41.1459
31	52	-41.1132
30	53	-41.1132
32	51	-41.1132
0	5	40.9998
1	4	40.9998
2	3	40.9998
6	19	40.7874
7	18	40.7874
0	55	40.7815
1	54	40.7815
18	25	40.7553
19	24	40.7553
6	52	40.5077
7	51	40.5077
12	47	40.3489
14	45	40.3489
13	46	40.3489
7	40	40.1672
8	39	40.1672
6	41	40.1672
9	51	39.9919
5	27	39.8786
3	29	39.8786
4	28	39.8786
14	25	39.7669
13	26	39.7669
42	52	39.7076
43	51	39.7076
3	40	39.4449
4	39	39.4449
14	33	39.4251
13	34	39.4251
12	35	39.4251
27	37	39.3412
28	36	39.3412
32	42	39.1829
30	44	39.1829
31	43	39.1829
1	48	38.9932
0	49	38.9932
18	37	38.9119
19	36	38.9119
13	42	38.794
12	43	38.794
40	48	38.7253
39	49	38.7253
16	49	38.1594
17	48	38.1594
15	50	38.1594
19	39	38.0013
18	40	38.0013
21	53	37.8549
22	52	37.8549
23	51	37.8549
13	39	37.7353
12	40	37.7353
19	29	37.6389
20	28	37.6389
32	55	37.3632
31	56	37.3632
1	52	37.3035
0	53	37.3035
2	51	37.3035
16	51	37.1718
15	52	37.1718
19	21	37.021
18	22	37.021
31	48	36.9668
30	49	36.9668
14	16	36.5307
13	17	36.5307
6	31	36.4675
7	30	36.4675
6	13	36.3552
7	12	36.3552
0	38	36.3148
1	37	36.3148
2	36	36.3148
4	33	36.1452
3	34	36.1452
22	31	36.135
23	30	36.135
21	32	36.135
36	55	35.9909
37	54	35.9909
43	45	35.7868
42	46	35.7868
15	46	35.6923
16	45	35.6923
7	54	35.457
6	55	35.457
6	46	35.4436
7	45	35.4436
2	32	35.3292
4	42	35.3002
3	43	35.3002
48	55	35.0935
49	54	35.0935
22	39	34.9295
21	40	34.9295
31	40	34.918
32	39	34.918
30	41	34.918
24	34	34.3628
25	33	34.3628
19	42	34.0971
18	43	34.0971
10	21	34.0561
9	22	34.0561
3	30	33.9453
9	45	33.7672
8	33	33.6929
6	35	33.6929
7	34	33.6929
13	31	33.6835
12	32	33.6835
14	30	33.6835
48	52	33.4538
49	51	33.4538
4	55	33.1575
3	56	33.1575
5	54	33.1575
16	36	33.1291
15	37	33.1291
10	26	-33.0548
11	25	-33.0548
5	15	32.9867
4	16	32.9867
3	17	32.9867
23	33	32.7832
21	35	32.7832
22	34	32.7832
5	53	32.5379
18	48	32.5323
14	48	32.5131
13	49	32.5131
12	50	32.5131
10	32	32.1681
11	31	32.1681
9	56	31.9843
10	55	31.9843
11	54	31.9843
39	55	31.9842
40	54	31.9842
12	52	31.3977
13	51	31.3977
21	43	31.3872
22	42	31.3872
31	45	-31.3493
30	46	-31.3493
25	44	31.0768
26	43	31.0768
4	6	30.9705
3	7	30.9705
0	22	30.8414
1	21	30.8414
29	56	-30.248
26	32	29.5469
7	24	29.2186
6	25	29.2186
31	34	29.1172
30	35	29.1172
32	33	29.1172
1	24	29.0489
0	25	29.0489
21	47	28.9107
23	45	28.9107
22	46	28.9107
28	41	28.9025
29	40	28.9025
19	51	28.8312
18	52	28.8312
37	39	28.5162
36	40	28.5162
45	49	28.2266
46	48	28.2266
9	16	28.1973
10	15	28.1973
21	36	28.1142
9	34	-28.0728
10	33	-28.0728
21	28	27.9921
22	27	27.9921
42	48	27.9847
33	43	27.905
34	42	27.905
7	17	27.8993
8	16	27.8993
15	22	27.6239
16	21	27.6239
1	29	27.5711
2	28	27.5711
25	48	27.5614
24	49	27.5614
15	32	-27.5594
16	31	-27.5594
17	30	-27.5594
0	18	27.5424
36	48	27.532
13	36	27.3544
12	37	27.3544
19	45	27.3453
18	46	27.3453
36	52	26.9526
37	51	26.9526
17	54	26.8258
16	55	26.8258
15	56	26.8258
13	21	26.713
12	22	26.713
6	42	26.6619
6	36	26.5324
6	9	26.499
18	54	26.4722
26	52	-26.3538
25	53	-26.3538
19	33	26.3266
18	34	26.3266
14	55	26.2845
13	56	26.2845
10	18	26.2487
9	19	26.2487
26	27	-26.0967
24	29	-26.0967
25	28	-26.0967
28	35	26.0139
29	34	26.0139
1	15	26.0094
0	16	26.0094
6	48	25.6795
9	37	25.6539
10	36	25.6539
5	10	-25.5697
4	11	-25.5697
3	12	25.1656
32	38	-24.7563
6	21	24.7504
34	53	-24.6666
35	52	-24.6666
25	39	24.5536
24	40	24.5536
24	54	24.3895
42	55	24.3838
43	54	24.3838
40	42	24.2309
39	43	24.2309
5	24	24.2175
3	26	24.2175
4	25	24.2175
9	40	24.2124
10	39	24.2124
9	27	24.1663
40	45	24.1515
39	46	24.1515
9	42	24.1123
3	48	24.0553
9	49	24.04
10	48	24.04
39	52	23.9249
40	51	23.9249
25	36	23.8663
24	37	23.8663
33	40	23.8366
34	39	23.8366
2	44	23.8051
4	18	23.7537
3	19	23.7537
28	42	23.6684
27	43	23.6684
18	31	23.5987
19	30	23.5987
33	48	23.4657
27	51	23.305
33	36	23.2786
22	24	23.1269
21	25	23.1269
12	20	22.9547
14	18	22.9547
13	19	22.9547
21	54	22.8727
29	32	22.688
36	46	22.5768
37	45	22.5768
10	12	22.5629
9	13	22.5629
33	55	22.5114
34	54	22.5114
2	9	22.492
0	11	22.492
1	10	22.492
0	35	22.4609
2	33	22.4609
1	34	22.4609
3	36	22.3635
6	27	22.2963
0	39	22.0872
17	34	22.0534
16	35	22.0534
16	39	22.008
15	40	22.008
21	48	21.7382
36	42	21.6922
15	27	21.6788
3	21	21.6473
34	47	-21.4692
35	46	-21.4692
4	47	-21.2342
5	46	-21.2342
0	46	21.221
1	45	21.221
16	18	21.1102
15	19	21.1102
12	28	21.0674
13	27	21.0674
27	49	21.0077
28	48	21.0077
15	43	20.6087
16	42	20.6087
27	45	20.5729
31	51	-20.5566
30	52	-20.5566
1	3	20.4999
0	4	20.4999
6	18	20.3937
0	54	20.3907
18	24	20.3777
6	51	20.2539
12	46	20.1745
13	45	20.1745
6	40	20.0836
7	39	20.0836
4	27	19.9393
3	28	19.9393
14	24	19.8834
13	25	19.8834
12	26	19.8834
42	51	19.8538
3	39	19.7224
13	33	19.7126
12	34	19.7126
27	36	19.6706
30	43	19.5914
31	42	19.5914
0	48	19.4966
18	36	19.456
12	42	19.397
39	48	19.3626
16	48	19.0797
15	49	19.0797
18	39	19.0007
21	52	18.9274
22	51	18.9274
12	39	18.8677
18	29	18.8195
20	27	18.8195
19	28	18.8195
26	47	-18.7505
31	55	18.6816
30	56	18.6816
32	54	18.6816
1	51	18.6517
0	52	18.6517
15	51	18.5859
18	21	18.5105
30	48	18.4834
53	56	-18.3754
14	15	18.2653
13	16	18.2653
12	17	18.2653
6	30	18.2337
6	12	18.1776
0	37	18.1574
1	36	18.1574
3	33	18.0726
22	30	18.0675
21	31	18.0675
36	54	17.9955
42	45	17.8934
15	45	17.8461
6	54	17.7285
6	45	17.7218
1	32	17.6646
2	31	17.6646
3	42	17.6501
48	54	17.5468
21	39	17.4648
31	39	17.459
30	40	17.459
24	33	17.1814
47	56	17.1076
18	42	17.0486
9	21	17.0281
2	14	-16.9167
7	33	16.8464
6	34	16.8464
12	31	16.8417
13	30	16.8417
48	51	16.7269
3	55	16.5788
4	54	16.5788
15	36	16.5645
9	26	-16.5274
10	25	-16.5274
11	24	-16.5274
3	16	16.4933
4	15	16.4933
21	34	16.3916
22	33	16.3916
5	52	16.2689
4	53	16.2689
13	48	16.2565
12	49	16.2565
9	32	16.0841
11	30	16.0841
10	31	16.0841
10	54	15.9922
9	55	15.9922
39	54	15.9921
12	51	15.6989
21	42	15.6936
30	45	-15.6746
24	44	15.5384
26	42	15.5384
25	43	15.5384
3	6	15.4853
0	21	15.4207
28	56	-15.124
29	55	-15.124
25	32	14.7734
26	31	14.7734
6	24	14.6093
31	33	14.5586
30	34	14.5586
0	24	14.5245
21	46	14.4554
22	45	14.4554
27	41	14.4513
28	40	14.4513
29	39	14.4513
18	51	14.4156
36	39	14.2581
45	48	14.1133
9	15	14.0987
9	33	-14.0364
21	27	13.996
33	42	13.9525
8	15	13.9497
6	17	13.9497
7	16	13.9497
15	21	13.8119
0	29	13.7856
1	28	13.7856
2	27	13.7856
24	48	13.7807
16	30	-13.7797
15	31	-13.7797
12	36	13.6772
18	45	13.6727
36	51	13.4763
16	54	13.4129
15	55	13.4129
12	21	13.3565
24	53	-13.1769
25	52	-13.1769
26	51	-13.1769
18	33	13.1633
12	56	13.1422
13	55	13.1422
14	54	13.1422
9	18	13.1243
24	28	-13.0484
25	27	-13.0484
28	34	13.007
29	33	13.007
27	35	13.007
0	15	13.0047
9	36	12.827
5	9	-12.7849
3	11	-12.7849
4	10	-12.7849
2	8	12.5245
17	26	-12.4178
31	38	-12.3782
32	37	-12.3782
35	51	-12.3333
33	53	-12.3333
34	52	-12.3333
24	39	12.2768
42	54	12.1919
39	42	12.1154
3	25	12.1088
4	24	12.1088
9	39	12.1062
39	45	12.0757
9	48	12.02
39	51	11.9624
24	36	11.9332
33	39	11.9183
1	44	11.9026
2	43	11.9026
3	18	11.8769
27	42	11.8342
18	30	11.7994
21	24	11.5635
13	18	11.4774
12	19	11.4774
28	32	11.344
29	31	11.344
36	45	11.2884
9	12	11.2814
33	54	11.2557
1	9	11.246
0	10	11.246
0	34	11.2304
1	33	11.2304
15	35	11.0267
17	33	11.0267
16	34	11.0267
15	39	11.004
33	47	-10.7346
34	46	-10.7346
35	45	-10.7346
5	45	-10.6171
4	46	-10.6171
3	47	-10.6171
0	45	10.6105
15	18	10.5551
12	27	10.5337
27	48	10.5038
15	42	10.3043
30	51	-10.2783
0	3	10.2499
12	45	10.0872
6	39	10.0418
3	27	9.96966
13	24	9.94172
12	25	9.94172
12	33	9.85628
30	42	9.79572
15	48	9.53986
21	51	9.46372
19	27	9.40973
18	28	9.40973
26	46	-9.37525
25	47	-9.37525
31	54	9.3408
30	55	9.3408
0	51	9.32587
53	55	-9.18768
52	56	-9.18768
12	16	9.13267
13	15	9.13267
0	36	9.0787
21	30	9.03375
2	30	8.83229
1	31	8.83229
0	32	8.83229
30	39	8.7295
47	55	8.5538
46	56	8.5538
1	14	-8.45834
2	13	-8.45834
6	33	8.42322
12	30	8.42087
3	54	8.28939
10	24	-8.26369
9	25	-8.26369
3	15	8.24667
21	33	8.19579
3	53	8.13446
4	52	8.13446
5	51	8.13446
12	48	8.12827
9	31	8.04203
10	30	8.04203
9	54	7.99608
24	43	7.76919
25	42	7.76919
29	54	-7.56199
27	56	-7.56199
28	55	-7.56199
26	30	7.38672
24	32	7.38672
25	31	7.38672
30	33	7.27931
21	45	7.22768
27	40	7.22563
28	39	7.22563
6	16	6.97483
7	15	6.97483
1	27	6.89279
0	28	6.89279
15	30	-6.88985
15	54	6.70645
25	51	-6.58846
24	52	-6.58846
13	54	6.57111
12	55	6.57111
24	27	-6.52418
28	33	6.50348
27	34	6.50348
3	10	-6.39243
4	9	-6.39243
1	8	6.26226
2	7	6.26226
17	25	-6.20891
16	26	-6.20891
31	37	-6.18909
32	36	-6.18909
30	38	-6.18909
33	52	-6.16665
34	51	-6.16665
3	24	6.05438
1	43	5.95128
0	44	5.95128
2	42	5.95128
12	18	5.73869
29	30	5.67201
27	32	5.67201
28	31	5.67201
0	9	5.623
0	33	5.61522
16	33	5.51334
15	34	5.51334
34	45	-5.36731
33	46	-5.36731
4	45	-5.30856
3	46	-5.30856
12	24	4.97086
18	27	4.70486
26	45	-4.68763
24	47	-4.68763
25	46	-4.68763
30	54	4.6704
51	56	-4.59384
52	55	-4.59384
53	54	-4.59384
12	15	4.56634
0	31	4.41614
1	30	4.41614
46	55	4.2769
45	56	4.2769
47	54	4.2769
0	14	-4.22917
1	13	-4.22917
2	12	-4.22917
9	24	-4.13185
4	51	4.06723
3	52	4.06723
9	30	4.02102
24	42	3.88459
28	54	-3.781
27	55	-3.781
24	31	3.69336
25	30	3.69336
27	39	3.61282
6	15	3.48742
0	27	3.44639
24	51	-3.29423
12	54	3.28556
27	33	3.25174
3	9	-3.19622
2	6	3.13113
0	8	3.13113
1	7	3.13113
16	25	-3.10445
15	26	-3.10445
17	24	-3.10445
30	37	-3.09454
31	36	-3.09454
33	51	-3.08333
1	42	2.97564
0	43	2.97564
28	30	2.83601
27	31	2.83601
15	33	2.75667
33	45	-2.68365
3	45	-2.65428
24	46	-2.34381
25	45	-2.34381
52	54	-2.29692
51	55	-2.29692
0	30	2.20807
46	54	2.13845
45	55	2.13845
1	12	-2.11458
0	13	-2.11458
3	51	2.03362
27	54	-1.8905
24	30	1.84668
0	7	1.56557
1	6	1.56557
15	25	-1.55223
16	24	-1.55223
30	36	-1.54727
0	42	1.48782
27	30	1.418
24	45	-1.17191
51	54	-1.14846
45	54	1.06923
0	12	-1.05729
0	6	0.782783
15	24	-0.776113
